# residue i_ratio gamma_2
1.000000000000000000e+00 nan nan
2.000000000000000000e+00 7.134946555480445873e-01 3.529475438437849721e+00
3.000000000000000000e+00 8.057807772030654014e-01 2.146744700919491322e+00
4.000000000000000000e+00 6.704955456438762562e-01 4.288291149316820317e+00
5.000000000000000000e+00 nan nan
6.000000000000000000e+00 7.466950066376624173e-01 2.996942485109443943e+00
7.000000000000000000e+00 7.176928358295057153e-01 3.459719740097483509e+00
8.000000000000000000e+00 7.808083268399719223e-01 2.492024797188437280e+00
9.000000000000000000e+00 7.435948988225880019e-01 3.044873729893609937e+00
1.000000000000000000e+01 5.134198576943272974e-01 7.982840848039520765e+00
1.100000000000000000e+01 5.053278597689885299e-01 8.226366601511097443e+00
1.200000000000000000e+01 6.135943310742406620e-01 5.435250080024291108e+00
1.300000000000000000e+01 nan nan
1.400000000000000000e+01 6.929930995980629893e-01 3.880869962167852183e+00
1.500000000000000000e+01 5.846528811886386734e-01 6.093106343997297891e+00
1.600000000000000000e+01 nan nan
1.700000000000000000e+01 2.597064757010008607e-01 2.116126146497668259e+01
1.800000000000000000e+01 3.416869320284912637e-01 1.515175966558751242e+01
1.900000000000000000e+01 3.537795197446078621e-01 1.446053747619901308e+01
2.000000000000000000e+01 2.354255168186521752e-01 2.356027398183547561e+01
2.100000000000000000e+01 1.845721474655698802e-01 3.009781350337323858e+01
2.200000000000000000e+01 1.521044850565505535e-01 3.590967677541510739e+01
2.300000000000000000e+01 nan nan
2.400000000000000000e+01 nan nan
2.500000000000000000e+01 3.754772971916903873e-02 9.401715848433278211e+01
2.600000000000000000e+01 1.517951398502011273e-01 3.597376394871050564e+01
2.700000000000000000e+01 1.757940951285976439e-01 3.150978333640981432e+01
2.800000000000000000e+01 1.292247652823427795e-01 4.123548191210264946e+01
2.900000000000000000e+01 2.038783322707479473e-01 2.732238053735444083e+01
3.000000000000000000e+01 1.418969358777549816e-01 3.813109492320350569e+01
3.100000000000000000e+01 1.978441636914917978e-01 2.814544223177507831e+01
3.200000000000000000e+01 2.515091575486217423e-01 2.193036217939739174e+01
3.300000000000000000e+01 3.146870623071182371e-01 1.684991234847191777e+01
3.400000000000000000e+01 3.830297207732552001e-01 1.293898632501069734e+01
3.500000000000000000e+01 3.227085472177287362e-01 1.632128519253810239e+01
3.600000000000000000e+01 4.584409096531952832e-01 9.780621579031475221e+00
3.700000000000000000e+01 5.172605592823636966e-01 7.869549913605966118e+00
3.800000000000000000e+01 4.910969918798205880e-01 8.671270714503300781e+00
3.900000000000000000e+01 5.319952466628310450e-01 7.448011715683307443e+00
4.000000000000000000e+01 5.160487745647642788e-01 7.905137936923734010e+00
4.100000000000000000e+01 5.751827061739881453e-01 6.320859825411052846e+00
4.200000000000000000e+01 5.888240941464206735e-01 5.994816756937850322e+00
4.300000000000000000e+01 4.416948242044964057e-01 1.040315628084880828e+01
4.400000000000000000e+01 nan nan
4.500000000000000000e+01 4.603032063121144657e-01 9.713768009697092864e+00
4.600000000000000000e+01 5.397445476742036563e-01 7.234297355222532921e+00
4.700000000000000000e+01 6.160822611586989073e-01 5.381225222837995759e+00
4.800000000000000000e+01 5.804873885399435274e-01 6.192487794465609596e+00
4.900000000000000000e+01 7.095600945322088071e-01 3.595515840033522981e+00
5.000000000000000000e+01 nan nan
5.100000000000000000e+01 8.634186874399545353e-01 1.418713145761223426e+00
5.200000000000000000e+01 nan nan
5.300000000000000000e+01 nan nan
5.400000000000000000e+01 8.401795894081328653e-01 1.701423185795060355e+00
5.500000000000000000e+01 8.168305229548474822e-01 2.000022361699622220e+00
5.600000000000000000e+01 8.513380456937024165e-01 1.563940551143618629e+00
5.700000000000000000e+01 7.684623232971835582e-01 2.670133168370479648e+00
5.800000000000000000e+01 6.070281811635933611e-01 5.579691511007945692e+00
5.900000000000000000e+01 7.436887458887989633e-01 3.043417518391790644e+00
6.000000000000000000e+01 9.070028738620252717e-01 9.239266284789544592e-01
6.100000000000000000e+01 9.074660868745807463e-01 9.188994460607882164e-01
6.200000000000000000e+01 8.551623848386227245e-01 1.517565887042740647e+00
6.300000000000000000e+01 7.180917633086986163e-01 3.453128983949013353e+00
6.400000000000000000e+01 6.447081860731934677e-01 4.786023123517850308e+00
6.500000000000000000e+01 6.950764949061043474e-01 3.844322768300309168e+00
6.600000000000000000e+01 6.907175893377720532e-01 3.921010250523337515e+00
6.700000000000000000e+01 nan nan
6.800000000000000000e+01 5.424869458256521559e-01 7.159930513331495661e+00
6.900000000000000000e+01 6.490827565425640877e-01 4.699136934511905395e+00
7.000000000000000000e+01 6.192527290845791788e-01 5.312930358447595758e+00
7.100000000000000000e+01 6.632048890771892191e-01 4.425549449272284441e+00
7.200000000000000000e+01 nan nan
7.300000000000000000e+01 5.247642460751319460e-01 7.652332690737499554e+00
7.400000000000000000e+01 nan nan
7.500000000000000000e+01 3.462147774095086783e-01 1.488830462375032049e+01
7.600000000000000000e+01 3.577632206182323471e-01 1.424126505866382253e+01
7.700000000000000000e+01 3.743324852527791791e-01 1.337081120696626435e+01
7.800000000000000000e+01 7.281484754528338987e-01 3.289102867283081100e+00
7.900000000000000000e+01 nan nan
8.000000000000000000e+01 9.239075024262826119e-01 7.434271478292177049e-01
8.100000000000000000e+01 9.459751894831374130e-01 5.166292030120236412e-01
8.200000000000000000e+01 9.607812722643117587e-01 3.697798707388149642e-01
8.300000000000000000e+01 9.591437884390332513e-01 3.858177256975982572e-01
8.400000000000000000e+01 9.314791982473420440e-01 6.645100718174131726e-01
8.500000000000000000e+01 nan nan
8.600000000000000000e+01 8.411306497421524586e-01 1.689577141780422398e+00
8.700000000000000000e+01 8.564832882145035908e-01 1.501635174767989689e+00
8.800000000000000000e+01 8.060255761563323018e-01 2.143455067700011263e+00
8.900000000000000000e+01 8.106577367023294345e-01 2.081543938464479382e+00
9.000000000000000000e+01 9.305432242821434219e-01 6.742022122079744939e-01
9.100000000000000000e+01 9.505259616481581686e-01 4.710508564682133192e-01
9.200000000000000000e+01 9.399414710962471498e-01 5.776784954948520623e-01
9.300000000000000000e+01 9.683343084801832035e-01 2.964435464498834105e-01
9.400000000000000000e+01 9.657624617936548805e-01 3.212976204205588160e-01
9.500000000000000000e+01 9.547706524920179794e-01 4.288944880107855018e-01
9.600000000000000000e+01 nan nan
9.700000000000000000e+01 9.117367522106871736e-01 8.727687642247200506e-01
9.800000000000000000e+01 7.938898407429803017e-01 2.308725542181151003e+00
9.900000000000000000e+01 7.913315715590959476e-01 2.344145002463381644e+00
1.000000000000000000e+02 7.477140839703978470e-01 2.981263777504493895e+00
