0.000000000000000000e+00
4.052684132794342808e+00
3.378502684375633436e+01
4.633356894365234524e+01
8.690884629475171153e+00
1.697788041073926024e+01
9.658324866177098400e+00
1.023719934207812798e+02
1.143007362463349494e+02
7.838249546381764077e+00
4.264618060476651351e+01
3.319356868707981789e+01
1.223689726847806414e-01
7.471224378022136570e+00
7.238886141003818331e+00
1.880419099311374609e+01
2.216124570343170319e+01
1.179855811468647531e+01
1.694311838263606163e+01
2.063893005609811837e+01
1.651643318483935730e+01
2.516076263337293284e+01
4.360065016383752123e+01
1.842492565341041555e+01
1.088488405607682274e+01
2.131117905165738335e+01
8.350894109958578326e+01
9.502315459712205481e+00
1.897300798404852884e+01
5.165303819814000263e+01
1.770543139424931667e+01
1.217778436402919340e+02
6.214927179067061758e+01
7.672790043173989716e+01
1.355128320076776731e+02
9.074101710214647198e+01
1.294360191851671971e+02
2.439147871292422565e+01
3.770869130951248849e+01
6.589720349249596154e+01
6.154638314564761714e+01
9.289712682341507843e+01
8.418742101740759836e+02
3.443523649901426117e-30
0.000000000000000000e+00
2.648096934860161819e-167
2.705414685392905749e+00
6.904156789235215683e+02
2.188786230157127477e+01
4.251395054331351275e+01
1.349490656876848220e+02
7.460121723330098391e-11
0.000000000000000000e+00
1.085442085234081105e+03
4.234278345751288292e-72
4.326700408771228093e-13
0.000000000000000000e+00
0.000000000000000000e+00
5.540120983444834337e+02
0.000000000000000000e+00
0.000000000000000000e+00
5.234536852742541695e-56
5.083376056252857467e+01
9.836126073377191185e-10
6.785961416347303654e+00
1.560941080251440383e+01
9.194528082881626574e+01
2.287343384167095905e+01
1.120940939201442887e+01
1.106176585808195556e+00
3.247823066158772655e-24
1.518468279815251010e-01
1.065809563341813870e+01
6.078906357715437719e-02
7.218062531552888572e+00
4.890928423930465563e+00
1.267193198645646035e+01
7.464115658630662509e+00
2.912920685702479418e+01
8.507679812597665148e+00
9.223054387239214336e+00
1.218545005914628554e+01
1.028774467871370213e+01
1.756282800765319507e+01
1.168610729388479896e+01
3.661257997233213768e-01
2.418842153059581079e+01
4.059078136480245291e+01
1.989711241976297629e+01
1.892368468696773720e-01
4.274154348125873781e+01
6.463332160256483938e+00
3.309318568014927298e-01
6.872277062188616981e+01
1.891184656054888835e+00
2.969931547585609621e+01
5.799567652855000865e+00
8.492739703925872519e+00
4.639865760398204309e+00
4.451580523835345105e+01
1.808323322407103251e-01
3.452567765508464115e-01
2.754227743864084843e+01
2.638070722588975059e+01
2.730250779412119044e+01
2.884829601859546244e+01
4.645878253084360227e-02
4.319096074128385254e+00
1.852681557954628033e+01
1.835937690339344996e+01
2.908340882817417992e+02
1.150479306143368952e+01
0.000000000000000000e+00
1.698081980697050142e+02
4.926262560289196557e+01
2.649637685458527070e+00
1.170997684623876189e+01
1.968808615361703218e+01
3.356604655037341622e+00
8.406682838645701850e+01
5.273124081492078119e+01
1.099331362099365705e+01
2.336993712517890565e+00
1.415412832063182158e+01
3.048913786024298300e+00
8.901292211912868879e+01
5.404396837588690161e+00
1.632091982477303915e+00
1.085449020192576164e+01
1.250114849618231005e+02
2.208339863950810411e+01
2.760509833936535173e+01
4.802749204089532854e-03
1.136734167124391881e+01
6.200412726935405772e+01
2.170949400798474116e+01
5.750592157537011140e+00
2.318714117901746086e+00
9.302995743758655678e+00
2.032173025489952600e+00
5.174757212086457114e-01
9.158934841669665039e-03
4.527861468249460231e+00
7.392349694791511183e+01
2.555909695101701296e-01
8.792532260980305381e+00
1.934040376329080463e-02
4.571564039916867739e-22
3.511405910050415002e+01
5.371411167305841339e+00
1.262507073995900564e+00
5.556531478164795601e+01
1.434677379370645269e+02
5.073005574388424321e+01
7.935861303788293242e+01
2.002354830761816640e+00
1.252500117782910252e+02
4.852188936776723693e+00
4.543070899590148315e+00
1.518118371686936641e+01
2.257804717002389694e+01
2.657401622327210777e+00
1.209312109487373377e+01
1.810375495057414952e+01
3.275477855980308828e+00
9.614809107723829129e+00
1.061029310337052722e-01
4.540830645629399115e-02
7.259447389952239149e+00
1.860333571480304826e+01
4.428787307247776268e-05
2.373848628281080764e+01
2.377358462856819443e+01
1.558360833819216510e-09
1.141509136456866713e+01
2.004902904744853842e+01
4.232621051114157495e+01
5.277351967894180262e+01
3.193233198859050503e+01
1.274871752804952152e+01
9.262003355013773032e+00
2.870455218967705946e+01
1.723825485694152349e+01
1.295493875514273263e+01
6.184529110044640454e+00
2.853858093061699819e+01
3.658143354609796205e+01
4.477154890525824271e+00
4.686304503970401925e+01
8.027521324624295573e+00
3.662340432167433590e+01
1.633368857678335218e+01
5.510405096241693945e-02
2.082491188521294232e-04
6.878271347816411030e+00
9.084659711608475109e-06
7.861687588003806404e+00
4.014555943156024043e+00
4.249651603442082859e+01
1.171079258518068933e+01
2.418603564025108810e+01
1.153728640006939941e+02
3.398859239383542530e+01
8.243134992810322359e+00
3.838162152978893656e-05
1.844994084748257634e+01
4.504987281170003399e+01
6.066151264099225671e+00
2.175387260865262462e+01
8.106696557681111415e+00
4.977255234826203889e+01
2.830762488339186866e+00
4.579073532416472858e+01
4.747514091700862338e+01
2.249509932804115930e+00
4.254528770285946848e+01
1.923802711837670632e-04
2.128393974360502838e+01
5.566919974290378548e-01
9.120670088556346755e+00
1.005166454539609191e+02
4.451928436794721500e-01
6.457393658629877109e+01
5.225648373452143858e+01
1.840874551173735796e+01
2.647814776392177993e+00
1.432765247478526849e+00
9.883340271113358000e+00
3.736328646525912234e+01
1.022010397236669554e+01
1.374470722226381802e+01
2.934224462566800540e+01
9.855375842354357374e+00
1.772356090247873084e+01
3.898300424642451389e+01
3.427770525534059232e+01
3.092232933863415667e+01
2.093874623229297072e+01
1.130820191428575683e+01
3.591241189980604823e-03
6.834675648345151129e-03
3.001939307134109569e+01
7.982850093042959116e+00
3.357904980692870112e+01
6.109166624436499404e+01
9.252183989072743771e+02
2.518526370783467527e+01
9.144895377813860193e+00
2.886282664742839188e+01
5.220035207100675478e+00
3.365150916597297481e+01
1.411078587692056274e+01
1.063614545762161967e+01
9.890323735938945049e+01
1.226760524293356092e+01
2.903468329517725124e+02
1.054985482353572763e+02
2.984668163083617998e+01
1.178451564810127117e+01
6.268729000202667434e-01
1.809042128970542365e+02
7.639707787658890581e+00
1.082028466447369226e+02
1.492577059489530278e+01
1.458638212198970274e+00
9.590426383168274072e+01
3.177108810453883692e+01
3.147904480688875850e+01
3.999449862493445380e+02
1.691376732222007035e+02
8.907033292517532193e-163
0.000000000000000000e+00
2.388660386433922422e+00
1.946264972556506478e+01
3.380109674890069016e+01
4.537588238678367247e+01
1.406845588464014363e-01
2.168039179509898702e+02
3.610738805475962662e-27
1.098818587818226661e+03
5.865996511080867615e-01
4.070059571161552867e+02
2.266690588386982199e+03
3.461091696604493784e+00
6.475193707819670408e+00
7.659089592248064037e+03
1.568068961617130128e+02
1.191728137269002730e+01
1.629287288593491212e+03
2.810383505698497153e+00
4.455896820920840895e+01
4.175636773403086295e+02
2.297338629443109070e+01
1.167241848204242842e+02
9.152571891999613518e-01
2.340126354221126271e-04
2.643470761253511228e+02
6.013667350253527957e+02
5.082229481168984986e-01
9.580511977983385918e+01
2.314435128463760975e+03
4.983723596602517692e-07
1.356048295988616381e+01
8.130132062790616250e-06
4.298757789556249520e+01
9.124902322865199139e-66
1.847742163572439755e-03
7.672469375512551437e+01
3.922656115043747604e+01
2.122506717948423827e+00
0.000000000000000000e+00
0.000000000000000000e+00
4.333494259534825933e-09
3.857293054872955596e-01
6.722623377908793429e+01
3.512089697045779758e+04
1.700460778751343785e-03
3.788098671179906951e+00
9.531338131987250506e+01
6.868372107283613559e+02
3.826233032187634109e+00
5.455461302742111229e+01
8.339012735008807908e+00
3.311397493015053256e-04
7.249263419645967588e+02
7.998476611600260355e+01
1.749463977263810648e+02
1.132794557880710684e+01
1.712500618156098398e+01
2.739252247219821634e-01
2.697798316024547019e-02
5.212884404641262570e-01
9.671022251868382227e+03
3.396994878324495204e+01
1.080663178262727797e+02
1.884706926846241970e+02
4.770875685056355309e+01
7.689990438354207258e-01
7.465594277053607186e+01
2.530204254916158106e+02
1.681932434929091323e+04
1.937770458224348715e+02
2.609119647464761726e+01
1.152352478110340028e-01
1.928600042753138899e+00
1.261649884334666893e+01
2.685458366031811295e+01
1.212439482682349912e+00
8.499067672642770077e+00
2.947506915649558161e-05
7.268508254488693920e-02
1.485819797964514777e+01
2.232147354272001394e+01
1.382071165272964564e+01
2.456213818280632566e+01
1.034852958385698685e+01
1.902175121624985010e+01
2.243510832129093302e+01
1.745250184464579490e+01
1.546261419223477951e+01
1.372492475776273295e+02
1.151315798426079517e+01
2.759733767940569464e+02
7.038799813926125066e-21
1.889408483318268566e+02
2.266044911100411241e+01
4.519188376060620982e+01
2.030599699198792791e+02
1.243209396834967748e+02
2.077288389394283996e+01
1.298958016580742303e+01
1.723857605080268485e+01
7.028711682380577486e+01
7.118815107620355320e+01
4.685218043393747394e+02
4.541714397982715923e+01
1.474707952549083823e+00
4.154235484984996418e+01
1.142409961930361249e+02
2.353454667572352221e+01
2.501400791040239113e+01
3.626491560058789787e+01
5.594025864865592013e+01
1.297039114815342373e+03
2.580190423746368200e+00
1.472544895564718681e+00
7.036149757450259612e-01
2.302005104484899700e+00
3.199539056456496056e+00
3.446544812667921178e+02
2.204986085116622263e+01
5.610379500481069044e+03
1.988825151245213192e+02
5.861276428368376479e+00
1.296888951009580353e+02
2.367389905033746800e+01
5.412298333235513681e+00
2.376971483813174757e+01
6.220813923201843565e+00
3.575206956491008015e+01
1.378893662008971077e+01
4.672270200157923910e+02
1.411261457412470044e+01
2.767563270557442223e+01
4.601493299970620399e+00
8.554891620662061769e+02
6.076109617721591150e+01
2.865155954979686044e+02
1.210179745262990991e+01
2.599404890719283756e+01
2.328007070889923469e+01
2.127782800238092076e+00
7.738232048327736265e+02
1.364808431458734717e+01
1.902328674295676592e-01
2.025347662639243648e-03
1.223579773808784799e+00
4.434363872494637704e+00
3.249643361027186855e-03
2.192812532955589866e+00
4.783538354645472593e-07
1.707585628921071077e+02
4.790884837459875030e+02
1.295475117895032895e+02
9.966128436504776289e+01
2.057943875237711495e+01
1.206107108048695409e+03
2.373987321060370959e+03
1.267202663170265566e+02
6.085564976342600858e+03
9.428282597306699699e+02
1.019965087007393462e-32
1.577082360510346177e+02
3.467593887131705088e+01
1.292355536345428380e-02
1.354523868002996956e+01
9.444180981182022094e-01
3.074341291894705250e+02
2.965020735784095791e+02
1.772378166492381979e+02
1.249145922615473978e+02
1.128932651831002829e+02
6.425157799637173817e+00
3.637974428705454955e+01
7.707102113490464035e+01
5.842622819453498551e+01
3.685384082327878730e+00
0.000000000000000000e+00
6.722432721594832364e-15
1.946037909057101274e+02
0.000000000000000000e+00
0.000000000000000000e+00
5.882335380247354380e-06
0.000000000000000000e+00
6.700577898527713483e-04
1.567222515151811914e-97
6.593936399512148301e-04
2.811815288496635863e-09
3.462206363965248945e-01
9.155572757497910594e-03
2.538513639226260100e-14
5.654760588104088548e-01
1.986593960323464539e-02
6.630143925649747416e-01
5.749059572120576549e-03
4.794770366552590368e-01
3.414452632755425321e-01
1.800770139270698733e-01
4.869721544226482735e+01
1.010775871928748688e-02
1.134420074679255317e-03
2.098920416845867932e-03
5.463568588154082372e-14
1.486315648503084970e-130
1.614234715686074621e-03
3.715431186050585644e-02
7.314875811645329322e-05
2.904347087518371569e-07
2.185897259551163561e-03
0.000000000000000000e+00
2.983747040755705937e-07
1.354646503359782010e-04
2.245236345283752984e-10
5.367136329114770890e-05
3.982725003485336277e-34
4.194017152977707608e-01
5.508799712020324080e+01
1.145261806624431999e+00
2.594442689683157965e+01
8.109642340914771808e+01
4.223872224381996610e+00
2.340710911447460574e-02
3.912203969077311834e-03
1.816390808310463789e-01
2.568406171773833014e-11
9.774420785358549324e+01
4.888393423064928134e-02
3.124346133089583692e-03
7.432014421866646459e-04
1.192095568307475206e-01
3.371095993354621817e-03
2.787905698462758708e-02
7.860706947057362294e-04
6.710800063508706170e-01
1.437874120001541613e-02
6.178292538027231329e-01
2.968308750438364750e-06
1.036960991724388513e-02
3.107760117331597918e-06
1.310805569016701755e+00
9.102781744511008466e-02
3.092994664064902845e-03
6.421750728218652560e-01
3.626183395658704855e-03
6.734477494929794084e+00
8.964034740928305212e+01
1.909332977451502766e-02
5.320628775670588513e-03
1.541704592349028236e+00
2.009744464337366310e-01
1.107091723127099150e-03
1.030274280962080402e+00
1.237893419140660534e+00
8.377600595549418161e-01
1.165951345171731546e-01
1.228083290262505824e-02
4.483588840668341347e-02
2.310028935797502070e-01
1.625981830826891229e-05
5.245034021649078371e-05
7.422223258593722102e-04
4.643456391935475713e-02
3.952453383883724332e-09
4.009327630049369651e-02
1.840856702961202141e-03
1.643435975904711591e-02
2.054280977512139006e-01
2.287432442933335839e-04
4.116907511759105334e-05
3.175962447154800472e+00
1.602484093644664931e-01
2.653951404597029717e-01
3.789256291130499221e+00
2.158309143328090984e-01
5.988006018997742430e-01
2.881143663277100586e+00
8.235277325815862914e-01
1.627589364514711034e-01
7.295362696944254766e-02
3.575390591267091182e-03
3.704005045206193003e+00
3.556838363093681732e-01
1.739008780049995551e+01
5.726616156837250671e+00
4.862174794542359901e-01
3.749539409422155134e-01
6.581554091443245972e-05
0.000000000000000000e+00
1.387729560457523770e-22
2.852952711550261302e-19
1.743282017204985561e-04
7.122941519853617695e-08
4.352988737792850567e-07
5.497293778410349660e+03
1.230077503143264295e+02
2.172323246457848001e+01
3.201689764715908382e+01
3.337528725044120392e+01
8.839021475472475231e+02
1.353247108303125001e+00
1.258651766627103541e-01
8.454427629738166583e-150
2.384626434262477233e+02
8.963232543789523277e+01
3.292641562444281931e+02
4.932186034766119422e-19
0.000000000000000000e+00
0.000000000000000000e+00
0.000000000000000000e+00
2.281558274106914586e-01
0.000000000000000000e+00
8.055234925649423872e+01
1.571332527802164160e-59
1.773694249416326481e-282
2.851343127653097404e-09
9.252426192386630719e-237
1.194459916470488585e-70
0.000000000000000000e+00
3.165329761573989144e-12
0.000000000000000000e+00
0.000000000000000000e+00
0.000000000000000000e+00
1.215785059898533007e-07
2.275550521206134029e-10
1.031418710354681911e+00
1.859501943246530210e-202
7.470360056027580242e+01
3.293387828579321910e-15
3.902149293306875322e+00
3.921687113457545763e-105
3.389504350007259772e-33
0.000000000000000000e+00
9.522371593448671900e-01
9.751119066500093424e-194
0.000000000000000000e+00
1.977686204892221769e-15
1.583778093682031171e-314
7.341642590666668635e-240
0.000000000000000000e+00
1.218865766732468747e-41
1.467878457728426320e-25
2.645920145487731803e-06
2.002731997383349949e+01
6.548388253005860804e+01
2.394943097217273831e+01
0.000000000000000000e+00
7.011426228961729734e+00
3.266986718539384071e+01
8.768355346356898394e+01
1.699823173868435333e+02
1.969670382791589347e+01
3.243665652909677988e+01
5.660855117534255498e+01
1.587646454793238604e+01
1.193268584665867316e+01
5.980502762406942452e+00
9.914863359461281789e+01
8.754600701753582825e+01
7.134727078196031869e+01
1.483999154205634454e+02
2.010882164605051514e+01
1.913690294243497435e-55
6.744975515659949572e+00
1.175786104524719988e+01
6.498449984617681530e+00
7.311646200005188945e+00
4.600414371275566339e+01
0.000000000000000000e+00
2.727857074152148957e-291
0.000000000000000000e+00
0.000000000000000000e+00
1.702315778884694097e+01
1.062734446669975986e-54
3.720234044800971970e-77
3.544755890867256731e+00
2.120557758102405987e-01
0.000000000000000000e+00
4.614483406527151932e-47
6.823090865458462245e-03
0.000000000000000000e+00
0.000000000000000000e+00
0.000000000000000000e+00
0.000000000000000000e+00
0.000000000000000000e+00
0.000000000000000000e+00
0.000000000000000000e+00
0.000000000000000000e+00
0.000000000000000000e+00
0.000000000000000000e+00
0.000000000000000000e+00
0.000000000000000000e+00
0.000000000000000000e+00
0.000000000000000000e+00
0.000000000000000000e+00
0.000000000000000000e+00
0.000000000000000000e+00
0.000000000000000000e+00
0.000000000000000000e+00
1.966033251183815452e-235
0.000000000000000000e+00
0.000000000000000000e+00
0.000000000000000000e+00
0.000000000000000000e+00
2.341762443733487345e-04
7.251107981205490425e-45
3.587336783038498345e-01
5.374440398003427433e+00
1.891481256103097364e+00
2.929981220568603817e+02
1.658649190374208615e+02
4.657656599736893099e+02
2.572894175685384198e+03
4.113632291785193047e+02
5.718156718877100957e+02
1.102235994244343055e+04
1.758396007662249350e+00
2.393514423849974548e+01
7.555770622794854035e+02
3.606207406489639483e-49
1.277773864390607343e+02
7.476460996313433043e+02
5.039205618382837315e+02
1.241676980632053301e+03
1.393898284647169385e+04
4.548175091248359242e-04
4.112994529016644209e-04
0.000000000000000000e+00
1.372496654664900962e+04
2.679632091728883825e+04
2.809132734967354554e+04
4.995793634977900183e+03
9.790298255589830660e+03
4.788157234813643868e+02
2.694325492786172163e+03
3.044211659273466708e+00
1.153715985872141118e+03
4.383466196545879029e+03
6.324568134370474891e-10
4.477222103766628436e+01
1.604582408855558015e+03
2.864068702253111951e+03
5.916099048209392777e+02
2.309356112937394147e-27
0.000000000000000000e+00
9.590634878975494075e+02
7.430692004773646477e+04
1.135649238506121947e+03
6.534801116085256822e+00
4.795408287972662151e+02
9.504584814725341857e+03
4.607416189796314575e+04
9.577735070816646612e+02
2.886956910532776604e-44
8.872864671765335515e+03
1.382280479183024204e-27
3.522747028773527290e+03
7.561753247062642185e+04
6.766826764881151576e+03
6.235549427723119879e+04
3.792428504141623307e+03
6.250704991531919177e+02
1.382152873530337729e+03
2.929464510703806468e+02
1.973270107935611577e+03
3.908442206509109837e+03
1.682364461432547476e+00
1.276290083754448119e+02
0.000000000000000000e+00
7.788411372765114038e+02
1.454849371631571254e-13
3.404497510212965608e+03
6.682367247467245974e+00
1.465423399784192687e-34
2.681174559552690653e+02
1.484694580768705237e+03
1.621236229135269582e+02
1.143250338831600533e-03
2.124331081512853117e-21
5.806105776063374833e+03
9.330674504744558817e+02
2.125413308501055383e+02
1.922484864649538395e+03
1.345416856532861800e+02
6.621713013017306408e-03
1.838786219865302701e+04
4.831658991565005272e+04
2.808381111545857857e+05
8.910234024600005576e-03
5.564726674678685413e+03
1.065633284794497740e+04
2.125721033484189348e+01
2.916620617969432810e-08
1.765626928352252775e-06
2.051521364502833157e-103
9.001502348072913264e+02
1.284121597987545882e-01
8.410998039768553554e+02
3.563232918760697743e+01
4.104016758923352626e+01
3.303072744994438674e-08
0.000000000000000000e+00
4.075610741321305852e+00
1.909887631818582843e-01
3.086066386694930586e+01
5.882293114843062523e-05
5.031301595102275037e+00
1.884320171454255544e+01
8.684030260904723519e+00
6.736573711023541300e+00
9.401423457155637209e+01
6.392840028406478192e-02
7.241433794720291806e-11
5.170594671505828592e+04
9.792579990870777351e+01
3.570189368529708140e+00
6.527634539959924041e+03
4.755635509667349834e+04
2.631071600655765906e+03
7.079963311472865826e+03
7.014149849588704456e+03
2.643000348662677789e+04
1.033044251733766869e+05
3.686896429551206893e+02
3.122571500937990277e+04
2.701740282862297136e+03
5.250524931244680374e+03
3.078113776892530140e+01
8.809792516087867398e+01
1.055104366775315839e+03
2.430865874071243411e+02
8.646454347915395874e-09
4.989244591316863264e+00
8.022341820959145764e+01
3.072163127827774360e+02
3.391703731459061455e-01
9.036039311491788073e-01
4.882136392473485103e+02
6.982619977833471880e-01
3.554593030671450382e+00
1.801366149361620472e+01
7.978675794224266760e+00
4.505103377874675630e+00
4.106051999451820933e+01
8.545323381731981804e-01
1.091529053385679876e-01
0.000000000000000000e+00
1.080123592826062549e+02
3.702068136632868232e+02
4.757982819207085186e+02
1.274907707760093945e+04
1.315128592579958058e+04
1.834659921470118249e+01
4.882991221131408044e-02
1.787403769709910193e+04
9.851383203272093644e-06
1.109945562774894228e+02
2.000053433899095126e+02
5.810011686479961099e+02
3.649466720734565683e+01
3.014402557882228211e+04
1.612541074134174579e+01
8.299636097365175374e+03
1.224113997112258403e+03
1.354050114730499388e+01
1.688501303703038525e+00
3.885554283038795802e+02
1.459986331336750141e+02
8.983527017995891129e+02
1.292861453114765209e+04
6.980278267901307565e-01
7.171341503458873376e+03
8.681294586366854915e+00
3.588504264333758209e-16
1.002621967684187970e-03
4.398423864130866612e+00
1.428796393160144608e-35
1.359703047112362118e+00
2.022953880815808873e-80
1.814231021653744194e-09
6.773694045903275722e-204
1.065780667676852681e+04
4.395269331737470111e+02
1.335546571902805681e+03
0.000000000000000000e+00
1.940092009959067984e-12
0.000000000000000000e+00
5.272937758866887319e-130
1.139557456410471570e+00
0.000000000000000000e+00
4.296321041310829605e+04
0.000000000000000000e+00
5.136596941974272993e-86
1.485317524854503013e+01
5.367883126173862365e+03
4.610080087471758910e-03
4.124031229242823560e-02
0.000000000000000000e+00
0.000000000000000000e+00
2.205105334868774320e-18
0.000000000000000000e+00
6.373381906142643629e+02
7.584997943928324275e+02
1.163963275511330494e+03
1.487900827399760999e+02
1.863586404845545417e+02
1.263196744906411197e+02
1.281246077906695859e+02
1.513420140926376405e+02
1.870938877437155043e+03
6.837658146395713175e+02
3.899406544385053053e+01
2.162896145270856198e-03
0.000000000000000000e+00
7.780287020490115348e-64
2.490061650997710400e-10
2.125519949000432689e+02
4.587980652398722659e-01
0.000000000000000000e+00
0.000000000000000000e+00
3.498080837362791066e-12
0.000000000000000000e+00
4.314644772927862471e-19
3.527376345223053510e-290
1.551696577062207888e-66
1.256262879670010379e+00
8.117034885785746212e+01
7.528396632182574599e-01
5.576015577375477505e+01
1.373211042591944420e+02
8.498237996259936367e+00
4.950716089487877980e+01
5.112392977183789071e+02
1.819989650254423395e+03
7.166110885310366996e+01
4.845364173039684829e+04
1.389490974597227364e+02
2.063323830472832425e-07
0.000000000000000000e+00
0.000000000000000000e+00
0.000000000000000000e+00
7.457429039829262986e-06
7.887727304449666805e-222
2.834900990540322732e-23
9.198865857141425144e-20
0.000000000000000000e+00
0.000000000000000000e+00
1.229143750665053813e+04
4.201349314384912603e-02
9.416771008371201290e+00
2.483859387710653621e+00
7.503208695886434132e-01
5.420829432717606117e-02
3.500056777095458815e-01
0.000000000000000000e+00
1.680148608321962192e-85
0.000000000000000000e+00
4.755137555865987520e-01
3.466445999872818096e-01
2.576728156677679138e+01
5.218138133973216242e+01
2.564519723545206276e+01
4.132357781127898022e+01
2.536935011857056281e+02
1.447748188243926037e+01
5.304898914656620683e-159
5.927808707881812044e-15
0.000000000000000000e+00
3.810393819401470548e-33
1.147003660701776800e-05
1.207064750321573260e-01
0.000000000000000000e+00
1.280923603390450258e-212
4.215615402090947711e-288
0.000000000000000000e+00
3.149526731343797699e-291
0.000000000000000000e+00
0.000000000000000000e+00
0.000000000000000000e+00
8.666694049026810257e-41
1.277409625978333562e-32
1.451721877578852779e-106
1.017546557207478914e-08
5.764431291461796114e+00
0.000000000000000000e+00
5.212255649286069202e-78
5.800910475014749056e-149
0.000000000000000000e+00
0.000000000000000000e+00
6.276711389103413396e-161
0.000000000000000000e+00
8.010897620184897041e-05
9.619910132039260375e+00
3.048968712975174356e+01
9.739967993580175148e-03
8.032601490012815759e+01
3.460441448658462349e+01
0.000000000000000000e+00
5.021813348675019384e+00
2.271395781556931937e+01
2.084323040842476971e+01
1.259229113564069991e+01
3.186936547561101118e+00
1.959400936232714230e+01
2.037714384958531078e+00
1.618742322469453399e+01
1.689900685747812474e+02
2.005918936027147640e-15
1.250686608090674099e+02
1.265567698012941555e+01
4.275103883500011648e+01
2.528512522507532623e+01
2.916394909651237981e+02
2.512708574518963474e+02
5.239056829655250880e+01
5.276566651959276442e+02
1.376046250417875001e+02
1.833840119807260649e+01
1.085488456160532422e+02
3.387155588501573789e+01
4.373222596579740440e+01
2.809528687449280682e+01
3.131500315254982780e+01
8.438284641484190729e+01
2.066815879182726121e+02
1.030296263699672110e+01
2.638099163461370154e+02
5.413402618902168228e+01
1.684999405087521609e+02
1.188382444758851051e+02
1.422261313261028803e+01
2.867283971259823616e+01
2.518224650382493479e+01
4.685887716394493907e+01
3.931957171261557704e+01
2.786243719058166590e+01
5.410182378207193921e+01
6.082211591288731256e+01
3.056024449122001840e+01
2.145364577675202327e+02
7.932909917249214971e+01
2.590444492148342448e+01
6.768252339374254234e+01
4.559596268028392529e+01
8.569294624339431721e+01
2.989540009898905026e+01
3.101906550509119143e+01
5.105668612913385829e+01
3.306861481374036060e+01
4.677986420043900750e+01
4.235624211823668439e+00
1.198267093314225040e-01
1.328400580581982737e+01
9.802948396996402636e+00
9.840085475523139280e+01
6.957900448452801356e+01
4.262393387815147605e+01
9.030374321151890982e+00
6.092891379934322060e+01
2.033232058702006739e+01
5.494843339727456168e+02
1.825427238748467129e-01
1.255965795069710254e+02
1.527815542425713886e+02
1.883803356622219383e+02
8.485514392208654044e+01
4.303996187428784026e+01
1.211825381798357881e+02
4.246663665195875410e+02
7.415703228542906089e+00
2.038601328992148609e+01
5.525974906662542026e+02
5.036828572135640059e+01
8.105992729007188302e+01
5.186348907803797204e+01
1.933030641777102332e+01
1.690028545932565294e+02
3.769705381022852464e+01
1.321123710095535664e+01
2.907176349956571926e+01
7.332344643242703341e+01
2.885011970194763364e+01
2.702219075755921267e+02
8.237007125838826482e+01
8.823715620691047201e-01
2.945350328978190291e+01
2.372132102039064421e+02
9.341993297164259502e+02
1.841849952051706651e+01
0.000000000000000000e+00
6.778540780010687264e-119
3.872627909076881703e-01
2.135552946201825364e+01
6.675600606413309435e-02
2.679138129515872535e+01
4.387172209242434562e+00
1.359134029808767821e+02
1.328999324549899654e+02
8.287237391019411348e+01
2.913078957312023043e+00
2.338570194431179061e+01
2.520370886215519874e+02
4.605119015846155861e+01
9.875646491042679997e+00
1.213084860351404330e+02
5.407787898215839562e+01
7.217497200646289457e+01
2.212734935711176476e+01
1.279700404575173263e-06
1.631015356294252427e+01
9.029261671909406317e+00
9.068164030566951972e-01
5.446197699847743046e+00
6.746773107307587836e+00
4.213876951736993703e+01
3.549765378100106261e+01
1.141526017674908644e+02
5.000276956516458426e+01
2.676572577078266590e+01
2.931637316255212795e+02
7.003091343992259965e+00
5.038654226724410989e+01
1.708402982180122365e+01
5.350637010684277328e+00
6.780804970521077557e+00
2.891961500240194596e+02
1.216038859153047103e+00
8.728098602564615476e+02
1.826834866186377582e+01
7.652153613497881146e+00
2.267594402187340208e+01
6.540495963952346870e+01
1.954907066823007540e+02
1.255764822694461210e-50
7.342854192794472823e+00
4.457238434213491729e+01
3.046373973811311231e+01
9.534944800976629153e+01
3.167747231937639185e+00
2.577931828775788503e+01
9.703462678004441955e+00
4.245438476185848131e+00
1.906339495421762820e+02
4.523496290771840478e+01
2.970448897632123675e+01
1.252486650303979765e+00
2.407263128744274638e+01
9.637549417419192821e+01
1.025667236995160536e+01
2.264431820696944708e+00
3.758626660379989914e+01
2.904472975221995412e+01
3.950679631637309797e+01
1.813726015705847772e+01
4.280901981126813638e+01
1.414946191825066713e+01
8.318223848956113331e-02
2.100475650680679962e+01
1.774780138219551517e+01
3.914585606857074396e+01
3.727594058299008122e-98
1.541619768625184239e-01
1.495069267270734770e+02
3.410774510447735935e-04
2.004960558103449605e-22
1.001548470905363253e+01
4.291248966902461159e-01
1.285216829017993073e-09
1.390013553051271749e-102
1.381756396628111838e-06
0.000000000000000000e+00
2.079022454858510764e-75
4.278024578406052484e-12
2.293990952994440311e-126
1.659270257952236601e-67
1.938809219808147570e-76
1.374343103804261543e-122
0.000000000000000000e+00
4.330523729562639433e-43
6.536643582832967619e-03
0.000000000000000000e+00
2.233181820427954378e-01
1.044326369412217764e-02
3.914963075587900305e-47
8.747213114236465829e-282
1.643497258303549919e-09
6.063955599862926416e-128
3.693935362041387419e-61
0.000000000000000000e+00
0.000000000000000000e+00
3.358200011341658353e+00
3.446570930736794214e+00
0.000000000000000000e+00
0.000000000000000000e+00
1.022526122606587595e+00
2.125106758648231065e+00
1.661247754387571218e+00
5.073911646850389090e+00
1.156447819767826957e+00
6.001132633320848342e+00
3.726445615006063585e-22
3.942195129844620748e-258
5.253451573024183326e-63
0.000000000000000000e+00
0.000000000000000000e+00
1.379930668394265183e+02
0.000000000000000000e+00
0.000000000000000000e+00
0.000000000000000000e+00
1.718838200773363800e+00
2.731416380754408447e-181
2.785697928533849808e-03
4.670741559350877203e-03
1.580601753199276212e-27
0.000000000000000000e+00
1.549262185844454687e-01
9.934858280963245098e-82
1.587084929830081880e-25
2.106962518508329330e-01
3.750733449929203323e-01
6.300823995564329705e-01
5.807035311943308642e+01
2.141686848077237540e-02
0.000000000000000000e+00
6.824922616486077956e-10
0.000000000000000000e+00
7.746484154223860941e+00
0.000000000000000000e+00
0.000000000000000000e+00
7.419023365348850518e+01
1.039485808710155501e-02
4.315564092110330208e+00
1.146987330962741325e+01
0.000000000000000000e+00
2.847001209647349036e-24
1.818014310728581151e+01
2.826846941781492006e+01
2.366138347580461954e+01
1.078796217908419841e+01
1.899189254404872740e-01
0.000000000000000000e+00
0.000000000000000000e+00
0.000000000000000000e+00
0.000000000000000000e+00
1.387384531243300636e-40
2.906488939899846178e-271
1.615429258786487310e+02
7.321003584680328670e-114
5.940492007373617523e-71
4.584139728517153278e-08
0.000000000000000000e+00
4.259273249871318888e-69
3.314018784013891976e-31
0.000000000000000000e+00
1.488456078315352561e-58
2.920866989116915544e-02
8.285857278242603208e-01
6.616507212028172948e-08
1.988943607768068750e-56
1.814181585492375248e+01
4.730471428355410013e-01
2.884580018861880590e-02
8.996478358566714369e-42
0.000000000000000000e+00
1.016156619870402089e+01
1.142984191058890886e+01
3.347912641454109348e+02
3.761963408479258176e-08
6.834854798842012968e+00
2.671067539944008455e-28
0.000000000000000000e+00
1.162069173337368933e-44
7.948986155991148717e-02
0.000000000000000000e+00
0.000000000000000000e+00
7.911233038496757793e-240
0.000000000000000000e+00
2.214815038935877212e+01
2.900289410963398851e+01
6.362784555739007074e-39
6.854968592558101648e+01
0.000000000000000000e+00
0.000000000000000000e+00
6.622494427344898238e-01
7.620718078830845056e-191
2.006534993023220537e+01
0.000000000000000000e+00
0.000000000000000000e+00
5.568101978453522172e+00
7.051010839132079155e+00
1.113255303762495885e+02
6.312245731623414713e+01
2.279881293073135851e+02
4.177835329675804132e+01
4.854555085005719661e+01
2.987906404305660857e+01
1.795084842558750537e+01
2.125714017494858012e+02
5.862185054016610941e+00
0.000000000000000000e+00
1.427628468994033625e-34
1.468311663564689597e-06
3.362091041605343378e+01
1.667090616387206011e-03
1.240759772805423156e+00
3.760474114550041236e+01
2.232975537624722406e+01
0.000000000000000000e+00
1.289903279679742809e+01
0.000000000000000000e+00
1.941739374377432981e+01
1.109399236921788434e+00
0.000000000000000000e+00
5.813419806022051439e+00
3.763568572893926531e-49
1.500875044194217064e-04
6.929346958359020073e-65
1.897380780003422807e+00
4.132042087988604351e+01
3.323645354792277828e+01
3.646135081615972240e+01
1.627802709634850473e-03
1.315765217723234137e+01
1.219529298788487814e+00
9.500344470332877655e-01
1.165941135150712853e+02
2.542881006520036635e+01
4.658653591038190989e+00
5.761494637921523542e-09
0.000000000000000000e+00
4.584745945991028076e-09
0.000000000000000000e+00
6.510836140981166409e+01
1.373735157768608062e+01
6.590725343445125617e+00
2.830867830233726323e+01
0.000000000000000000e+00
1.774627160862366742e-92
2.245159826047337859e+01
7.396559679876848925e+00
1.536094044823368222e+03
0.000000000000000000e+00
1.108170098010961340e+02
2.124229881163675219e-211
5.027558956368262670e+02
7.829132691743631578e-02
2.614470386031697569e+00
0.000000000000000000e+00
8.496077751208888640e-02
3.893290125917903879e+02
1.274367420249966699e+03
2.614658624009490850e+01
6.640495305925536513e+02
5.048081287620863605e-84
4.191383826924686088e-20
2.748270560977910293e+01
2.352658688410570448e+03
8.356326640173675213e-03
2.567291079686808644e+02
0.000000000000000000e+00
3.853731536919239886e+01
1.614536540681861538e+02
4.068251169860008787e+01
2.499565416001617635e+01
2.110412293169928333e+01
3.828107018896688629e+01
3.600872669532690651e+01
1.672905300071080319e+02
4.489087968901424119e+02
8.660544424654281315e+00
5.314599570098867787e+01
1.049932587705200291e+02
1.013699334475096634e+03
2.441026894404396685e+01
0.000000000000000000e+00
5.416455247075741681e+02
5.486434503159772476e+02
6.830010150534862134e+01
4.440425724252233586e+00
2.000659126741096259e+02
1.729441776757183291e+01
0.000000000000000000e+00
0.000000000000000000e+00
0.000000000000000000e+00
1.780074550041298835e+03
1.735619558483147884e+01
0.000000000000000000e+00
0.000000000000000000e+00
7.668242441637809738e-71
1.421538040244828094e-70
1.669242687499842859e+01
0.000000000000000000e+00
0.000000000000000000e+00
0.000000000000000000e+00
0.000000000000000000e+00
0.000000000000000000e+00
4.711127092067628723e+02
0.000000000000000000e+00
0.000000000000000000e+00
0.000000000000000000e+00
5.308793182524809644e-44
3.466403252716123689e+02
2.253813315666333494e+01
8.350991920035522753e+01
1.681123761206553695e+02
2.622577998891983784e-208
0.000000000000000000e+00
0.000000000000000000e+00
3.557985631266087267e+01
0.000000000000000000e+00
1.686036831509356304e+01
2.298229246696628252e+03
1.796346971628857763e-53
1.487748183859499704e+02
5.524775522534226724e+01
2.159841094780086905e+02
8.093344470244164768e+01
1.364383215768421564e+02
1.895084407831978979e+02
9.090786448306162981e+01
8.810820364494342982e+01
2.345956468515525444e+02
7.258336225534137043e+01
6.653224948515913617e+00
1.602368659109547195e+02
7.164108134588630605e+01
5.713198928163323131e+01
1.318307022933428385e+01
8.124705179295590085e+01
5.275145221046906840e+01
1.718755519213350453e+02
1.343055776497707541e+02
1.415543506951230711e+03
2.291408590123022648e+01
1.204670313253904546e+01
5.632593489218470495e+02
1.578775602746938489e+01
4.845165089208092581e+02
1.078996239999862155e+03
8.442896150763260721e+01
2.093496775774091390e+01
1.052131744066107544e+01
1.110174118058504966e+01
6.777495582877992142e+00
9.564865896766850284e+00
1.330076751556028114e+01
2.059890678547355947e+01
7.501764895462022764e+01
1.291679337069615663e+01
3.271177101876910687e+00
5.684028479052567917e+00
1.384708420983393751e+01
4.017712057822772067e+02
2.079051437548660886e+01
2.090860497748441560e+01
2.127111355603479126e+01
1.157178551567308915e+02
1.753530586952810921e+01
4.940929691727342643e+00
2.475342200612089538e+00
1.266917000033311602e+01
2.081045620418358055e+01
3.114532299003674609e+01
7.744348107782669799e-02
4.026321538714874748e+01
1.426649311449587003e+02
1.894495742768616608e+01
3.086851150070449989e+01
1.845024432929013258e+01
4.570150495758983311e+01
6.289064203341818882e+01
4.997274564566605193e+01
6.538683511474657450e+01
6.675724750431946575e+01
9.718762078881995947e+00
2.134698815041852216e-01
4.181753296165918243e+01
2.182340737499896477e+01
2.138873307206642593e+01
4.228308415423641264e+01
4.441817465709659984e+01
4.083372565604510562e+00
3.753424170207996724e+01
3.724474253561219683e+01
3.051889012019292124e+01
2.504803095076451314e+01
3.288339174833186718e+01
3.487977377918149546e+00
8.333257428130094979e+01
4.706949920045384061e+01
2.985247656835606733e+01
3.186887598455961701e+00
4.758237849579260370e+01
1.637815454000113746e+01
1.093496439836434320e+02
1.286334308862896023e+02
9.539351283105710877e+01
6.702994658581382659e-01
3.249858819925053126e+02
1.251995469343037648e+01
4.892474687299592340e+00
1.232725487974982492e+01
8.807608183724195072e+00
1.033686050309928994e+01
1.835307354355350284e+01
1.056720373130320567e+01
7.237901417900637568e+00
2.554677543305572129e+01
5.151714664163257851e+01
1.363573931288927632e+01
1.118931013438590760e+01
1.031736995301951687e+01
7.823033102945829320e+00
1.631149389468085786e+01
1.387165603584958262e+01
1.210753582305891740e+01
6.768773367233994698e+00
1.757003877265800895e+01
2.978265611202058594e+01
7.699162298770414736e+01
5.877203982970040652e-01
2.589026184207181541e-03
3.866641212290912222e+01
2.285529998531178245e-05
3.259275073666807998e+01
2.483524520544909109e+01
4.383476997875970227e+01
9.729018329660463849e+01
2.189653222874001558e-20
1.060455123200453500e+03
2.289458272933910976e+01
1.780339956693498777e+02
3.658131214147214189e-04
0.000000000000000000e+00
6.658356115213603719e-06
3.877468538168679402e+02
4.748957863455965622e+01
6.170753665261092920e+02
5.250669594018651196e+02
5.026559553372341327e+01
2.850727697360909474e+01
9.661039566384766886e+01
9.103262771032251521e+01
7.557337802467255017e+01
3.629213984552902161e+01
1.828422973285124442e+01
3.150321166628803127e+01
1.262809937120047010e+02
1.226471185492638938e+02
1.936144688419379278e+01
1.706779578420787047e+01
1.890125976133368013e+01
3.915523561687233212e+01
1.441194226294244807e+01
1.746215607312360518e+01
5.656781699382330686e+01
8.273051010979418862e+00
1.588480715436785715e+02
1.051459437801938464e+02
6.620656817876517941e+00
9.507508651173937508e+00
1.616214475044544230e+01
3.449681526240699725e+01
4.446363279031938731e+01
3.515154536929829732e+01
3.624717325436954241e+01
1.908339200715924022e+01
1.738231422787976399e+01
1.551372065133114653e+01
1.616827297051053591e+01
2.572241913137623470e+01
1.868738207363981374e+01
1.364361729860689287e+01
5.304274629878155167e+01
8.577648149970805491e+00
2.246035184184729872e+01
1.734096981979737251e+01
1.273064019550676029e+01
1.952778744419313028e+01
8.105798961742982200e+00
1.145853152107022233e+01
2.192497679818037426e+01
8.447358832593996780e+00
1.737915141963474852e+01
2.456285325314869539e+01
8.901871713134955399e+00
1.397377299595371249e-02
5.051460229120687373e+00
1.232304008254576644e+01
1.976073942010495088e+01
1.217102892249411106e+01
9.810644283733616078e+00
1.437246524148742743e+01
7.959434106698795475e+00
1.161027594808357577e+01
1.290496458440743455e+00
8.146060666073475787e+00
7.234504253535146034e+00
2.067632751061358576e+01
1.284303991055085703e+02
4.831436282563795714e+01
1.786651783172995778e+01
3.015766022061782436e+01
2.330434383886956340e+01
8.971944931832313230e+00
1.344876529489142314e+01
2.466336929358621433e+01
6.737587344467478090e+00
1.324051086088388551e+01
1.535596714686017705e+01
6.451238892330658814e+01
1.332719078033062203e+02
4.595978242817661226e+02
1.414638570352233948e+01
6.882174049864938858e+00
1.816944766464969518e+01
2.004560108403401486e+01
1.331259367728658205e+01
1.179387559933098650e+01
1.475421342017441262e+01
1.162398393430803445e+01
4.092909595441701853e+00
3.976664318066352877e+01
4.397815967117438873e+01
2.351437736314175098e+01
6.574976030783105330e+01
1.085783529300057815e+01
4.122572231539984955e+01
1.941800783632757899e+01
5.250917558397900109e+01
2.069914492525813898e+01
3.909197738278849954e+01
1.640543837082702439e+01
7.764071571850334408e+01
4.930244626362437543e+01
1.777323443181166951e+01
6.081073066490328216e+01
3.616355406460657917e+01
4.844410382650058011e+01
2.707276575236759797e+01
5.176528257854640458e+01
1.402541824409466997e+01
1.158363302189013488e+01
2.991095181924299951e+01
3.797624992888936646e+01
1.887386574332260025e+01
2.274956190842965142e+01
3.820382728239043502e+01
3.331833584075177157e+01
9.625281760435721878e+01
2.716148304273471936e+01
9.024874623363817960e+00
9.448505299456761009e+01
6.859017488950350128e+01
2.897427692237543440e+01
6.090643349233221926e+01
2.611703290366208563e+01
8.905177623855193758e+01
6.894263350211434727e+01
6.492206407988844319e+01
5.713070309016720927e+01
7.931011138494363877e+01
6.452946341116302165e+01
3.613057065113680721e+01
6.156312081039612139e+00
8.193904843185071840e+00
1.407065134672537177e+01
9.884425235007599397e+00
1.018129007151668830e+01
7.560276853124998198e+00
8.754006074936169668e+00
1.230599745353888430e+01
7.166160563991995858e+00
5.938866770105009962e+00
3.299243871326753208e+01
1.119872305476082630e+01
4.891113741065487019e+00
9.868176674612392674e+00
1.128513326824769436e+01
2.957859632261252614e+01
2.294465173612767472e+01
1.172012834908107415e+01
1.608040612651929280e+01
1.723467435625017785e+01
1.634784321214664615e+01
1.721492077425077483e+01
2.763409102014500185e+00
2.771559578618611042e+01
1.670413390961754629e+01
1.327284257338341256e+01
7.243139310999267444e+00
1.036979773145367290e+01
3.297561136273951199e+00
9.921538784285322876e+00
1.022754587222074463e+01
2.063989021936944113e+01
5.330432137515101942e+01
4.685734781297848173e+01
3.595300960599276952e+00
2.820703548649706960e+01
2.838261009939027346e+01
2.088434416803135818e+01
3.020075641930653987e+01
2.754171847654903260e+01
2.650450185336916320e+01
1.026161780718568650e+01
5.190482976179371377e+00
3.150553995738572510e+01
1.541025453759005259e+01
3.695126069122059764e+00
2.373507159003537481e+01
9.686445617491777682e+00
1.169836186314608284e+01
1.060478517099702067e+01
1.262619055942321289e+01
9.625530209040274343e+00
7.312800363458078934e+00
5.736022213154669203e+00
6.233939413773407878e+00
1.017626103296328566e+01
3.720369738892201905e+00
1.030283493061500977e+01
3.205299822111555841e+01
3.289852191416456684e+00
1.929714470933685089e+00
7.418933622028004216e+00
9.230557600413217045e+00
1.001596732500264331e+01
9.673747203478640699e+00
7.181727450995425421e+00
1.548181158218377185e+01
1.449680618707339086e+01
2.762298669010725405e+01
2.912746243205682539e+00
1.377394339145226649e-98
9.440650161620922631e+00
2.283943459597201908e+01
2.340834232281437777e-53
2.272704487543068552e+01
1.208208748522969067e+01
2.383070464391556786e+00
1.247158800181783818e+02
0.000000000000000000e+00
1.776055306980179438e+01
2.251454360809025843e+02
2.118064608251181014e+01
5.188924996301776673e+02
2.087835395499911328e+02
2.748348642465908043e+01
1.282720012999587667e+01
3.854197197371694941e-159
2.791256986621871050e+01
3.318241412373027543e+01
1.085552806265402026e+01
1.877688268507612079e+01
6.281684163773627461e+01
3.660192780383017919e+01
1.494566067491907191e+01
1.251858038811437268e+01
2.205904625759334436e+01
1.274141724713088593e+02
7.845526446611808069e+01
3.840910304233963757e+01
1.980101837988197531e+03
2.848489639630996303e-303
1.477106002573451633e+02
2.338091470721128974e-28
2.677371555556265434e+02
2.694135333977437696e+01
1.921972026798205491e+01
3.167905684617416995e+01
4.735645156565628611e+01
4.257756172182576648e+01
5.624334029160976023e+00
2.520875923490789372e+00
1.007721240925182649e+01
2.578277508418339373e-02
4.138355957048459599e-01
2.971651862109403464e-01
1.692541868319320242e-01
3.852544802248755035e-02
3.979109090807526894e-02
8.274540631508701338e+00
4.289315694120000022e-01
7.199171845383192987e-09
4.271941609188310451e+01
4.349413138453174055e-04
7.360410334938880413e-06
1.070206259729161724e+00
7.508043937925460432e-01
7.257265972218553998e+02
9.437627161213186788e-01
2.110274894569546048e-02
3.045044853687423601e-05
1.204729991299957337e-01
8.343657340725603097e-03
4.165340938190089304e+01
1.585327991805881132e+00
1.796423085253743679e+01
6.463223902202419255e-04
1.838257703421846045e+01
8.876802725132240113e+00
2.560051514058547539e+01
2.728778770413251564e-01
5.717735307869151594e-286
1.403794127354914600e+01
2.459659132730150910e-01
1.152570575647200357e+01
2.245958275803936388e+01
1.367742173264012884e+01
0.000000000000000000e+00
2.729006601719933742e-02
2.425121108418489117e-13
1.491034788951311639e-03
2.463620713722915156e-25
6.485360326717086732e-01
1.722958879444787110e-44
1.888029436291364220e+02
6.779849598622939011e-01
4.582016554682706300e-01
4.284193858305071245e+01
1.301001609896917977e+01
1.342635430680176789e+01
4.516414421867463602e+01
7.948416397249895127e+00
9.114451970487455128e+02
2.277676107593926247e+02
7.825603491395675348e+01
8.440380081594679496e+01
1.922107563430277111e+01
7.190863743801320318e+00
1.425745002565960817e+02
6.729545833305266456e+01
8.302827901588759687e+02
4.937345817544694704e+00
3.630454601913896795e+02
1.090417176987382497e+01
2.052048008182176630e+01
2.976698059918201693e+02
9.520212933944431200e+01
2.160467470362263214e+02
8.235020558792528789e+01
2.206205421586525688e+02
2.781373113504973915e+01
2.119498233203075415e+03
6.691871004585426590e+02
9.021213661256837213e+01
2.292183099588064863e+02
5.647744775787695062e+02
1.880719751082233415e+02
2.481370434244406340e+02
6.186699458810282692e+01
5.661508012281461788e+02
1.613608009547191955e+02
3.767121949266594161e-01
6.658214120503956612e-02
1.215968426602929107e-02
3.266702680403096792e+01
2.248918989261013479e+01
2.450174934432509843e+01
1.924606345693127452e+01
1.203399885765840871e+01
1.131915687626983136e+01
1.167898445834444310e+01
9.808698691576513085e+00
3.751031222213463820e+02
3.688754462356087060e+02
1.806670830020729923e+01
8.559270647029394752e+01
1.173973006273554915e+02
1.515475748935256206e+01
1.823163273345136304e+02
1.148870580551514195e+03
3.631415376879128972e-23
2.081394266797623160e+01
2.521106673689089348e+02
6.346221009665961077e+01
4.875447069953988688e+01
3.631574408160267922e+02
2.119043514382530873e+02
1.828444839206384742e+01
1.665406718342233887e+02
3.303472770520424717e+01
7.828582170980325827e+01
1.391063839044789260e-14
9.707009102857157336e-26
0.000000000000000000e+00
0.000000000000000000e+00
2.285687443297668804e-65
3.853040505801066473e+01
3.275433217316751211e+01
2.862052814522126098e+01
8.822256036584244043e+01
4.995097902870812590e+01
1.849665730695498311e+01
1.848070886814299030e+01
2.842268677665911980e+01
2.189840704721202158e+01
1.010934619102793306e+02
4.088944592615188611e+01
1.710960039771226704e+01
1.191028203080927855e-01
2.441133056461140590e-88
0.000000000000000000e+00
0.000000000000000000e+00
3.702468132680667168e+01
1.033885360697767481e+02
8.131128201278572476e+01
2.660150051958152773e+01
7.545456259073706917e+01
1.177062680735428657e+01
1.363711188051264322e+01
3.997754833175356737e+01
6.481228734736890829e+01
2.938127382026022261e+01
6.028517507150583299e+01
4.918725118910656507e-05
8.243466612752008587e+02
2.101803709233751505e+01
1.109040332276624383e+02
1.961024474627398462e+01
6.586114415235397246e+02
6.079863467125814935e+01
8.184299811993614782e+00
5.809313187237527210e+00
7.121633059831321333e+00
1.937707253647921846e+01
2.027376470823775634e+01
1.202014482267350104e+01
1.253869948902085252e+00
8.308325844024112561e-01
4.332691553068342416e-01
4.710555597331651967e+00
1.939736765058197365e+00
1.186623983020122175e+01
1.459106007048585241e+01
1.015355857047360999e+01
2.857326960213953715e+00
1.843691034558128763e+02
6.539585614057548923e+01
1.515470521340618006e+02
2.562025169786721285e-09
0.000000000000000000e+00
6.706931143071447821e+01
6.544965957099407206e+02
2.665204546942254638e+02
1.295631702251059281e+01
1.648676064322883974e+02
4.405264413033633275e+01
4.518713339244020943e+01
3.178425426411850108e+00
1.393498215743215670e-92
3.596178244154666336e-35
5.982789424326863392e-02
0.000000000000000000e+00
6.081736298196943125e+01
2.022485713265536106e+03
1.404136854255775724e+01
1.887895258412250143e+01
1.058426648692450556e+01
1.399826647065189000e+01
8.568211906186768090e+00
1.912831017602285755e+01
1.030331969941026937e+00
5.120307110566662878e+00
6.976034738305673777e+00
5.846312817070256074e+00
5.682386040960903273e+01
5.558007181799199614e+00
1.598387769658620172e+01
1.061226293648189234e+01
1.064705047427930928e+01
7.128652215902651079e+00
7.318653796059144234e+00
1.712407902412975602e+01
1.819177621188114511e-185
2.379004470139817840e+03
2.205659440500198443e+01
4.678663796933092272e+03
5.177075627443352873e-06
1.229715812467910396e+01
4.717982292493543253e-63
2.012248109425266421e+03
2.406763400920850472e+03
1.105128575875853333e-52
6.430307564320312395e+02
3.317506352805343340e+03
9.614227776868470983e+02
1.702436530795221188e+03
1.698816597005424756e+00
5.449812507831758239e+02
2.101870807174378569e+03
5.037812758655814418e-64
2.140426041324170455e+03
3.138692607739887990e-11
2.998700472725738683e-72
3.746682067419296043e-05
1.477749004858006856e+03
5.034349764168518959e+02
1.527513206050252563e+02
3.308505477927216134e+02
9.105195024652024927e+01
1.362753164228148989e+03
1.241226535683144603e-04
0.000000000000000000e+00
3.080765720579241022e-123
7.741814575830819649e+02
3.302941282873472915e+02
1.137224512266476063e-11
3.602875855276203051e-21
8.946402034550059429e-18
8.945127742607139609e+00
9.526209774802964214e-02
7.947241643631528245e-05
3.710808031439359223e+00
4.549752031641786230e-05
7.843441900909500930e+01
3.762851396790058800e+01
2.949906429446676540e-03
8.344553043256811975e+01
3.528898437112764697e+01
6.099845456978258973e+00
1.045762183147224391e+02
7.152775553754452176e+01
2.968608166965567285e-01
4.849212306058708464e+02
3.090996016267444247e+03
9.683775810272994988e+01
1.273234711530111476e-282
7.668093304899430628e-21
0.000000000000000000e+00
0.000000000000000000e+00
