# residue i_ratio gamma_2
1.000000000000000000e+00 nan nan
2.000000000000000000e+00 9.750948647376017631e-01 2.316801781238601310e-01
3.000000000000000000e+00 9.802299793546814799e-01 1.830322712970726962e-01
4.000000000000000000e+00 9.832641067467451368e-01 1.545060538843112674e-01
5.000000000000000000e+00 nan nan
6.000000000000000000e+00 9.897686359875081941e-01 9.388969640389058235e-02
7.000000000000000000e+00 9.902485448027853465e-01 8.944616487018522411e-02
8.000000000000000000e+00 9.892852792271336071e-01 9.836912921601755067e-02
9.000000000000000000e+00 9.885181554661498504e-01 1.054865336976585216e-01
1.000000000000000000e+01 9.860228584520218664e-01 1.287078754356950627e-01
1.100000000000000000e+01 9.797012238199098721e-01 1.880200022099754176e-01
1.200000000000000000e+01 9.658277872837357503e-01 3.206648290616856967e-01
1.300000000000000000e+01 nan nan
1.400000000000000000e+01 8.436119350357142999e-01 1.658784505466758485e+00
1.500000000000000000e+01 6.627664899011905808e-01 4.433887885542037388e+00
1.600000000000000000e+01 nan nan
1.700000000000000000e+01 1.868865105949234773e-01 2.974229212013078438e+01
1.800000000000000000e+01 1.504639264842065061e-01 3.625175653279334398e+01
1.900000000000000000e+01 6.762985507313878930e-02 6.624019829955381056e+01
2.000000000000000000e+01 3.253246839842328930e-02 1.014513542629542115e+02
2.100000000000000000e+01 3.959492006399496083e-02 9.132783710172908798e+01
2.200000000000000000e+01 3.191961148079226762e-02 1.024558802211551978e+02
2.300000000000000000e+01 nan nan
2.400000000000000000e+01 nan nan
2.500000000000000000e+01 8.489550048460669726e-03 1.816062096450463343e+02
2.600000000000000000e+01 7.803370198167150495e-02 6.019386491200210543e+01
2.700000000000000000e+01 1.483774475280431049e-01 3.669480681788156318e+01
2.800000000000000000e+01 1.647730899896342749e-01 3.343970869786962652e+01
2.900000000000000000e+01 2.459677722050130633e-01 2.247302150023324785e+01
3.000000000000000000e+01 2.100046674631764754e-01 2.652402773561721006e+01
3.100000000000000000e+01 2.167027281892990043e-01 2.569113987097653506e+01
3.200000000000000000e+01 4.381480037405136030e-02 8.629511318325835134e+01
3.300000000000000000e+01 6.895927263178149025e-02 6.540073157742054377e+01
3.400000000000000000e+01 2.764374131462190576e-01 1.970478354789725728e+01
3.500000000000000000e+01 3.886158587979224310e-01 1.267012125554610513e+01
3.600000000000000000e+01 4.483637569102570941e-01 1.015052364133327245e+01
3.700000000000000000e+01 4.763202509940737683e-01 9.157189126768237486e+00
3.800000000000000000e+01 3.875692687942419723e-01 1.272000346440182206e+01
3.900000000000000000e+01 2.539311148843279575e-01 2.169905315313346961e+01
4.000000000000000000e+01 4.846809464528009093e-01 8.879148433499949533e+00
4.100000000000000000e+01 6.612470758265095450e-01 4.462862866117466965e+00
4.200000000000000000e+01 6.084881239457846647e-01 5.547340185327451323e+00
4.300000000000000000e+01 5.688639336279419645e-01 6.476485509439447341e+00
4.400000000000000000e+01 nan nan
4.500000000000000000e+01 6.887494256949794336e-01 3.955918216129602261e+00
4.600000000000000000e+01 6.320764398733808020e-01 5.042833533903964494e+00
4.700000000000000000e+01 6.237944105481115775e-01 5.216158774090489558e+00
4.800000000000000000e+01 3.920266090473118470e-01 1.250909967621519492e+01
4.900000000000000000e+01 5.295166734464709091e-01 7.517505025333512059e+00
5.000000000000000000e+01 nan nan
5.100000000000000000e+01 7.595025089507586591e-01 2.802628047323939775e+00
5.200000000000000000e+01 nan nan
5.300000000000000000e+01 nan nan
5.400000000000000000e+01 9.421591366914197074e-01 5.551574878193015206e-01
5.500000000000000000e+01 9.618434815149367045e-01 3.594029623335238122e-01
5.600000000000000000e+01 9.706094858508945711e-01 2.745565040683622393e-01
5.700000000000000000e+01 9.739325305702775104e-01 2.427565311732660935e-01
5.800000000000000000e+01 9.615020952038821900e-01 3.627357485570241735e-01
5.900000000000000000e+01 9.283375599280691004e-01 6.971123567148045375e-01
6.000000000000000000e+01 9.654849301943163598e-01 3.239868677493639715e-01
6.100000000000000000e+01 9.578553110029631723e-01 3.984724284879193057e-01
6.200000000000000000e+01 9.455880192736980661e-01 5.205253271715285512e-01
6.300000000000000000e+01 9.131913722270434963e-01 8.571456523831781915e-01
6.400000000000000000e+01 9.417306293355581781e-01 5.595015829785073835e-01
6.500000000000000000e+01 8.681879906049928541e-01 1.362384115265059759e+00
6.600000000000000000e+01 8.848149622908871859e-01 1.170303623392948023e+00
6.700000000000000000e+01 nan nan
6.800000000000000000e+01 9.786606194340541354e-01 1.978503352123667791e-01
6.900000000000000000e+01 9.764487280723678220e-01 2.188089728443957105e-01
7.000000000000000000e+01 9.779781790149506548e-01 2.043075367539092246e-01
7.100000000000000000e+01 9.563857823088752763e-01 4.129431955817955968e-01
7.200000000000000000e+01 nan nan
7.300000000000000000e+01 8.986822654045337755e-01 1.015028286525292200e+00
7.400000000000000000e+01 nan nan
7.500000000000000000e+01 7.837487287719561158e-01 2.450346313585165969e+00
7.600000000000000000e+01 5.916406587761828817e-01 5.929131486771085591e+00
7.700000000000000000e+01 3.641612847635376515e-01 1.389739703072389432e+01
7.800000000000000000e+01 4.285113173991662028e-01 1.092203435670969469e+01
7.900000000000000000e+01 nan nan
8.000000000000000000e+01 1.436235980492027720e-01 3.773918493269719221e+01
8.100000000000000000e+01 3.039099951213761197e-01 1.759552307928456116e+01
8.200000000000000000e+01 3.864267109514968879e-01 1.277471620499395577e+01
8.300000000000000000e+01 5.462700146828959324e-01 7.058403425366474693e+00
8.400000000000000000e+01 7.125556259025533912e-01 3.545177935668933245e+00
8.500000000000000000e+01 nan nan
8.600000000000000000e+01 8.782702871113383658e-01 1.245125305515876635e+00
8.700000000000000000e+01 8.474144175533111500e-01 1.611911295579118608e+00
8.800000000000000000e+01 8.430948040615322547e-01 1.665188606235103341e+00
8.900000000000000000e+01 8.785956337201973332e-01 1.241381993841765841e+00
9.000000000000000000e+01 9.098118827888864724e-01 8.935121315088370153e-01
9.100000000000000000e+01 9.198279376221781822e-01 7.864356580605500469e-01
9.200000000000000000e+01 8.238015916924582571e-01 1.909279251897202156e+00
9.300000000000000000e+01 7.535809773331555439e-01 2.891736519556902696e+00
9.400000000000000000e+01 5.826553587540530543e-01 6.140609379649037969e+00
9.500000000000000000e+01 7.056302558440866735e-01 3.662129001101313008e+00
9.600000000000000000e+01 nan nan
9.700000000000000000e+01 9.144966153655111896e-01 8.431652706171365308e-01
9.800000000000000000e+01 9.732185729669060592e-01 2.495720762724946695e-01
9.900000000000000000e+01 9.850859218742735735e-01 1.374547589541084414e-01
1.000000000000000000e+02 9.853220355020348986e-01 1.352490617627008784e-01
