7.437515238800013861e+00
4.310890215614539045e+01
1.239456816968119135e+01
2.388711395795482285e-03
1.373926174332987848e+01
4.318195587626574650e+01
1.513442819524876803e+01
1.923878374628822741e+01
1.698362730337895954e+01
4.972151642605889050e-50
1.473089725476277749e+02
2.347985579582833111e+02
5.181011338208749351e+01
1.366944744658195710e+01
2.537093460800340949e+01
1.466644436989120095e+02
3.794550431088917435e+02
4.405010882194210922e+02
3.980712043563837010e+00
4.372441783268594406e+01
1.984888735690870476e+02
1.646337882452307966e+01
3.932792782263976505e+02
4.731342529213671924e+02
2.728552291763213589e+01
3.729728629725627798e+01
5.961892452199883792e+02
6.274658452387165397e+01
5.555289861926537469e+02
7.887883183485041627e+01
2.580234830622920867e+02
2.847079669173712091e+02
1.126752526191266668e+01
2.281991175210915657e+00
1.634731915738587915e+01
1.632093486760690437e+00
1.451402599666077897e+01
3.233391657702163191e-01
1.014386950939812748e-07
1.743585426462055527e-02
1.365134210874258436e+01
1.271275829487516518e+01
1.718321427566752391e+01
3.102630916757616930e+01
2.466473207645925925e+01
1.304658813121360197e+02
1.353518873202305350e+01
1.968948654393636133e+01
1.109857325601616111e-38
6.802669072866615707e+00
4.110780971251906993e-04
9.767067146947159273e-01
0.000000000000000000e+00
9.662518467070601673e+02
1.010494257606677111e-03
1.085735478739883320e+01
5.899294377574590964e-01
1.538457389043821344e+01
3.461930803663120226e+00
2.984345697159761812e+01
9.733972890999789129e-01
1.464745876010867189e-04
2.756134373583860611e-10
1.057825205057325135e+00
0.000000000000000000e+00
9.867974083003908711e-04
7.373823735543569744e-26
1.303179404525139162e+01
2.082236273137497164e+02
7.165743595947385813e+01
1.138050189943727922e-222
0.000000000000000000e+00
0.000000000000000000e+00
0.000000000000000000e+00
1.661495756310174239e-111
0.000000000000000000e+00
0.000000000000000000e+00
3.151233881846868257e-02
1.512395215610844446e+02
4.922642166338412455e-09
0.000000000000000000e+00
0.000000000000000000e+00
0.000000000000000000e+00
1.188639057875368875e-07
8.352031324102756571e+02
8.739651046973602178e-01
1.510165857568430770e-06
2.243804036893938635e-15
9.549631479672109435e+01
1.039990579514689095e+01
6.281968989975067252e+00
1.451163086941556265e-141
8.238127175166616969e-127
2.258354020491439316e-186
0.000000000000000000e+00
1.556883331083492306e-01
2.956846826101436343e-03
3.307448623636479595e-02
2.410780642240248994e+01
6.524741347304635042e+01
1.523945345890965086e+02
1.273140399737618278e+00
1.218256856780875363e+00
2.412558939181428830e+00
7.678945286466472453e+01
1.020288471713079304e+01
0.000000000000000000e+00
1.483880179533133514e+02
1.361287257703093667e+00
1.023984368346307505e+01
8.159710650640612073e+00
3.283166570753926909e-06
8.356657101024463907e-01
4.824770878153984699e-02
1.231139080486968318e+01
1.049650630209417557e+01
3.001723522100828490e+01
2.944786950914166468e+01
5.864966023805530781e+00
6.544080555311336411e+01
5.103523689246411976e+01
7.352113129115459213e-10
0.000000000000000000e+00
5.856825659746942620e+03
1.446696867529732380e-23
0.000000000000000000e+00
0.000000000000000000e+00
0.000000000000000000e+00
0.000000000000000000e+00
0.000000000000000000e+00
1.417213914875196897e-23
1.047703822324760004e-117
3.947194801117308138e+00
0.000000000000000000e+00
0.000000000000000000e+00
3.050903064766954595e-03
2.096255538108867214e-119
1.519954131711249636e-178
1.501038258906759904e+00
0.000000000000000000e+00
0.000000000000000000e+00
4.791399058191455540e-76
3.622121035572151718e-20
0.000000000000000000e+00
2.489596678403364165e-31
3.759891811993162040e-18
0.000000000000000000e+00
3.084479319057924585e+01
0.000000000000000000e+00
2.099395315524550048e-165
0.000000000000000000e+00
0.000000000000000000e+00
2.078512179688109965e-44
0.000000000000000000e+00
0.000000000000000000e+00
0.000000000000000000e+00
0.000000000000000000e+00
0.000000000000000000e+00
0.000000000000000000e+00
0.000000000000000000e+00
0.000000000000000000e+00
0.000000000000000000e+00
0.000000000000000000e+00
0.000000000000000000e+00
0.000000000000000000e+00
0.000000000000000000e+00
1.150829434444057275e+00
0.000000000000000000e+00
2.688938458274006924e-12
3.433020582284972022e+01
0.000000000000000000e+00
1.312442836583918321e-246
0.000000000000000000e+00
0.000000000000000000e+00
0.000000000000000000e+00
8.647681513755303752e-34
3.183073029783821006e+00
4.817464773833170802e-44
0.000000000000000000e+00
0.000000000000000000e+00
4.542347491921943536e+00
0.000000000000000000e+00
3.732662089565764174e-01
3.815577567558112648e-189
2.254142544566832829e+00
3.680531639937918431e-01
3.732868623137235966e-131
0.000000000000000000e+00
4.563387715994111459e-157
3.012618805827149441e-60
0.000000000000000000e+00
3.551841876036479721e-199
3.734712677327853140e-07
4.692130280088068872e+01
1.596326596115354057e+01
0.000000000000000000e+00
9.763866524799274416e+00
2.221893136600343155e+01
1.604036502588481028e+02
1.097235657073624381e-02
1.143557960106822667e-170
0.000000000000000000e+00
0.000000000000000000e+00
0.000000000000000000e+00
5.664690551863394564e-21
1.032959937095550234e-26
2.531231807777207052e+02
3.725376924463036232e+01
8.223788399328945786e+00
0.000000000000000000e+00
5.005624250172514422e+01
2.763741629761647545e+01
1.095322951951871238e+00
3.114203845643239710e+00
2.295043590404235889e+00
1.094872380208842264e-03
0.000000000000000000e+00
0.000000000000000000e+00
0.000000000000000000e+00
0.000000000000000000e+00
9.862557224316884685e+01
1.363334068708664049e+01
1.039236461519269383e+01
1.830201651650266825e+00
1.213673162133940275e+00
8.350553406763385270e-03
8.427297824271536797e+01
6.778355316245957773e+00
1.565423059861594197e+02
6.477148830141916669e+00
3.261631484135470771e+00
4.563023536607270003e+00
6.929945904554170966e+02
3.871557459750964316e-20
0.000000000000000000e+00
0.000000000000000000e+00
0.000000000000000000e+00
5.736433612277370697e-01
1.005112964459965319e+01
1.160004631981316514e+01
0.000000000000000000e+00
5.881629547135314447e-82
0.000000000000000000e+00
1.601427768864274981e+01
1.294091099995112160e+01
3.079303613965593267e-01
1.426771539159042723e-117
0.000000000000000000e+00
0.000000000000000000e+00
0.000000000000000000e+00
0.000000000000000000e+00
0.000000000000000000e+00
0.000000000000000000e+00
1.639191514602767574e+00
8.257981056651678358e-45
0.000000000000000000e+00
0.000000000000000000e+00
0.000000000000000000e+00
0.000000000000000000e+00
2.326113375047679899e+00
3.031369878666781315e+00
1.051999113674886334e-02
0.000000000000000000e+00
0.000000000000000000e+00
0.000000000000000000e+00
0.000000000000000000e+00
0.000000000000000000e+00
0.000000000000000000e+00
0.000000000000000000e+00
2.850558471995771892e-02
0.000000000000000000e+00
0.000000000000000000e+00
0.000000000000000000e+00
3.554115162659175764e-02
3.458672747003804481e-32
1.416206463794535000e-76
0.000000000000000000e+00
0.000000000000000000e+00
3.758045063877114789e+00
8.314309514334150109e+00
1.066198988936391743e+02
8.559693330424983391e-191
3.497564522490884209e-12
7.055730752726396590e-188
4.770249648535560225e-83
0.000000000000000000e+00
7.922149568055024865e-43
5.101670826954876917e-87
7.887827307552581910e-41
0.000000000000000000e+00
0.000000000000000000e+00
1.145707520623448774e-256
0.000000000000000000e+00
0.000000000000000000e+00
0.000000000000000000e+00
0.000000000000000000e+00
0.000000000000000000e+00
0.000000000000000000e+00
3.741836367910219628e-138
2.414777243991855116e+01
1.348100689316188427e+00
1.105321221530277498e+01
1.452774492770276593e+00
2.681346362408337924e+01
6.805543583753228543e-01
6.347998284692195625e+00
0.000000000000000000e+00
3.699553522844593267e+00
0.000000000000000000e+00
0.000000000000000000e+00
0.000000000000000000e+00
0.000000000000000000e+00
0.000000000000000000e+00
0.000000000000000000e+00
0.000000000000000000e+00
0.000000000000000000e+00
0.000000000000000000e+00
0.000000000000000000e+00
0.000000000000000000e+00
0.000000000000000000e+00
4.727250717736434492e-228
0.000000000000000000e+00
0.000000000000000000e+00
0.000000000000000000e+00
0.000000000000000000e+00
0.000000000000000000e+00
0.000000000000000000e+00
4.652633357916896139e-06
0.000000000000000000e+00
0.000000000000000000e+00
1.489351236641665485e-73
0.000000000000000000e+00
0.000000000000000000e+00
5.977119969424050564e-08
0.000000000000000000e+00
0.000000000000000000e+00
0.000000000000000000e+00
0.000000000000000000e+00
0.000000000000000000e+00
0.000000000000000000e+00
7.152395348507811937e-29
3.514787906275645326e-148
0.000000000000000000e+00
0.000000000000000000e+00
0.000000000000000000e+00
6.642797255375040777e+02
0.000000000000000000e+00
1.912759427020737291e-53
2.557705717566482129e+00
6.407640721952422780e+01
1.909000098955265656e+01
1.180055555500317332e+01
2.493119986371651109e+00
6.410188325559414757e+00
1.235260311413085077e+01
9.865782128561018105e-01
4.774489959318773913e+01
2.164938014598605243e-02
1.586188204099173227e+01
3.378922131202634738e+00
2.365808337955917295e+01
2.754287347237976746e+00
7.965542891748988996e-02
2.592201133591608198e+01
4.814389646434124592e-01
1.394643530865479653e+00
3.394595299025219504e+00
1.511991730952599422e+00
1.658118005491209246e-01
2.604450874174046504e+01
8.875919127776873974e-02
5.180493696991289454e+01
1.912586400752795734e+00
6.381649962796137610e-01
3.300773085939626927e+00
1.704352400489765329e-01
5.810124726221487634e+01
1.955189806949678939e+02
8.661110806278804475e+00
1.066266348175384948e+01
2.542671268300029652e+01
4.463801308883820762e-01
7.600361408682892138e-03
2.802305901161331048e-03
1.383913947520022880e+01
2.724326226980354204e-01
2.129599521062214063e+00
4.908447421841094638e+01
8.031101888073754580e+00
3.626555970320109168e+01
1.490779575778948356e+02
3.166181763125179671e+01
2.064641589313570152e-07
3.022178427847497915e+02
2.805265575526485975e-21
1.272227083194017716e+01
9.316921505564307537e+00
1.944931921288693388e+01
3.786943880439158638e-01
3.394070064572735079e-02
7.653288868823683977e+00
1.582213337873465520e+01
3.260163113403040103e-01
1.374880071081063626e+01
7.520199904244080358e-01
9.564169742021208265e+01
1.429362835109261987e+01
3.032165741671901316e+01
1.338451290982349606e+00
1.341509328082954311e-03
6.204645960324860710e+01
4.098547165661592118e+01
1.708438405320582092e+02
4.761930224557270996e+00
3.286150837474124842e+01
5.260006675042183844e+01
2.815421612183214251e+01
6.677423075658670548e+00
9.195334347699615307e+01
4.996367216900668495e+01
1.596985364354258508e+01
6.430417292841188726e+01
3.069589107667576044e+01
1.917378862853301724e+00
1.618027042122909507e-10
2.190715475328836348e+01
3.987257438616594527e+02
6.067434986164458977e+00
7.419462682296190437e+00
3.106267698866173266e+00
4.693109487623007503e+00
4.411730040908441453e+00
9.427644896494722856e-03
1.127616888378054627e+00
9.345899020011495750e+00
6.823842348373713174e-01
1.268366810885434326e+01
2.096735135088137802e+00
4.123468861885780967e+01
6.043201104610650276e+01
2.105710400538623048e+02
7.181367544700444228e+01
3.904356166124417769e+02
3.115138947802022784e+01
4.163749898477175293e+02
3.103914458216342709e+01
6.277698488182034353e+00
2.263167311247021793e-25
4.669953853214103390e+00
4.923978484194398320e+00
2.077465620390552488e+02
2.166324103350161701e-57
6.575578825476434019e+01
4.631456227347701543e-02
4.432595573618221889e-10
4.438652134757614363e+02
1.618654185080110608e+02
6.004405097910771112e-29
9.168076782288173021e+00
1.371383049427681245e-10
4.756235602354484948e-85
5.138544288284391556e-82
0.000000000000000000e+00
9.389715553029076318e+02
1.133462752036316653e-25
4.466488372949171115e+00
5.249761177223762587e+01
3.589925444724295037e-03
4.352571927456747237e-05
0.000000000000000000e+00
1.710715894351902768e-20
2.820390036901255063e-09
4.098948471450598874e-02
0.000000000000000000e+00
0.000000000000000000e+00
0.000000000000000000e+00
1.197490806130932697e+03
1.014171523856212013e-271
5.361217249013323662e-85
2.645886010384689611e-307
2.582688891020312191e-81
0.000000000000000000e+00
4.102827582545945373e-01
2.398956624243793101e+01
1.444370598586454868e+01
1.413556886350546392e+03
6.999901677185749804e+01
3.320722478875748607e+01
6.080780433307282351e+01
3.700491261011219279e+01
1.448364863255279644e+01
3.629883130258686030e+00
4.606629766761239253e+00
6.184524417344339753e+01
1.260927704381445302e+00
1.001107594549782362e+02
9.219514592975414757e+00
5.701909999161691189e+01
6.187377250418474262e+01
2.604983854345259715e+02
6.997871415657997730e-04
1.579107819882612773e+01
5.685364258105909840e+01
1.975456946288593656e+02
1.246259901462727839e+02
5.996831691559862065e+00
5.382670438313382419e+02
2.799488351030196895e+02
1.949924376455952313e+01
1.195191266593213726e+02
1.414721070534818104e+01
8.762689641300694277e+00
7.652384755698800056e-01
2.406037693887194280e+02
1.078137766841147595e+03
3.144243967286593744e+01
4.472910173783442927e-20
9.878875832741720320e-01
1.153505234057058360e+01
5.181580134528908133e+01
1.150897340120254242e+00
7.449382968194646537e+01
2.502641051738035216e+01
2.576678956793227759e-125
0.000000000000000000e+00
1.352268270923012395e-196
0.000000000000000000e+00
0.000000000000000000e+00
0.000000000000000000e+00
0.000000000000000000e+00
0.000000000000000000e+00
0.000000000000000000e+00
5.148194646280567213e+02
3.552630916138776862e-16
1.326605682806980054e-134
4.479719392023018055e-51
1.053520053991414752e+05
6.669366220019824106e-16
9.017496782896715786e+02
9.382619886806588738e+01
2.442898870991387810e+02
2.131109702565711572e+01
2.078206658137667660e+02
2.245557183299718531e+02
0.000000000000000000e+00
4.832250297252240756e+01
2.463027575755590171e+00
2.176225156687306495e+01
7.693443470787104843e+01
1.424893181317135671e+01
1.107179456178664907e+02
8.916410037184272142e+01
1.270949881366236554e+02
5.639465560142411960e+01
5.981267325053663342e+01
3.611021658964249070e+01
1.201387419394457723e+01
1.735427834104205047e+01
9.875512955469442034e+01
5.035418233288501000e+01
3.102083779799484908e+00
2.052175668368608541e+01
1.795533225254058607e+01
3.999262031462848910e+01
5.113237627611094460e+00
3.026438618046895002e+01
6.242546791698403297e+01
4.161650402145202765e-01
6.662393851846510323e-13
6.336422112136523310e+01
5.761721118637339600e+01
4.270602288269786939e-01
1.533715303842387989e+01
3.100897767354310108e+00
1.192559770559646637e+01
3.312405941543493668e+02
5.933952005282745308e-147
3.857434330949368601e-282
3.136454294892912031e+01
5.702115943049707880e+01
1.335166643421318042e+02
2.040577264456650664e+00
5.760309245370491453e+02
7.405487167045408103e-01
6.385192539216642444e+02
7.019244628298364432e+02
4.991131218562551339e+02
9.631439943142396931e-01
0.000000000000000000e+00
8.312624119891912057e-71
0.000000000000000000e+00
0.000000000000000000e+00
0.000000000000000000e+00
1.890545167573254446e+02
5.523775658126620636e-01
1.012249953787123559e+03
1.653721043755566825e+03
7.363924156642513481e+03
3.772437939896394141e+02
4.186110542229022258e+01
2.219457651113705410e+00
4.507253544542660251e+01
9.085887681802040206e+00
7.461610497032802769e+00
1.191809286949727777e+02
3.257404917498979557e+02
3.614713332318766703e+01
4.469814249104188519e+01
2.583183166873393475e+02
5.278167151672301998e+02
9.415236534713736205e+01
6.516785567279780480e+02
7.262128280605648456e+01
6.911027402433620459e-01
1.094399832203754386e+02
5.659718057928395183e+02
6.617259484344151588e+02
6.489114198962317914e+02
2.355170789845703183e+01
4.683055176475579628e+02
8.305514487659058886e+02
3.052893364304605939e+02
5.408944723656562201e-23
0.000000000000000000e+00
0.000000000000000000e+00
0.000000000000000000e+00
0.000000000000000000e+00
1.342769809420481126e-07
3.433571430238578159e+02
2.368800240855591710e+02
2.269441796014008084e+00
4.872996916649064588e+03
6.659183068428505138e-26
1.342589163065203763e+02
4.178913690462080768e-05
2.792422331974366401e+01
7.246721943068164219e-05
7.153593799802401287e-01
0.000000000000000000e+00
5.814827519470494784e-15
1.815373100083943037e+00
3.970222519329408082e-142
3.453237025854340170e-02
1.658523355442683586e-114
0.000000000000000000e+00
3.636404075260155728e-04
7.674166777979088763e-04
5.957474998414796552e+00
1.667439934164466179e-30
5.583579177571587019e-05
3.626404520845208173e-04
5.573858437814922957e-132
1.259377835220994970e-10
8.760215472203340538e-08
9.263994432077251455e-255
4.566774426021299091e-113
3.891075036159455269e+00
9.299328442163987130e-02
7.722253066964514115e-04
1.129701431986971585e+02
3.452084757531443917e-05
1.496321491903042443e+03
2.570673332919752241e+01
0.000000000000000000e+00
0.000000000000000000e+00
0.000000000000000000e+00
2.269586220682996487e-20
7.782252006701693652e-42
1.921817828075031200e-22
0.000000000000000000e+00
0.000000000000000000e+00
0.000000000000000000e+00
0.000000000000000000e+00
1.972476313469215086e+02
1.171169180351033052e-03
8.424794535572010545e+01
0.000000000000000000e+00
4.525486580142596774e-35
1.097457668475633454e+03
3.162955794571219734e-07
4.811047633078309600e-20
1.242446164581510902e-06
5.581207731901261628e-53
1.490034841871886422e-55
1.226270220571482742e-19
0.000000000000000000e+00
1.250024451517164437e+02
2.204365053226236739e+02
2.401440789937321654e+02
1.316835008249759369e+02
2.384132274714221467e+02
7.676580267915902311e+01
5.362745248457549678e+02
5.714928780875883376e+02
6.189807013035340257e-45
2.555863029859443714e+02
1.967163697256783621e+02
7.796267344548348319e+02
6.972853929673473181e-05
1.236435600336426488e-25
7.705463965073157911e-67
3.399895286242908696e+02
6.520361533297612565e-92
1.144847891082500155e+03
1.087344637762336106e+03
1.900717014552784531e+04
1.066021866268091571e+03
4.184165050076488679e-10
0.000000000000000000e+00
0.000000000000000000e+00
2.234244131507686496e-56
7.024856255686666717e-01
0.000000000000000000e+00
8.637932389053160076e-01
1.088506921301972454e+02
0.000000000000000000e+00
0.000000000000000000e+00
9.702582195201715103e-05
7.858790855522155769e-03
1.950012300684630581e-58
1.445969472048230366e-14
3.869287690122244435e-20
3.769093292085307079e-01
1.944363903729403151e-32
1.186860476222445912e-15
2.490920202668433363e-27
8.623033927110785312e-72
2.367640581060635705e-75
2.339118467280459876e-17
2.755212626054695524e-02
1.032521204758113820e-139
0.000000000000000000e+00
0.000000000000000000e+00
2.708793521491189566e-179
1.017154927785269503e-112
5.790488140854002950e+02
6.438382101278129259e-21
0.000000000000000000e+00
2.410243332363102071e-263
2.348065268135227742e-11
1.046842568478950852e+02
7.144894417635839633e-178
1.946094733203521741e-121
1.043282516988610130e-29
1.091509119425599584e-67
7.071890416381897517e-39
7.488226034047531137e-183
4.854313873548959035e-74
6.448673791287041266e-22
0.000000000000000000e+00
0.000000000000000000e+00
0.000000000000000000e+00
4.403574100606732845e-76
0.000000000000000000e+00
0.000000000000000000e+00
1.095005947723381899e-15
0.000000000000000000e+00
0.000000000000000000e+00
0.000000000000000000e+00
6.687910707215890558e-105
0.000000000000000000e+00
1.495769070701429962e-26
2.943359165144361903e-265
1.806657987551785504e-299
2.701354050894545602e-19
2.887266930743771028e-07
0.000000000000000000e+00
0.000000000000000000e+00
0.000000000000000000e+00
1.117877590088553998e-30
0.000000000000000000e+00
6.825481337416537350e-110
5.313186131581053827e-204
2.296343934612586277e-03
1.166884937785628296e+01
5.558186530888816707e-06
0.000000000000000000e+00
7.739344145594852465e-108
1.254741083970485338e-01
3.123851891778025517e-11
3.636490038047833297e-123
0.000000000000000000e+00
3.762139480339721965e-133
0.000000000000000000e+00
3.788692593981787853e-275
0.000000000000000000e+00
0.000000000000000000e+00
2.475315625418634548e-117
0.000000000000000000e+00
9.823910445342926048e-30
0.000000000000000000e+00
6.647286150366067042e-41
6.233582709113400018e-129
4.246383397897615652e-01
1.660083366588882130e-05
3.370259497809245378e-49
8.700777973927186339e-18
3.782200670660511150e+02
0.000000000000000000e+00
1.748145611160049636e-07
7.422089012356167075e-03
3.748614778179777954e-293
1.004308155022987648e-01
1.544998195770443283e+00
7.127716318520913382e-26
1.241655915080881516e-151
1.037418607401723123e-03
0.000000000000000000e+00
3.879522842743086899e-271
1.498221413522550716e-11
2.471619317558227877e-02
2.962675331160432890e+01
4.025245394442976521e-14
2.216503245655075318e+02
5.584364073461510714e+01
5.583496145314694736e+00
1.007927340098924702e+02
1.330653521079071311e+02
5.899781942704927218e+01
4.221284773779907340e+01
7.580303716429380074e+02
1.547803909754720962e+03
2.030380938022670279e+01
1.002579054732406973e+02
1.430333979686836265e+01
1.520406196174853008e-35
3.767358936996564622e-10
3.029231385741007981e-141
1.432982667648491080e-72
0.000000000000000000e+00
1.356644285350181052e-107
2.364045671154865147e+01
4.173148925085310452e+02
9.264250579284085279e-13
4.134519778818662544e-13
8.355379754910769634e+02
0.000000000000000000e+00
4.550160103111081655e-01
8.953134019310388325e+00
3.513747135289622831e-21
1.603893251592017425e-99
9.672466733860308068e+02
3.037995057592323637e-03
3.551631980642072726e-03
7.515581194769004014e+01
2.055294067489507969e-25
1.048411422973773632e+01
1.092342787445732960e-01
3.162188712197809836e-246
8.397965873169209765e-11
3.985404373710823489e-11
1.979110978825174404e-174
1.091860952248109307e+01
9.056451345044486061e+02
9.069628725241012717e+02
7.161429993654372161e+00
1.066524879489478064e-76
1.010075764343495418e-22
9.125098871836456287e-241
0.000000000000000000e+00
0.000000000000000000e+00
3.512983900800972781e-03
2.569769167370314297e-155
0.000000000000000000e+00
2.573832237120010191e+00
2.440459779107941322e-60
7.603392504526870566e-52
2.010321314731852895e-66
1.569465904637654473e-134
4.999918900602519329e+02
1.568788375695384424e-33
1.210458690803976083e+02
0.000000000000000000e+00
5.959604466925193351e-46
4.604918671784352568e+02
4.787408101611319466e+02
8.700446978659646220e+02
3.517948329505566197e-96
4.114404327038359551e-08
1.413769573874260459e+02
3.121499937038177450e+04
1.273071083401068790e+02
5.453832752418692073e-29
1.345728286784803339e-07
2.231007863405383773e+01
9.163585198208438669e+03
3.728576622432190675e+02
9.232329834809915781e+01
8.104567321268724247e-19
8.942575422053428017e-40
4.542735651087805415e+00
1.658178016559561089e-30
2.669007610168168412e+03
2.276965870156256178e-01
4.091361226073337320e+01
4.852539205160022043e-20
3.003095380735264371e+03
9.766029899716797900e+02
7.626072086917123443e+02
1.757443119862637104e+03
6.727133827852937031e+01
7.078864537542140170e+02
7.407256747653116236e+01
1.159491326662067934e+01
3.704545814663643876e-46
9.273433546352986982e-276
8.761243943103285772e-23
4.476418226280654508e-85
1.568663212029527485e-14
8.841851073041283806e-39
1.391719501569351962e+02
4.601411458858995474e+01
3.125025976572210500e-06
0.000000000000000000e+00
2.463250337557177540e-153
2.562556136142695944e-22
7.497030151102572478e-07
5.664602871046751531e+00
3.491453408906331355e-160
0.000000000000000000e+00
0.000000000000000000e+00
1.109887261241844170e-94
0.000000000000000000e+00
8.695865253041325647e-277
2.095681946207774672e+03
1.190497583646166640e+04
1.682323391248142741e+01
7.158767557868309268e+02
1.345586923869596205e+02
5.273516679959372233e+00
3.537985157210166443e-07
6.387795462891488114e+02
1.655526348438719140e+02
1.096335746189635252e+00
4.696436034608846057e+02
9.141692617872624396e+03
1.019287363798566446e+02
3.196861702267715377e-01
4.169098868683927321e+02
1.411061576355631075e+02
5.386282750404663489e+01
5.599045205939715686e+01
1.227239380107441320e+04
1.526125254004605658e+01
2.120606511668153189e+02
2.911216686978886514e+01
5.499722516427005985e+02
5.645157717174636673e+03
1.084994667621021449e+02
1.192527470748893847e+01
1.228960468984607714e-10
2.057018201317949657e+00
3.402661182604875545e-02
5.500360210933750160e+00
0.000000000000000000e+00
1.995996744864505454e-14
1.222518083922817880e+02
1.328791459797966752e+02
9.106953108950263379e-74
4.231507549552961193e-12
8.330735097178300237e-38
3.696477272543050390e+02
3.097848576333572055e+02
6.861614101408094939e+03
0.000000000000000000e+00
1.044114111588350990e+00
0.000000000000000000e+00
1.409015034671809719e-01
1.149620055303960555e+02
9.133110189410932378e+01
7.747653953394540577e-04
9.570474231729549786e+01
7.947040806122141703e+02
8.213421604228580362e-108
2.039545057332374683e-48
4.510572735069925443e+02
8.436945612123439560e+02
1.469377519977405799e-14
1.858838307050402443e-241
5.169394304182555198e-143
0.000000000000000000e+00
0.000000000000000000e+00
3.810995758536190351e+03
0.000000000000000000e+00
8.190530696222399456e+02
8.877660905106243757e-24
8.741619256921678698e+02
0.000000000000000000e+00
0.000000000000000000e+00
2.292327294952910108e+02
9.887918956498906198e+01
5.298588577977073874e+04
2.878589415641070900e+03
1.260870679738093081e+00
3.550965082139513618e-02
2.590723043420033491e+02
3.294320739535439202e+01
7.873050156728719173e+01
1.914416456035028080e+00
3.805196570549991991e-80
1.553689616194013690e+00
4.782584504006655379e+02
2.542940793584858028e+00
9.370818338384645411e-43
1.827029642019233110e-25
1.732700380892762793e+00
4.136485398572195216e+00
7.367329324661171519e+00
4.137136385629895663e-03
4.418693063746349514e-01
3.539175250012374363e+01
5.715911432453296470e+01
6.567749335393954224e-01
7.106740190274818557e-22
0.000000000000000000e+00
1.239672841500966327e-94
2.549243923331308265e-22
5.319944502925802254e+01
5.602389946644659346e+01
7.863648218709291982e+00
3.186982136223877546e+02
2.300470964681428825e+02
2.409515410355229648e-01
2.146797908424298029e+01
2.152667241607419124e-01
1.860174705852843280e+00
3.450313396762911111e+01
2.004198195866660015e+01
4.075616466752514988e+00
4.048911629270952162e+00
8.243056743357625393e+00
7.223643386370560471e+00
1.436845571220031914e+01
4.965253171744408611e+00
1.296740433344353782e+01
1.744034862158022392e+01
4.326648343422436760e+00
9.861795098754592814e+00
8.388012893103530487e+00
7.590770329058456056e+00
1.033624626926333079e+01
1.059708500895289125e-65
4.033868642115149328e+01
8.625013604624814434e+01
9.278138631695348491e-51
1.408029103917644731e-123
1.961824989160722046e-97
7.936315018919284053e-12
4.169170540666670977e-03
4.922767833318853166e-20
8.096862775706730986e+01
2.026189926219877435e+01
2.431952669202933204e-72
0.000000000000000000e+00
2.587612487519233007e+00
1.992400772093807948e+00
1.015437722245444832e+02
9.770630638238113619e+00
3.559775198983748723e+00
2.777505919617454211e+01
9.771220859351447530e+01
5.907590762391250649e+01
2.202769265821672207e+02
2.269127762163790067e+03
1.579209420569440852e+02
9.624186598638278411e+00
5.499111062353462103e+02
1.195313006670123741e+03
2.787935659331924967e+02
2.090450310296784551e+02
4.247504734606582701e+02
5.665444682044520164e+01
4.814540009003091114e+01
9.778386459675663875e-03
5.007313039636143230e+02
4.368834938829046166e+01
7.898380138279031293e+00
2.901136638953760638e+01
6.297601321814159974e+02
1.937720696079011518e+01
8.765122594721040272e+00
1.442245542269771308e+00
3.826899113763204952e+01
7.704282800017882948e+01
1.825106278451856640e-11
3.626271146748963670e+00
2.217589105024108420e+01
5.253464259613903664e+01
1.000257442240720479e+03
5.773971684032519988e+03
3.023824191224575575e+00
4.017936476923721578e+00
2.821586999997770295e+00
4.005326979849270685e+01
3.498421693547335849e+02
3.216776248615217160e+00
3.341479945657088990e+01
5.500305433573842606e+00
8.365989411443749191e+01
1.778830848378096263e+01
6.613898664004755013e+00
1.000017881367264749e+02
8.258185667926522910e+01
2.154133043012666917e+02
2.464893343821402141e+03
2.349442760406570851e+00
4.904799399200012289e+01
4.976711474225893106e+00
8.129317069415925801e+00
6.522448439553726551e+00
2.588085936043470880e+01
4.688216885320455418e+01
1.782378392659530590e-36
1.281999391233611396e+00
2.681574599929024628e-06
3.906439595282713384e+01
2.369992317806604219e-06
2.611832750862706476e+01
3.489223994439033527e-02
5.596444019954926574e+01
1.688780097294305804e+01
6.515974296545144284e+01
3.994728638881764482e+01
1.562456925552939246e+00
4.342884091843335170e+01
2.773329451266336321e+01
2.084158172993891256e+01
1.545532196266772473e+02
1.906420482103871450e+01
7.678015597631629419e+01
5.470346525542423954e+00
1.085812751484240302e+01
4.792949766223817676e+01
1.323746271070118219e+01
2.882145584599808075e+01
1.093987833874291127e+01
4.030694804848261037e-01
1.886515666331290220e+01
1.295933983505038434e+01
1.258251034944764690e+01
1.966824243561866581e+01
2.545570398627831565e+01
2.585470189420376386e+01
2.047200780118088659e+01
2.791930985530234821e+01
5.958809866315312908e-07
4.094088022506021929e+01
5.686283377479040979e+01
1.408258114629696145e+01
1.260474976185152407e+01
7.512910746270577533e+00
2.021847627501056266e+01
3.106908236916340726e+01
1.479894342278736303e+02
9.704136951843473469e+00
8.317194677772374689e+01
6.522533892561409630e+01
4.895232877070095867e+01
1.867446409924116075e-08
2.522995698138430498e+01
1.126969360807268394e+01
2.072393666775379549e-04
1.163723767479448270e+02
2.145590589656148073e-01
2.315867977039059722e-01
6.956490531808927624e-01
3.771378579689464994e-01
8.945677407318669561e-02
2.361337857332594936e-01
2.599561574376451079e-01
7.520253899332194347e-01
9.381686698355452547e-01
1.044804167624468372e+00
1.102525580733338950e+00
6.655988151288962096e-02
1.710593239059455400e-02
1.628983043229360328e-01
1.049712546975798549e-01
1.351832743918993218e+00
7.549707273867934942e-01
2.538948990452318810e+00
2.490973409272668679e-02
1.013539635521632842e+00
4.274043734608546918e-01
1.556825974534290224e-01
1.641895495458466636e-01
2.652299745771450890e-01
1.518242210957632565e+00
1.057358400146496402e+00
1.001444086904376540e+01
1.600418898202645224e+01
1.095100507741536333e+01
1.721672040683638727e+01
4.853501555895552433e-01
4.653147882478247510e+00
2.128055462127292733e-129
2.285407603010307209e+00
8.967834786512958090e+01
5.890397529337077032e+01
3.272732978319943253e+00
6.176678204621411511e-02
7.542414120718397841e-02
3.283601556656787768e+00
1.913997262203750438e+01
2.920672416086641299e+00
1.211709433537276226e+02
6.485907187785340727e-12
1.614894854387801702e-41
3.201987183134314563e+01
9.510269058131341069e+01
6.640130833042294789e+00
7.527544145417847687e+01
4.094261923365160527e+01
9.070482573304189018e-15
1.912918968883394077e+00
3.478085755599570803e+03
7.013667907328949290e-07
2.112422067061708461e-06
2.039987594156647788e+01
8.223519353313159872e-14
6.019607229096776280e+01
1.367668270058988185e+02
9.365575230582308119e-01
4.829175275612835776e+02
3.129793167152043146e-03
3.932929159291801979e-01
7.598702179864321060e+00
7.082515272983301580e-02
6.443915286781829899e+00
8.659921484334644148e+00
8.308217709598832101e+00
1.572518300102460209e+01
1.017134406367850552e+01
2.079558707073974944e+00
2.715554045850155163e+01
4.095705934111040847e+01
5.531251012046012647e+02
5.946479966481944129e-02
2.006248861579496128e-32
3.066994301044819071e+00
0.000000000000000000e+00
1.969705262808472579e+00
9.393250602364000201e+01
7.092038057955280195e+00
2.269661211681553326e+01
8.375637471083915431e-01
1.141250832524201390e-02
9.873553426864724258e+00
2.903653731064027355e+00
5.355838795018656192e-12
1.713273150227220185e+02
2.744887562005512791e+02
3.163267034179093051e-01
0.000000000000000000e+00
0.000000000000000000e+00
0.000000000000000000e+00
9.098135044085067591e+01
0.000000000000000000e+00
5.866560264956491721e+01
2.429388305741203169e+02
1.254281780386703993e+01
8.797415063496600851e+00
7.558812553391504707e+01
3.307990927398606118e+00
1.080749632700157781e+00
4.011882777055478755e+01
3.604508123078661086e+00
0.000000000000000000e+00
2.566069980127917649e+00
1.103441756469344110e-21
8.847824813181299000e-03
6.701400981302076121e-02
2.944525373358049869e+00
6.622254343366219018e+02
9.772245285502805245e-01
6.020820322819133708e+00
1.098042860470332394e-01
2.195419559561450458e-10
4.999802570607736385e+01
7.738385294102397616e+00
1.182324550123925046e-08
1.287119450846580371e+01
1.162291028922615571e-01
8.220130207501277209e-01
1.852712674718540219e-03
6.715088402748924601e+00
5.909409905425960271e-100
0.000000000000000000e+00
5.243121219201738903e+00
0.000000000000000000e+00
2.745558926795839756e-07
5.092584968099442363e-06
1.031686725637426605e+02
6.605290620315453332e+00
3.169220770598123682e+00
4.285077862468298804e+00
1.092796129002833538e+01
3.684588516991585294e+01
5.148654680770314229e+01
2.033630718621687450e+01
1.617039758590637089e+00
7.602807788645554510e+00
4.192316437283495389e+01
1.303122914315042067e+02
3.461294382525094959e-134
4.027694637800240305e-10
1.914082382232619750e+02
2.814815870717129087e+02
4.691431849583888436e+01
9.895189337506944405e-01
1.701220135842685721e+00
0.000000000000000000e+00
2.958207498669527524e+01
2.503947028070858138e+01
4.994760304452112365e+01
1.866068807488158399e+01
5.707769645885143461e+00
1.219871388128364664e+01
3.502198872252768602e+00
2.429159077074787731e+00
1.822195393170791178e+01
1.510120728714108473e+01
2.107023734327724718e+00
2.921707914283719454e+00
2.932064107161507138e+01
1.292324483614510910e+01
5.332860183433575685e+01
3.840419890338441888e+00
2.563154158965806673e+00
1.420675357051757359e+01
5.686875557329554631e+00
7.149170378933477288e+00
1.588479834590166995e+01
1.354078613494030137e+01
3.640172052398071290e-01
3.068538012593571285e+00
5.100212902612690336e+00
1.463958282352747275e+00
4.798637588388820596e+00
1.115379902087981456e+01
4.148108212620909008e+00
5.398721379589310310e+00
5.877945206028567959e+00
2.945318279428456587e-01
3.268997329716558209e+00
5.715507140350084114e+00
3.325678062546324298e+01
3.058350204191190302e-01
4.737158447127162830e+00
3.850065698259248048e+00
5.263475418008429330e+01
3.190943217961807132e+00
1.497957107571042279e+01
1.221446864405028165e+01
1.353693799568940648e+00
9.398477595746884461e+00
2.546530548483658118e-01
5.876038310033735002e+00
1.114243178224320374e+01
9.020644543119170633e-01
4.532631707928292286e+01
4.931267746494280568e-01
8.182776817173982309e+00
1.380528131733555419e+01
1.407075543926442940e+01
1.135398347215205739e+01
6.076661316165189675e+00
8.983432706709408855e-01
8.148829459799534547e+00
4.365834428652353161e+00
3.878609873211955050e-01
3.299092713280342082e+01
1.220618800130916526e+01
5.373651125136974294e+00
2.788672046083087608e+01
9.621491608854873334e+01
3.272699801846965784e+01
9.786719414440270270e+00
4.034081522961900390e+01
1.259183860447253389e+00
2.033283600335123253e+01
6.030083357313482245e-02
4.183153152268855735e+01
4.597812807397025914e+00
2.300880464605228881e-02
6.082843441257605122e+00
2.243372578456454658e+00
6.156614762841373656e-01
1.336734632576196645e+03
1.113251888763398938e+02
1.093173193791027620e+00
9.448584428201885999e+01
1.181052385298813734e+00
2.996509635724121434e+00
2.410676399222100130e+01
1.643397211797193336e+01
2.009044386848237274e+00
4.570783122812630772e+00
1.605984013301244318e+01
1.201747804211336046e+01
8.839873438018324592e+00
2.421341285986357457e-03
6.222703303718755130e+00
1.017295287176288276e+01
4.917930936126645669e+00
2.179887344316418307e+01
4.850993807697130400e+00
1.204107283626023150e+00
7.595452411632331868e-01
9.404993893914442538e+01
1.800470820830199603e+00
5.014840969132904114e+00
4.119116748204217693e+00
1.880627458941902574e+01
3.544300374794172370e+00
3.482327299560116440e+00
1.823778040777615104e+02
3.112335632862486534e+01
7.097986743011685640e+00
1.479189782607004489e+01
7.411481408136832982e-01
9.828389034005634528e+01
3.620288798241567019e+00
2.081285620388010500e+02
4.268596351441906478e+01
6.660177292305365704e+00
7.877317152227194086e+00
4.956310182162393829e+01
0.000000000000000000e+00
0.000000000000000000e+00
8.519005505293694824e+00
6.099080346100949157e+01
2.097994155081904211e+01
2.484861412411139270e+02
8.215701984939876468e+00
8.167455299110839562e+00
4.118042577600125931e+00
3.342048296378594241e+00
3.925344920736534071e+00
1.200987496485247386e+00
5.502712765605130230e+00
6.203182495700793275e+00
1.052167294993689925e-02
1.750112606452721690e-57
5.358568506830622624e+01
9.036719315777862249e+00
2.067548786148964979e+01
1.486846674527501300e+01
1.961687756497868307e+01
4.193431797918800044e+02
1.181727147143055809e-188
1.908017356407879905e-03
3.446126223080974604e+00
1.603408118443035590e+01
1.233738076993278909e+01
2.348821190963557797e+02
3.369875402092507244e+01
2.727364300314194878e+01
2.105284831486988040e+01
5.646211249936069265e+00
2.714884731281303942e+01
2.395527942569025015e+01
2.760344057218043190e+01
8.890680289601013442e+01
1.493925261575526520e+01
6.174702716952610615e+01
2.028971967990663321e-18
6.574832251171547171e+01
3.474752048570874763e+01
2.551622286232545633e+01
3.433662419992099046e+01
4.061130480919994312e+01
1.438707376122563097e+01
5.381540603690055491e+00
9.062971217635482901e+01
2.025497347923259639e+01
1.185567551450822155e+00
2.344052896282258162e-03
1.000175290667762624e+02
4.186248570855965907e-72
0.000000000000000000e+00
6.240421030702974383e-19
1.646356165945251391e-16
2.966936236545763705e+01
1.110114072613242442e+01
6.348714890258263743e+00
3.288749142129923940e-169
2.616923862772938758e+00
3.607549164205856935e-05
0.000000000000000000e+00
9.318345805777038748e+00
9.578795794071556458e+00
8.648504098385146818e-03
2.876795332476908565e-22
1.786734963535482024e+01
5.751699783449745274e-04
0.000000000000000000e+00
3.280679960061613781e-05
4.207998718308081365e-01
8.586343190646015699e+00
1.151149398744208128e+02
3.015864459762353622e+00
1.990174972949312746e+02
9.928470339433039271e+01
1.606764902098186232e+00
8.655047492979963675e-01
1.570490029866291195e+02
9.001901960965714267e+00
2.560505482895865015e+01
1.392920828566045621e+01
3.578668583762154043e+01
3.099935952099067915e+00
7.668032250705127950e+00
1.747536819522520943e+02
2.781751717326227307e-08
4.234246398571464010e-01
4.072428422809535675e+01
0.000000000000000000e+00
0.000000000000000000e+00
2.431611913960658455e+01
1.318841202086732700e+01
1.908365054432543007e+00
6.086028552152754401e+00
1.444347187891542994e+01
2.743837264334553439e+01
1.901246429688536352e+02
3.031282378306480041e+03
7.515683401825067449e+02
2.045888787556219057e+01
1.208886596746487108e+01
1.962545258029432027e+00
2.822975057432355683e+01
4.893654015805772417e+00
1.329451422693499580e+03
7.515737948011010872e+01
1.204928707714635649e+01
1.367141957029371691e+00
1.462139087833201678e+00
5.127089645035054133e+01
1.245418956208294503e+02
1.863584123444856022e+00
8.270171180889347795e+01
0.000000000000000000e+00
1.707211939609607271e+03
6.981082288771850664e+00
3.644744026025899331e+01
1.688850539769959624e+01
3.802993029039507178e+01
5.246389823829074928e+00
7.396324807440872284e+00
4.778001455431250832e+01
2.903575884817069763e+01
1.197713008108412680e+02
1.514591233998476838e+01
1.260306939153646510e+01
1.783682186480295861e+00
2.722044135667034848e+00
1.242320384242628961e+02
1.929847803411079354e+01
1.300295423383102502e+02
3.771039441255958877e+02
1.742231373163982155e+01
9.686333296755442746e+01
1.910811217916806370e+01
1.673519236769945806e+01
5.553129425238213734e+00
2.933656140757665653e+01
2.431647884684663641e+00
4.998216070120452548e-01
2.852041166096784153e+01
0.000000000000000000e+00
2.699290105864870615e+00
1.523935554781984258e+01
0.000000000000000000e+00
5.555555273323665944e+01
3.249680910462370775e+01
2.418315458679259677e+01
2.482533774147925101e+02
4.966677164074785082e+02
4.273741772174667375e+01
1.541575615491871986e-40
8.385293186359592532e-01
0.000000000000000000e+00
1.364871161271809101e-22
4.802105408486783972e-17
7.523460029227526036e+01
1.075518025467432835e+03
0.000000000000000000e+00
6.453578449133531138e-156
7.198361820102518490e-102
6.307330742627701958e-105
1.599939224821215189e-81
2.046806294474419246e+03
0.000000000000000000e+00
0.000000000000000000e+00
0.000000000000000000e+00
5.187253334658469153e-207
1.209558869548650967e-08
1.639652486260865855e-54
1.648024122446431150e+01
5.227654779629921933e+01
3.924050217446198729e+01
1.772654644634183185e+01
1.644878456206338413e+01
3.159777930792037992e+01
6.909907408424974307e+00
1.000778535526171709e+01
3.435339635496970345e+01
3.709871497494043524e+02
1.456863901826156882e+00
2.983099352267891646e+01
9.352140631168386025e-07
7.432681745256833326e-194
1.093269548727928142e-01
1.847673108865521968e-24
9.016068579551557605e+01
8.980906263784301170e-54
1.812635975711352390e-09
8.024108526949297016e+01
2.486690734415861304e+00
2.552363022584239616e+01
2.657965227887380433e+00
5.449925736590398628e+01
8.587620128965282262e+00
3.056136721643852638e+01
2.257803995496925609e+01
5.123831919290262960e+01
3.202351903487381435e+01
6.107380290850054905e-03
9.434545992480491972e-01
6.064493249324408453e+01
3.840534472560768742e-01
1.575130002212016917e-03
6.548004294266529524e-01
2.363240889049536619e+01
1.894288834892795492e+01
3.447422800246679464e-01
1.386924015939134280e+00
8.224561791657760640e-21
3.890147822798898605e-35
1.029440152174335729e-95
0.000000000000000000e+00
3.874912576546114451e+01
8.810171691826903739e+00
7.070163649219701751e-01
2.203188164478989908e+00
5.089986191254482151e+00
1.057847700759402265e+01
4.715505767339087129e+01
2.418203916399474807e+01
1.012411794455003852e-04
4.166053595035450918e+00
4.664856993926984785e+01
6.300626813783976043e-01
1.332379762524127098e-01
8.747843506360654331e+00
2.867183830561441127e+01
9.764594731718552381e-12
1.299717039856503220e+01
1.967840648134092163e+01
2.069659029044874998e+01
8.516982656528659490e+00
3.618703119377055140e-04
2.527575460300137777e+01
1.071007158001044957e+00
2.231607757938230208e+01
1.054249434047175527e+02
9.714223582865360029e+00
3.739526256689599393e+01
3.895538164316644640e-04
1.833420039124940359e+01
1.975128587350225701e-02
4.508651412512652140e-02
6.912747102596873638e+00
1.056258964767466679e+01
1.047069470524332502e+01
7.206883142590415403e+00
3.177815740288954061e+01
5.770803439531305656e+01
7.877663731155055871e+01
3.386959469507261900e-01
1.102797488064202867e+02
5.032325834648950291e+01
4.014820481668709817e+01
1.979607153135434829e-35
5.457908629875180395e+02
8.933861035986190996e-03
6.328434832501342200e+00
9.260149492248177694e+01
6.752467084174810195e-03
9.250608067727771555e+00
3.634263390085304479e+01
4.383288208202854586e-01
1.640072535627171249e+02
3.409671341998240450e+02
2.076054832627342535e+02
7.441754056665820551e-04
1.622707529910122162e+02
8.424996092290150500e+02
1.708638500161223806e-03
5.548405965451505040e+01
6.766140855260159981e+01
9.146431805010789562e-01
8.889235757209813471e+01
5.919145527685338948e+01
5.004272912350429436e+01
9.280800845158957424e-01
2.764733708200030904e+01
6.625334416558108330e+01
5.674095604932012371e+00
8.087761759612650394e+02
6.829118755950638331e+01
2.362887258173262595e+01
1.711231821723820801e+01
7.278470097185867071e-02
6.312955322966289806e+00
5.221882316805528390e-01
7.862903501652898988e-03
1.109219309528358122e-01
7.307190893927178838e-159
6.439681219183379214e-62
4.749244789376915223e-12
1.453430665376042530e-71
0.000000000000000000e+00
0.000000000000000000e+00
2.332597664539212929e+03
3.405284681087985140e-46
4.373454049835616075e+01
0.000000000000000000e+00
8.382550694473072842e-14
2.910065400574165437e+02
1.159104355430364164e+00
2.476979851542343847e-01
1.520853908815291788e+02
8.084534476997393426e+01
1.119959727172730624e+01
1.701496203684716990e+00
2.338454750017099695e-02
7.745054625796288228e+00
1.103737584900655747e+03
9.160871318299111721e+00
2.933051151204154352e-147
1.306585067433405811e+03
1.290959133863360330e+04
1.628272980408198123e+02
8.872820474656421819e-02
1.011736223148469071e+04
1.598837292224940532e-01
2.590866938809111897e+00
1.106783985651981077e-08
2.302094421858840082e-34
4.209358373167108763e-60
0.000000000000000000e+00
0.000000000000000000e+00
3.898882304867176642e-154
3.154914369017953959e+02
3.951034324609943749e+00
8.009968084483153561e+00
6.403724083637270573e-05
1.471955349441923033e+01
4.437251402027639806e-07
5.278652717989498565e-14
0.000000000000000000e+00
1.486271207785450944e-02
0.000000000000000000e+00
6.153817164997150257e+00
1.330371477782610157e+01
0.000000000000000000e+00
2.677408312846828053e+01
9.122351596370685822e-01
1.379689050522580285e+00
7.697213494436182657e+01
2.511808433398590878e+01
6.021508350850213373e-149
1.173064513857934254e-17
1.856458877373238244e-08
6.106593574127883348e-16
4.850489407678863218e-159
1.307292053133595226e-03
3.877811684913829549e+00
1.127266330324697488e-02
9.107401802761788190e+01
3.957886403284297749e+00
8.895683532990959819e+00
3.056706978159921650e+00
9.948809039493069406e+01
4.640879773715734791e-01
2.461622657900728228e+01
1.770797605943195663e+02
1.840981538012171086e+02
1.341286229870821023e+00
4.615641536595799010e+01
7.194457298247376684e+02
1.791021285805240026e+01
1.403760506828791166e-01
2.878027510689938495e+01
1.161006803681410915e+01
6.612807625074327689e+01
3.315315490332014559e+00
3.934880927350477720e+01
4.332526247001925241e-51
7.555011182444147266e+01
1.104066531742110513e+01
1.839223863192714248e+01
2.369887072305750308e+01
7.281218463259952145e+00
5.766855612013688770e-27
6.331209634818610965e+01
0.000000000000000000e+00
3.973071942761904296e+01
1.028441453698843588e+01
1.702332645438718820e-291
1.592428977968188461e-09
3.907592638569144583e+01
3.498238165724963977e+01
5.402260214604158506e+00
1.779851027414495590e+01
2.770546015934258321e-46
1.218807549099391485e+00
1.797859968175679344e-03
1.183862054594058435e+02
1.851875142564219914e+02
1.214752936051168852e+00
1.911626069426946373e+01
7.060933316129461446e+01
8.860793144427079326e+00
6.461608349863699914e+02
1.394939053630148473e+00
1.750758835647134788e+02
1.777258245933173697e+01
3.780848654234085870e+01
4.612874162677442769e+00
3.977131969028656044e+01
4.024314515651996516e+01
1.421887392205632983e+00
2.667639050494070574e+00
1.641781185896971706e+01
4.557679188374440571e+01
1.825815011523062248e+00
1.362664677048195117e+01
5.095507965427439956e+01
9.854854101177870973e+01
2.880415728691448685e+00
8.637251925380443618e-01
1.050236130294323544e+01
3.776055711061207187e+00
1.024858597427388673e+01
1.784345012550476497e+02
3.403249248114128096e-22
4.774838010769718366e+00
6.827467868157578723e-02
1.413979254267731557e-07
1.579440228080097222e+04
5.359036592376800634e+00
3.254540832280279577e-249
8.624065490925779898e+00
1.627979952629553359e-04
7.356198805819330744e+01
5.908885053291069722e-01
7.162198960666057879e+00
1.099449483400106828e+02
1.736679794230297148e+03
9.075151676961932257e-01
2.500804385795346363e+00
2.142077956109059373e-04
3.093527073835392827e+01
5.909097669867708902e+01
2.932734196205630894e+01
1.751305873756112987e+02
1.426402312144532392e-01
2.454712289064859831e+00
4.084581957697341892e+00
6.888538947824014436e+00
5.440730324565561382e-01
9.554462365851218664e+00
1.911444462447156312e+01
1.435344951441009869e+02
8.625418118219172925e+01
1.423910373031840981e+00
0.000000000000000000e+00
0.000000000000000000e+00
0.000000000000000000e+00
0.000000000000000000e+00
0.000000000000000000e+00
0.000000000000000000e+00
0.000000000000000000e+00
0.000000000000000000e+00
0.000000000000000000e+00
0.000000000000000000e+00
0.000000000000000000e+00
0.000000000000000000e+00
0.000000000000000000e+00
0.000000000000000000e+00
2.337730280019916285e-233
0.000000000000000000e+00
0.000000000000000000e+00
0.000000000000000000e+00
0.000000000000000000e+00
0.000000000000000000e+00
4.133096096295256367e-254
0.000000000000000000e+00
0.000000000000000000e+00
2.460146813426673266e-12
0.000000000000000000e+00
3.538141631538104133e-07
5.934187389027942655e-240
0.000000000000000000e+00
5.606668199587923482e+03
1.767406250573214663e+02
1.055031544738380012e+00
1.294651766716985997e-193
1.908935114482177340e-204
4.250200719545112804e+00
0.000000000000000000e+00
4.341033928281432377e-08
0.000000000000000000e+00
0.000000000000000000e+00
2.083386219100698145e+04
8.450126779324386230e-22
6.138985930058733731e-10
1.953484401953854785e+02
1.849578560893876420e+04
1.557572274279551948e+03
7.089562881593640668e+03
4.577976978578027456e+01
5.993316981251763272e-03
6.692816559698895844e+02
2.100838110821803468e+02
3.411345362794727323e-40
4.545889599841049744e+02
4.113293619413108881e-06
2.835622095651065777e+01
6.169365951375465329e+01
3.728112747237389418e-02
7.780352570520138897e+02
2.614084497783074994e+02
2.408739249838419255e+03
1.435440163789557388e+01
9.381804497338146476e-01
6.763486286296295225e-01
3.219757691581073722e+00
1.390499503719404295e+01
3.490877103368806633e+00
3.586041582877983913e+00
4.891121660055198106e+01
1.465436252188952722e+02
6.010752068873017606e+00
6.749973030281206492e-108
7.803600869654900678e-236
0.000000000000000000e+00
3.594743376523667827e-06
1.896514122897816037e+02
2.119297668630249234e+02
1.355835470929565219e-06
2.341262523101796056e+00
6.351072524320032997e+00
1.626874520595216200e+00
8.261537515703093248e+00
0.000000000000000000e+00
2.549002484173043683e+02
1.229181551900616341e+03
1.165681736639946008e-07
1.714451741757597460e+02
4.167518184019115983e-17
1.839989533556639264e-05
1.702548676248042909e+02
2.608776000210381696e+01
2.342603798594247041e-23
1.878868844397816673e+01
3.000526080012547725e-01
1.846811499673731987e+03
2.870843852334622071e+01
5.185185942684491778e+01
1.864498050817724106e+01
1.203810053348661668e+01
2.002809373470930510e+01
1.003345140528587720e+01
5.420659437427199023e+00
4.496284419918348618e+01
1.037179198325537222e+01
1.720631208545019830e-01
4.747138121631064855e+00
1.630758795969192043e+00
7.728461871314427079e+00
2.683943349006877810e+01
8.491834856142647325e+00
5.778710390327623969e+01
1.238453178311378622e+02
5.401174016254675081e+00
3.881553308869000407e+00
1.321767040968477147e+01
2.346686235759095140e+01
6.014836116283765577e+00
8.289027721370089807e+01
7.973421478085039205e+00
2.597782866554145809e+00
1.674397740717177563e-02
3.150433514821292533e+02
7.347295307137852660e+01
3.805597667693494834e+00
1.096026377983664304e+02
