# residue i_ratio gamma_2
1.000000000000000000e+00 nan nan
2.000000000000000000e+00 9.816734920203227244e-01 1.694406196567779799e-01
3.000000000000000000e+00 9.702147061031944908e-01 2.783475502914498079e-01
4.000000000000000000e+00 9.565940644677189963e-01 4.108897348666408766e-01
5.000000000000000000e+00 nan nan
6.000000000000000000e+00 9.223849545254305671e-01 7.594381116529300702e-01
7.000000000000000000e+00 9.371268586130980793e-01 6.064011347613610381e-01
8.000000000000000000e+00 9.349698573881304320e-01 6.285193008925469282e-01
9.000000000000000000e+00 9.588962276491843628e-01 3.882467262519694318e-01
1.000000000000000000e+01 9.570233384188773229e-01 4.066600749728201403e-01
1.100000000000000000e+01 9.504251913226436921e-01 4.720558247349362913e-01
1.200000000000000000e+01 9.086051453488824814e-01 9.065571742732846383e-01
1.300000000000000000e+01 nan nan
1.400000000000000000e+01 7.662006813808186489e-01 2.703316323104094643e+00
1.500000000000000000e+01 4.836195427341221098e-01 8.913991323671542233e+00
1.600000000000000000e+01 nan nan
1.700000000000000000e+01 2.208417180885051678e-01 2.519604412697627183e+01
1.800000000000000000e+01 9.430308010637990235e-02 5.264086536085614654e+01
1.900000000000000000e+01 3.176690485075197024e-01 1.665086502571294247e+01
2.000000000000000000e+01 1.932638555187626284e-01 2.879619122337070181e+01
2.100000000000000000e+01 5.301956113070544624e-02 7.717555218380240944e+01
2.200000000000000000e+01 2.721279236645169144e-02 1.110472355652281493e+02
2.300000000000000000e+01 nan nan
2.400000000000000000e+01 nan nan
2.500000000000000000e+01 2.904893176137265335e-03 2.560325198411408678e+02
2.600000000000000000e+01 4.547220127379596188e-02 8.448247870099429235e+01
2.700000000000000000e+01 7.216293508545311430e-02 6.346308234069920928e+01
2.800000000000000000e+01 9.813174758989887114e-02 5.111963158623992598e+01
2.900000000000000000e+01 4.355666326757781093e-01 1.064105467559327245e+01
3.000000000000000000e+01 7.129478396203935420e-01 3.538614853462086263e+00
3.100000000000000000e+01 8.619668315319737317e-01 1.435972354107842186e+00
3.200000000000000000e+01 9.039619308697257605e-01 9.570454538772776854e-01
3.300000000000000000e+01 9.229084728247385350e-01 7.539274359783483259e-01
3.400000000000000000e+01 9.387814757520176467e-01 5.894970879449674683e-01
3.500000000000000000e+01 9.185815257642974130e-01 7.996449840372277240e-01
3.600000000000000000e+01 8.975738616645683177e-01 1.027279555117981857e+00
3.700000000000000000e+01 8.587328405933907227e-01 1.474606315349453967e+00
3.800000000000000000e+01 6.732165769208313666e-01 4.237736265686128156e+00
3.900000000000000000e+01 4.389966266130789219e-01 1.050721019665812506e+01
4.000000000000000000e+01 4.796668369016753308e-01 9.044903994072575060e+00
4.100000000000000000e+01 2.376252088958560604e-01 2.332719529263136948e+01
4.200000000000000000e+01 2.846167446863357986e-01 1.904276057225405694e+01
4.300000000000000000e+01 2.897827880565943537e-01 1.864009783231900741e+01
4.400000000000000000e+01 nan nan
4.500000000000000000e+01 1.332107211059109335e-02 1.528291642320712072e+02
4.600000000000000000e+01 6.954679437200959879e-02 6.503653788916095380e+01
4.700000000000000000e+01 2.465748073989798284e-01 2.241264186195657615e+01
4.800000000000000000e+01 2.426662651178139452e-01 2.280555145222796298e+01
4.900000000000000000e+01 6.155712411993335270e-02 7.037150646397969922e+01
5.000000000000000000e+01 nan nan
5.100000000000000000e+01 6.084879201600634779e-01 5.547344691604819467e+00
5.200000000000000000e+01 nan nan
5.300000000000000000e+01 nan nan
5.400000000000000000e+01 9.107482098238824930e-01 8.834118673977340297e-01
5.500000000000000000e+01 8.197667009498241786e-01 1.961632739020232830e+00
5.600000000000000000e+01 4.436826908413127324e-01 1.032718031333339148e+01
5.700000000000000000e+01 2.256595485932222922e-01 2.463752625294498344e+01
5.800000000000000000e+01 4.178296093078742723e-01 1.136258109972783892e+01
5.900000000000000000e+01 1.285614455762816855e-01 4.141002377376378973e+01
6.000000000000000000e+01 8.025006885826224678e-02 5.904435817600413117e+01
6.100000000000000000e+01 2.694408461828963763e-01 2.029636760608883250e+01
6.200000000000000000e+01 6.577779962691264748e-01 4.529459706494100679e+00
6.300000000000000000e+01 5.989280871782284299e-01 5.761684876150983570e+00
6.400000000000000000e+01 7.207827191805985523e-01 3.408840585581830673e+00
6.500000000000000000e+01 7.611326611462585490e-01 2.778314557212889557e+00
6.600000000000000000e+01 7.054437520197055500e-01 3.665306716323126324e+00
6.700000000000000000e+01 nan nan
6.800000000000000000e+01 8.565110656242644893e-01 1.501300642128870155e+00
6.900000000000000000e+01 8.809227845493745601e-01 1.214679604349761854e+00
7.000000000000000000e+01 8.469838706105630166e-01 1.617199603830168142e+00
7.100000000000000000e+01 8.080444948183302944e-01 2.116392870750541721e+00
7.200000000000000000e+01 nan nan
7.300000000000000000e+01 5.487404018559053354e-01 6.992758949482099418e+00
7.400000000000000000e+01 nan nan
7.500000000000000000e+01 2.859063594723833535e-01 1.894115160256402319e+01
7.600000000000000000e+01 6.154549142522137278e-02 7.037992797143152757e+01
7.700000000000000000e+01 1.280531036573930026e-01 4.154466358564894080e+01
7.800000000000000000e+01 2.692662388350057778e-01 2.031144342815596460e+01
7.900000000000000000e+01 nan nan
8.000000000000000000e+01 8.104234897245262692e-01 2.084659508422533225e+00
8.100000000000000000e+01 7.241418605106140216e-01 3.353965758183056867e+00
8.200000000000000000e+01 6.854047206297743111e-01 4.015647697936513438e+00
8.300000000000000000e+01 3.273744507657949665e-01 1.602351591863987679e+01
8.400000000000000000e+01 5.588342236346609954e-02 7.474389207906337163e+01
8.500000000000000000e+01 nan nan
8.600000000000000000e+01 4.824279582070234440e-02 8.163168006401818388e+01
8.700000000000000000e+01 5.099145363330239572e-02 7.900216423868162963e+01
8.800000000000000000e+01 2.876677597531461794e-01 1.880355058805341883e+01
8.900000000000000000e+01 5.133327985158793183e-01 7.985425753309122854e+00
9.000000000000000000e+01 6.309184537816835414e-01 5.066827541952930503e+00
9.100000000000000000e+01 6.358895513178106640e-01 4.964366654461370487e+00
9.200000000000000000e+01 7.111520849159285174e-01 3.568716637139961012e+00
9.300000000000000000e+01 3.352563527798231857e-01 1.553591211121173288e+01
9.400000000000000000e+01 8.143652046655455168e-01 2.032447695536007348e+00
9.500000000000000000e+01 8.902873023086429471e-01 1.108505686044984451e+00
9.600000000000000000e+01 nan nan
9.700000000000000000e+01 8.294872310491253620e-01 1.836284922599239255e+00
9.800000000000000000e+01 8.524185811951078273e-01 1.550799737720163884e+00
9.900000000000000000e+01 8.816801320514565665e-01 1.206017076926162668e+00
1.000000000000000000e+02 7.626349503814812136e-01 2.755990337632852949e+00
