1.283168578169979490e+01
1.567903436736262002e+01
1.668133557276721390e+01
1.498098449794318867e+02
3.198730955878202664e+01
4.126729859530099276e+01
2.015887910879013845e+01
3.609143362723394688e+01
1.037137704078489620e+01
2.031368591424093779e+02
7.151574963100807736e+01
1.263061014162010594e+02
7.069658312612783391e+01
0.000000000000000000e+00
0.000000000000000000e+00
2.245727320223161527e+01
1.705400269636398605e+02
4.613695378593408236e+01
9.676700354753817734e+00
2.013415945856218059e+01
2.559756685614832250e+01
0.000000000000000000e+00
0.000000000000000000e+00
0.000000000000000000e+00
0.000000000000000000e+00
0.000000000000000000e+00
0.000000000000000000e+00
7.099853003799865145e-39
0.000000000000000000e+00
0.000000000000000000e+00
0.000000000000000000e+00
0.000000000000000000e+00
1.877501395730345876e-68
7.338182833693537191e-203
1.579219381005236982e-239
0.000000000000000000e+00
0.000000000000000000e+00
0.000000000000000000e+00
0.000000000000000000e+00
5.519238654612031540e-188
0.000000000000000000e+00
0.000000000000000000e+00
0.000000000000000000e+00
4.504130130144945099e+01
3.409013405795349172e+02
2.966785764467422126e+01
6.168559118006436393e+02
0.000000000000000000e+00
6.531229697262480112e-301
0.000000000000000000e+00
0.000000000000000000e+00
0.000000000000000000e+00
0.000000000000000000e+00
0.000000000000000000e+00
0.000000000000000000e+00
0.000000000000000000e+00
0.000000000000000000e+00
0.000000000000000000e+00
0.000000000000000000e+00
5.541866328191714526e-08
1.044280406297704977e-35
0.000000000000000000e+00
0.000000000000000000e+00
7.237917641896274912e-06
0.000000000000000000e+00
0.000000000000000000e+00
1.911507999660388622e-144
3.453582483214299681e-28
3.386948673406137707e-25
0.000000000000000000e+00
0.000000000000000000e+00
0.000000000000000000e+00
0.000000000000000000e+00
0.000000000000000000e+00
0.000000000000000000e+00
0.000000000000000000e+00
0.000000000000000000e+00
0.000000000000000000e+00
2.892089099379104446e-298
0.000000000000000000e+00
2.593029940088981690e-31
0.000000000000000000e+00
2.117557753001118002e-10
0.000000000000000000e+00
0.000000000000000000e+00
8.251204674092818470e-311
0.000000000000000000e+00
1.970551898924269730e-03
3.510199018829531327e-41
1.064316160883752617e-95
5.522571436991632206e-46
0.000000000000000000e+00
0.000000000000000000e+00
1.444228954631240386e-148
0.000000000000000000e+00
0.000000000000000000e+00
1.324307397997785788e-83
0.000000000000000000e+00
4.376258144653953548e-34
0.000000000000000000e+00
0.000000000000000000e+00
3.003504137362132474e-14
3.888179005826718636e-243
1.552640003991878643e+02
2.122847375318365759e-01
2.970866117312742815e-17
1.018219249811987623e+02
2.001106327166315850e+02
2.758749068141776661e+03
6.999352778682385331e-28
2.009378176582393039e+00
2.420484965328553290e-150
3.190302891425710316e-80
1.190832910776866753e-16
9.328775306985013231e+03
1.213950367486538446e-261
1.048207435960510736e+02
2.407794522879372345e-01
2.396310487448399940e+01
1.238227286756666246e+01
6.532922053213850895e-03
1.109232463154623360e+02
3.847158350206636328e+02
0.000000000000000000e+00
0.000000000000000000e+00
4.279570685385275297e+00
0.000000000000000000e+00
0.000000000000000000e+00
5.889516622484134457e-56
2.914243919402198903e-40
1.565269558415413320e-01
2.573918067805085457e+02
3.241890119971591275e+02
7.046651179499734496e+01
1.655602622054431845e-18
2.018583632596136270e-74
1.753287341333097592e-270
1.065106373765639880e+00
0.000000000000000000e+00
3.682782593406334968e+02
3.201862643566469550e-23
5.853277805983355743e-79
6.137407521842085598e-07
2.365914243357376651e-11
6.518107871410221854e+00
3.535526271011594446e+00
1.382784401734062385e+01
2.867571229760276452e+01
1.579608266976387085e+02
3.726195161253070182e+03
2.726052796640732595e+03
0.000000000000000000e+00
4.833875009615110804e-82
0.000000000000000000e+00
1.229511849925465640e+03
3.383968711495435265e-31
1.547104738066199843e+03
0.000000000000000000e+00
2.139210455735097993e-02
5.328196003027185361e+04
4.824486294098541881e-07
1.230863378048766918e+02
3.693197896595051663e-22
7.550941228979445422e-19
4.396483726467300540e-02
1.110518646084002512e+02
8.171373827658624522e-01
6.847814691713144906e-03
0.000000000000000000e+00
0.000000000000000000e+00
0.000000000000000000e+00
1.554092293893279702e+03
5.655775269159295707e-22
8.599012992349117681e-57
0.000000000000000000e+00
0.000000000000000000e+00
0.000000000000000000e+00
0.000000000000000000e+00
0.000000000000000000e+00
2.371112765017295771e+02
3.855724184943932187e+01
1.388596838527329510e+03
1.436651613802780219e+02
3.114156631980235943e+02
5.831228592339263059e+02
8.113837867186094854e+01
2.447662887080969654e+02
8.740702119748857513e+02
7.572789976164266079e+01
1.383104610544262769e+01
2.198708662731490016e+00
3.686362565058379914e+01
6.268915016192091798e+02
1.490550035768923181e+02
1.172253172779157467e+03
5.258207868962136899e+01
1.170961680920915740e+02
3.322115646268819660e+02
2.957969919570851403e+01
1.216048600863080793e+02
1.918298845577159684e+00
3.128336832433251669e+00
0.000000000000000000e+00
0.000000000000000000e+00
0.000000000000000000e+00
0.000000000000000000e+00
0.000000000000000000e+00
0.000000000000000000e+00
0.000000000000000000e+00
0.000000000000000000e+00
0.000000000000000000e+00
0.000000000000000000e+00
0.000000000000000000e+00
0.000000000000000000e+00
0.000000000000000000e+00
0.000000000000000000e+00
0.000000000000000000e+00
0.000000000000000000e+00
0.000000000000000000e+00
0.000000000000000000e+00
0.000000000000000000e+00
0.000000000000000000e+00
0.000000000000000000e+00
0.000000000000000000e+00
7.343811147378426078e-124
7.783569662028252623e+00
1.226381851188167602e-228
0.000000000000000000e+00
1.767392342790474415e-85
4.504720398117596574e+02
3.559901551625723826e-111
7.368425556034345574e-85
3.992118653424201725e-97
2.348842398159139283e-02
1.330902959007194409e-112
7.578275431250050514e-66
1.209076152023181080e-11
7.873230646860338835e-07
7.466045256475482894e+00
0.000000000000000000e+00
2.137724851211200868e-145
4.903137558854266803e-03
4.899222479775247052e+01
1.072424481768009130e+01
2.591664375730366388e+01
2.000898370543930421e-34
1.604636199623639925e+02
1.169993623403476202e-09
1.015207076064647396e+02
2.318634709068397726e+01
1.204405544046468002e+01
1.569406980593913659e+01
1.434804061220603111e-01
9.747363615158281647e+00
1.276458582831501687e+01
1.209167962495660120e+01
1.529083257613606683e+01
1.288805541666499899e+01
1.353418911836329919e+01
2.371226663439156468e+01
1.340441123899140585e+01
7.702559479276834153e+00
8.712626893390309490e+00
9.791653664789701850e+01
4.490007744974636239e+01
1.862031576584206789e+02
4.685900201471199011e+01
4.950588941320224734e+01
2.217677663157671475e+02
3.409462383737999858e+01
6.879193579607537856e+01
1.495159445964967659e+01
3.590770707489744495e+01
3.374717744405831610e+01
1.333486068146503989e+01
2.182550887668461925e+01
1.757105979906599558e+01
1.458930397674178181e+01
4.408301545926823195e+01
1.549852208725280356e+01
1.111819273342693393e+01
2.896369128362988832e+01
2.429129967176536198e+01
4.819427111062485380e+01
1.050368439486592962e+02
3.422491633689982677e+02
1.154156821262869954e+02
1.040949544644906233e+01
1.383267224667337025e+01
4.471874962340993420e+01
6.466135997126839356e+02
3.427049161890579398e+01
5.295937469471564185e+01
4.795897898340334109e+01
3.014999353679868488e+00
1.377897720045259078e+01
6.612762969460364104e+01
8.548468043638607128e+00
1.795826757045876931e+01
1.036102127875570176e+02
1.253855838959760405e+01
1.959193306509999388e+01
1.611612205444104262e+01
2.183796924113513427e+01
1.311762381245920217e+01
2.691525621265269308e+01
1.860585119746588134e+01
1.569171475280632144e+01
4.845033489100681123e+01
3.528461373582575789e+01
2.403730870024931576e+01
1.405045404167908885e+01
1.544730775506665132e+01
1.636617848218670446e+01
1.333299941477319628e+01
2.134384967076017503e+01
3.595762858552852492e+01
1.170812154862240284e+01
1.090968283744604861e+02
6.029532010258799346e+01
7.190096276040671341e+01
2.019667202250556386e+02
2.044559148853970498e+01
3.867979984266824545e+01
2.883846060892488694e+01
8.303098605368651306e+02
1.752986066216747361e+02
3.425795098513448522e+01
9.612101085368593658e+02
3.001996246022390551e+02
4.129471094225956307e+01
2.620117539727853000e+02
5.359732787313503444e+00
9.251020457591998536e+00
3.007240557982119356e+01
2.398053074600975165e+01
5.417504580668081715e+00
3.016752135604521001e+01
2.439652629393252425e+01
1.891943641946580001e+01
8.706100686874382433e+00
1.073737636567097553e+01
4.729529083844657977e-01
4.748468830933741458e+01
1.788212796303617580e+01
1.739857676550100507e+02
3.982312474629794679e+02
1.001338438876996051e+01
9.066588204043218013e+01
5.231341572084874514e+01
9.256999582488548128e+01
9.880738933611610264e+01
2.068805987451667883e-01
6.521757947168378700e-02
3.329918409371038024e+01
2.215259577003758906e+01
1.958809227490143314e+02
1.316745452947316330e+01
1.574232811991978664e+01
2.183424764808536267e+01
1.321254457893789436e+01
6.035620302302557860e+00
6.982852211326007641e+00
3.925042746135356531e+00
1.057277671684474463e+01
1.187579287331960565e+01
9.000832604510677015e+00
1.308420465213875161e+01
1.777973481057464511e+01
5.154634623119845216e+00
2.538077250788201678e+00
4.068558989272576554e+01
2.364972440538162690e+00
4.903082099516692161e+00
4.652119870432369453e+01
1.565307359381891317e+01
1.814925235126780478e+01
7.467337586171638009e+01
3.669312628534437373e-04
9.336291680472373855e+01
7.854360620108866442e+01
9.850049170321361069e-01
1.533024812380754156e+02
3.438876936647882587e+01
5.849321339096970007e+01
3.841885421366394660e+00
1.909211745884977773e+01
9.114257083607860466e+01
1.032921619402204394e+00
3.744771345368541660e+01
1.274782176576433912e+01
1.765717488616282793e+01
5.200756765276181426e+01
2.541445203519188922e+01
1.747353794972307384e+01
4.528070322248056279e+00
3.094786320944948343e+01
5.078681564768518619e+00
1.893267703738816721e+01
5.618343018392429222e+00
1.647643464964643201e+01
1.374970305186879571e+01
1.069859192529079017e+01
2.231402615008712331e+01
1.176930472920391537e+02
1.754380700561737072e+01
1.096462781026380817e+01
5.396666653109531531e+00
3.328096424580517976e+01
3.900821208660207429e+00
1.505216596615967717e+02
1.896083750115661104e+01
1.471622128855371336e+01
2.944033704266042495e+00
9.003757092936202966e+00
1.320275746507194548e+01
1.456693927484488782e+01
1.565345622565538974e+01
4.406388198966800118e+00
8.188825368593795062e+00
2.121090951815853387e+01
3.859472616477862772e+01
7.811284360152463080e+01
7.141530692142167069e+00
5.720241824116837570e+00
4.103401680877330193e+01
2.897382675895295989e+01
5.138940594437386267e+00
1.390580170942538871e+03
6.293333062292441582e+01
5.200669709167135579e+01
1.581667289415954940e+02
4.448578638907774234e+02
3.099967188491419634e+01
4.788933979770809657e+01
2.361263239954319815e+01
3.208278625688019048e+01
5.813171293853073074e+00
3.344929574069377054e+01
3.943267118021932527e-01
1.973357256654756782e+02
3.818480521450598530e+02
0.000000000000000000e+00
0.000000000000000000e+00
0.000000000000000000e+00
0.000000000000000000e+00
0.000000000000000000e+00
6.543307581015600161e-81
8.362865844451586627e-48
2.564333778828827182e+00
4.054423840265361080e-09
9.570277829507909491e-04
1.608548212645153882e-03
4.076758065484433473e+02
0.000000000000000000e+00
0.000000000000000000e+00
7.865898525500125234e-69
5.971663634248786821e+02
1.835122260383842843e+02
3.087458749598888375e+01
6.525026810497842611e+00
3.592325735975046043e-03
9.633338235857074494e+00
0.000000000000000000e+00
0.000000000000000000e+00
0.000000000000000000e+00
0.000000000000000000e+00
0.000000000000000000e+00
1.097330756935889085e+01
0.000000000000000000e+00
2.905588591723605608e-36
0.000000000000000000e+00
1.009341873843817992e-50
0.000000000000000000e+00
0.000000000000000000e+00
0.000000000000000000e+00
0.000000000000000000e+00
0.000000000000000000e+00
6.646860505932910428e+02
3.457383967720965567e-01
0.000000000000000000e+00
0.000000000000000000e+00
3.369832183261890863e-32
0.000000000000000000e+00
0.000000000000000000e+00
0.000000000000000000e+00
0.000000000000000000e+00
0.000000000000000000e+00
0.000000000000000000e+00
0.000000000000000000e+00
0.000000000000000000e+00
0.000000000000000000e+00
0.000000000000000000e+00
0.000000000000000000e+00
0.000000000000000000e+00
0.000000000000000000e+00
0.000000000000000000e+00
3.769852465285176604e-51
0.000000000000000000e+00
0.000000000000000000e+00
0.000000000000000000e+00
0.000000000000000000e+00
0.000000000000000000e+00
0.000000000000000000e+00
0.000000000000000000e+00
0.000000000000000000e+00
0.000000000000000000e+00
0.000000000000000000e+00
0.000000000000000000e+00
0.000000000000000000e+00
0.000000000000000000e+00
0.000000000000000000e+00
0.000000000000000000e+00
0.000000000000000000e+00
0.000000000000000000e+00
0.000000000000000000e+00
0.000000000000000000e+00
0.000000000000000000e+00
0.000000000000000000e+00
0.000000000000000000e+00
0.000000000000000000e+00
0.000000000000000000e+00
0.000000000000000000e+00
0.000000000000000000e+00
0.000000000000000000e+00
0.000000000000000000e+00
0.000000000000000000e+00
0.000000000000000000e+00
0.000000000000000000e+00
0.000000000000000000e+00
0.000000000000000000e+00
0.000000000000000000e+00
0.000000000000000000e+00
0.000000000000000000e+00
0.000000000000000000e+00
0.000000000000000000e+00
0.000000000000000000e+00
0.000000000000000000e+00
0.000000000000000000e+00
1.703609335417803208e-52
1.420329417697820463e+04
0.000000000000000000e+00
0.000000000000000000e+00
2.608512757195285207e-291
4.516507866892047890e-02
2.233485922402891487e-05
4.783780755065433811e-27
1.107762194888628417e-50
1.385494327712578633e+00
1.138939286903398130e-06
1.354096368009234547e-47
4.941149258385505050e+02
8.523124173283370908e+01
1.661065326510867635e+03
2.884742586208590964e+01
2.765113244234209677e-01
1.643340051058816975e-01
4.512224133024041350e+01
1.764321257619266703e+02
4.518324550690665831e+01
5.694307143953120942e+01
3.309490830749280121e+02
5.277527426487455386e+01
6.605187984219389818e+01
1.441297007992256951e+01
3.259809356333452257e+01
9.025127249506830651e+01
1.586744444165916335e+01
6.264412801579157808e+00
2.126068934130171298e-259
0.000000000000000000e+00
0.000000000000000000e+00
0.000000000000000000e+00
0.000000000000000000e+00
0.000000000000000000e+00
0.000000000000000000e+00
0.000000000000000000e+00
0.000000000000000000e+00
1.587866855644589918e+02
4.298213964518827979e+00
2.173031606123137863e+03
2.447060900876780067e+02
3.586269300259653505e+02
2.613766940239515613e+00
4.018858496016986237e+01
7.751288665692305813e+01
1.422055230584848573e+01
5.623973600732367828e+01
6.936797149215622937e+01
5.881972801370125126e+02
6.153867218762700304e+02
3.442076424880712580e+02
4.729422214607450314e+01
5.717602413058867228e+01
3.319652801085964455e+01
1.112662600294478565e+01
1.151764387009827999e+02
1.307550869355667977e+01
3.005351018202439377e+02
1.954691848376485197e+01
1.041505606860863935e+02
3.708839009878790876e+02
5.555678691226258081e+01
2.772851296229068652e+01
3.453538269258088889e+01
3.642545898631076398e+02
4.272739677224335253e+01
1.408893152715903341e+01
3.013869717760322331e+01
2.466460790720591831e+03
1.537385197969387889e+02
8.147827622523574576e+01
2.841420593354411039e+02
2.194986558324813798e-03
2.438774845672089953e+01
1.904616687425898601e-05
4.261181127837336075e-05
4.158582849872459519e+03
1.028279743389168175e+02
9.321137109548462831e+02
3.685322836246597944e+03
3.933924723718416743e-16
0.000000000000000000e+00
0.000000000000000000e+00
1.988784441591048488e-02
1.549607570706248225e+02
0.000000000000000000e+00
3.499732910360722826e+02
2.533983640281110153e-217
0.000000000000000000e+00
8.384228233458914908e-20
3.971455239359919688e+03
4.662270407222849262e-47
4.409488501324563467e-54
5.051760598425825832e-32
2.376230497686231956e+03
0.000000000000000000e+00
1.098082476820165567e+02
2.186325129033833434e+02
1.238204874560959070e+03
1.058695045145797842e+01
2.415105673535668629e+01
0.000000000000000000e+00
7.169398794690881260e+00
5.421599278720407256e+02
3.093443743731294493e-01
5.673963414304755482e+00
1.163471848300015310e+01
7.118530606785101966e+00
6.698929030111702332e+01
3.449293289927631290e-01
0.000000000000000000e+00
6.043697114197658615e-40
4.780834719604730054e+00
0.000000000000000000e+00
0.000000000000000000e+00
1.337410287927630463e+02
0.000000000000000000e+00
0.000000000000000000e+00
0.000000000000000000e+00
0.000000000000000000e+00
1.098141483122345541e+01
6.487363745291968351e-15
8.723569046858227950e-20
2.061679603812898449e+02
0.000000000000000000e+00
2.947786569677879362e-09
6.583382304531496310e+00
2.188913568912749952e+01
1.365199323110092324e-141
5.288470675330951281e+02
1.066491205924715132e+03
1.089819083433635249e+01
5.354918474377988957e+00
3.696370127843248383e+02
6.404187562085539298e+00
1.252750149787327700e+02
2.340336437994182361e+01
1.103677653255792279e+02
1.270850140239809356e+00
1.491555333757180790e+01
4.308881438889111237e+00
1.200088875197835705e+03
3.769598456320246704e+00
5.238419178987200470e-02
8.089111870605670163e+01
7.326168097377200183e+01
3.983121121240621549e-04
9.866049992985486128e+00
5.120715786361961008e+00
6.340649687522859956e+00
1.620350107441887388e+01
1.401138092695001003e+00
1.323756312964272013e+02
5.178833482840685676e-01
7.017683972224003641e-02
2.547335876297080759e+01
4.541782810826463290e+00
6.163533141545919847e+01
4.190940720786696971e+01
9.912987146358912014e+02
1.848147164316768976e+04
1.703924903009335310e+02
2.181858042333409387e+01
6.236626193223019072e+02
2.167238156064353295e-13
3.866296692463229192e+02
1.512714176846591272e+02
1.033096772483834138e+04
7.709970746310483264e+03
3.299607993092542415e+02
9.803404354602334934e+02
4.401325980393767878e+01
3.036082398516510406e+00
8.916493839326182069e+01
1.461889562433152832e+03
9.668293578286513821e+02
2.557315354585690147e+04
0.000000000000000000e+00
0.000000000000000000e+00
0.000000000000000000e+00
1.649403320337352345e-125
7.721172714534302095e+00
5.328692741540927860e-161
0.000000000000000000e+00
0.000000000000000000e+00
0.000000000000000000e+00
4.885910907375668428e-255
1.267184337298264675e-71
2.894173633471355970e+03
2.868745059257570139e-34
7.508635949859661878e+02
3.812182799744913382e+02
3.303610995150205554e+02
2.437113041060989076e+02
2.065660842192967266e+02
5.286180581089273801e+03
3.747629560972213767e+03
6.740508975598997949e+02
2.588993129078287438e+02
1.358891512091176992e+02
4.409028432285528538e+02
7.389312711570262309e+02
4.546121547725473988e+02
6.342031629034241860e+02
5.705080250974270939e+01
5.252579100148464164e+01
1.141206115238067923e+03
1.540050346827197529e+02
1.481335031662914403e+01
7.114114946717481871e+02
1.105909120841130289e+02
1.364660025817939868e+02
5.585792545808369880e+01
1.151173073119336578e+02
5.938849829039479573e+02
4.575057417998757359e+01
0.000000000000000000e+00
8.352641843725457022e-150
0.000000000000000000e+00
0.000000000000000000e+00
0.000000000000000000e+00
0.000000000000000000e+00
0.000000000000000000e+00
5.075427005199126143e+03
1.013701929125513601e+02
4.448983244012988791e+01
4.788648691950562153e+01
1.000365733460472910e+02
7.803013008640947490e+00
1.826614452919437248e+00
6.057786801523761824e+02
2.830695297131609056e+00
1.673332736010172628e+00
4.006799727813491252e+00
2.986426620929337972e+00
5.687749754969510008e+01
1.138457133907432137e+02
1.498765414131021068e+01
7.409786034861835791e-02
5.630245933168308881e+01
6.716679907368233948e+00
1.923700762352581267e-05
2.157046147137757259e+02
2.297968648342660976e-04
3.216444775165007819e+00
1.732731478716008078e-01
1.280335663769599508e+00
5.553937603214189949e+02
1.287542480306432481e+03
2.626871871869846942e+00
9.676330420609922101e+01
1.661563031397075463e+01
5.627606654333171754e+00
1.100185379452621419e+04
3.776956141371475951e+03
3.228192357390419602e+03
9.636597865017357663e+02
3.789317521428355576e+03
1.194972308968887376e+02
1.739882380181300960e+03
5.097540692619103311e+02
1.063586535251490517e+02
6.388622276397780297e+03
7.485291613455804516e+00
1.186162456049782543e+00
3.378239056278607677e+02
2.394046272155597308e+03
1.378937749688523695e+02
1.115230547962897276e+02
4.261615777780953636e+02
1.011608292093495379e+03
2.193574362827145308e+02
2.433742141936387071e+01
2.048029450381081773e+01
1.717391438161354017e+04
1.660535282437350252e+05
3.095800976136553118e+01
3.956623752102137814e+01
1.054703944507000415e+03
5.216979452516958418e+02
2.722514966670118497e+02
7.000043490332827467e+00
3.994896534188796409e+02
2.902444589267842048e+02
2.093390673334313590e+01
1.496813727258748372e+02
9.929113292576074912e+01
7.052453202770932705e+01
9.240662366094555580e+01
5.194752051402806501e+02
1.059311183678300523e+02
5.179474093425253223e+00
5.801150989225467569e+00
2.055060409287027493e-03
9.769265514101439862e+01
6.541108547334758327e+01
4.955009257691848078e-25
9.823808169750394725e+00
1.553282608129914024e+03
1.069566392010510071e+03
3.240472136712692190e+02
2.868835160594836786e+00
3.835097964564711526e-01
1.278577361826207293e+00
1.315058597469625568e+02
9.154769584270334715e-01
9.456757955031570191e+02
3.441834763365376659e+01
7.990724713219839259e+01
8.222074988696918751e+01
2.024201527854665894e+00
2.108353380780309294e+01
4.022712016977556715e+01
5.015312629857743900e+02
6.326557258479581236e+01
4.689296426170976417e+01
6.264771307234115127e+00
4.984446067510091325e+02
8.174804902919711180e-01
4.314697967489144617e+02
1.204862516573300013e+01
1.170097431629508478e+01
9.684325278101725942e+00
6.096764777839921656e+00
5.350836441689617686e+02
6.655118281750501006e-07
2.866153963496126835e+03
1.056339524419106380e-317
3.767987565198166067e+02
5.864585305895145950e+01
6.432536101647470052e-46
1.666572905718468292e+03
1.735753803667871496e-07
1.649332458238026220e+03
1.763491459932278644e+02
8.930135134426652712e+02
2.350423721731530975e+02
1.330034457388231885e+02
2.522440444471354795e+02
1.235117069491278663e+01
2.088284405605049088e+01
1.766420711993042403e+01
4.090988913601471495e+02
1.033917207188082976e+01
2.510446821201549827e+00
2.204511573866041729e+01
1.427166609154623789e+00
2.589686988796609057e+02
8.844043449327290141e-01
1.022544553209125295e+00
1.984475395955317012e+01
1.273657464179143452e-04
5.373556679813907166e+00
1.379941587646510115e+01
4.572360586505072710e+00
8.980849214855505025e+00
7.906749509715360613e-02
2.455882778928060173e-01
1.133269458933795804e+01
1.418181986451191356e+01
7.356794750342039002e+00
1.191495660846443752e+04
1.320533524443755596e+03
1.543160397503773096e+00
2.982047411541630666e+01
4.356503957995915499e+00
4.511671002696213151e+01
4.791499886434903016e-02
4.685728136375629238e-01
9.396939709692405529e+01
1.690252549083925615e+01
4.492495964445900603e-01
3.750975071937567407e+00
8.450908909014396286e+00
2.645772914512453333e+00
2.745767211409687292e+01
1.367578830080017349e-01
1.127397625701209805e+01
1.139153148872524792e-07
7.514208604056753984e+02
2.213760566387128204e-02
2.511027871065688588e-01
7.454522242354057582e+00
1.612466738105583275e+00
9.457316021334438716e+00
8.131480731889977775e+00
4.886288150938950636e+00
4.495943290485209243e-01
1.019820326693936074e+00
5.769959689584891471e-01
1.659903139326165955e-02
2.893745134110473028e-04
1.954880285322489364e+00
9.430903350718710954e+01
8.291555562393346790e+00
2.572585993930116643e+01
1.535436442538171242e+01
4.410957125356267028e+01
1.037271593302229178e-01
1.500744005994599561e+01
4.362527996986210610e+01
4.725907021925926301e+02
4.896689017479482118e+02
7.886931947392505435e+02
6.778656029984568565e-02
2.925794375909778751e+02
1.439898729742479190e+03
2.685024783995129383e+02
2.284869348188690210e-07
2.369135838684610280e+04
1.593400406553435005e+02
1.031642064296824101e+05
1.686546653976923835e+03
2.469654386273388127e+02
4.379511570749939438e+02
2.171907379227593483e+05
1.941542309707605440e+01
8.787319247283989171e+03
1.126126907066059779e+00
7.417078246856938506e+01
3.689138581700041885e-10
2.353692340919048581e-09
6.072501667455658207e+02
6.829378356883479551e-02
3.357930068339765057e+02
3.678317528969382977e+01
1.166002328324593782e-120
0.000000000000000000e+00
1.537224457922555665e+01
2.722924938646120158e-75
4.045438491675914063e-05
1.135993043511490885e+00
3.182739299729006177e+01
2.994068154228463641e+02
1.872000151268455568e+02
4.417444559716763024e+02
1.242797670794665013e-21
4.865133611688887986e-54
1.916548075554204466e-10
2.609122116126448418e+03
9.624488906868699587e+02
1.253258254824683263e+03
2.103271277034029026e+03
2.276073892938453298e+02
1.276581988195205449e-141
0.000000000000000000e+00
2.199691728141531523e-06
3.648074632673369278e-24
4.076518223929713952e-27
8.236928397740127821e+02
1.655971826871075336e+02
8.940910667575373736e+03
2.323027783226286545e+02
3.762001999755500492e+02
9.904046957713486674e-73
1.201415466958090110e+05
2.127815934031656525e+03
2.316128128901745734e-24
6.123113040030575512e-08
2.476633697407944013e+01
1.927599420446711163e-23
2.715178148627063415e+00
1.674586863372674176e-11
1.934922468680051095e-166
2.253929204161385769e+03
9.402966266584799726e+00
7.229960026539551709e-259
0.000000000000000000e+00
6.313528426505449715e+02
6.945647737850227840e-06
1.238290181237022662e-02
8.322177680555627148e+02
1.697093043866012077e-02
2.221271714208950243e+01
6.537242187364571347e-106
9.785185681120939989e+03
1.311582748114852401e-26
1.707791795339512972e-36
5.880617431456972057e-108
6.806967817668373755e+03
1.200728828085221949e+02
1.915235785398520241e+00
4.116049130584774618e-01
0.000000000000000000e+00
0.000000000000000000e+00
0.000000000000000000e+00
1.273283096200392947e+03
5.940743301984898608e+03
1.929224886746189441e+04
7.579494646465954429e+04
9.025525948116446671e+02
5.950908671991894661e-01
7.876987323847109792e+02
1.404665372567676616e-03
5.603614568544177531e-46
4.086082805467763812e+00
1.131456136247220950e-10
1.593535165702271297e+04
7.686584687063203091e+03
9.058814850454255874e-153
5.345805664390613467e-118
0.000000000000000000e+00
2.375539571926484648e-104
8.601685535707753161e+02
0.000000000000000000e+00
2.912531576894746104e+04
6.809829925411988825e+02
7.285967821471598427e+02
2.500394414945725293e+05
1.211031674135776655e+02
2.555777128318903124e+03
4.916306194079877969e+03
2.011935735702747024e+03
4.155511607286877407e+00
4.399708688524958234e+03
2.934796785608886012e+02
9.546058901803501158e+02
5.107431112233149179e+03
6.852352210653607273e-05
3.217680160953353182e-03
1.247493607075935741e-02
2.263401041960318253e+03
8.061634385068702613e+03
1.455756568465730039e-01
1.589898179816502079e+03
2.281074892249496042e+04
1.065321480439574543e+03
1.559461789572058024e+03
6.057472416181530207e+03
1.466124012873106494e+03
1.310313257427837463e+01
8.046546316565827495e-04
2.112494904367407500e+01
5.728528317634166436e-21
1.844120401635872258e+05
7.510960756871681951e+02
5.007167263849029951e+03
1.741046202197235715e+01
1.526753948416658612e-13
3.890464292391736132e-12
6.189603886832154558e+02
1.259013719574209392e-02
3.937331971392935088e+02
1.735888213121311026e+02
8.582394849978016964e+02
1.999185755177579949e+03
2.696640042823212902e-01
7.466188610085110284e-29
1.203289378071596138e-01
8.626901441638093932e-44
0.000000000000000000e+00
1.254977412973615471e-07
1.787434493938167257e-54
1.581522945797542889e+03
5.499762533278241108e+02
5.323047433917333547e+04
8.824917666530167253e+02
1.074659592856973904e+04
6.866318161255107952e+03
3.652681103787320876e-06
9.720475607468668597e-224
2.729725998021056551e-13
4.593640059063852277e+03
4.853821921431455215e-192
4.398772471860766856e-07
5.982788519703520433e+04
1.457435230685890701e+02
3.010403989647977596e+02
5.951089185740774155e+03
4.962577789910620396e+01
2.529862286300228789e+03
1.286258139165454168e+03
1.500896334908695735e+03
1.200612522119307505e+04
2.172762650491184559e+03
3.509512244066837866e+03
4.696067636726682508e+02
4.040990657544712406e+01
7.898935779710133829e+03
4.006440834671012271e+04
6.049519843297782245e+03
1.552920436581020496e-11
1.266024228080387365e+04
6.046638881765233236e+03
1.114425223084726713e+04
1.940359904628161587e+02
4.186730313023837880e+03
1.342606982876111203e+02
2.429501965118269223e-07
1.029783383826845409e+02
9.042635822733069654e+04
4.476221092618601460e+02
1.426845436644536562e+02
6.016018981653726314e+02
1.986598617659974707e+03
5.954136365183829867e+02
1.574295424879480162e-20
1.739340321187150540e+00
1.090838677749009262e-10
8.278704133003745656e-30
1.268004822707887200e+02
2.951260097531259453e+04
2.485151359035614317e-21
4.031332769248401746e+04
3.876074262406503294e+03
8.649756495644611277e+03
5.742278199340355738e-05
1.888705432417201337e+03
6.553866221343041332e+01
7.543356087025732126e-01
1.888354977797104539e+03
5.008982037763489643e+03
3.330385833896856980e+02
5.567949301871983607e+02
1.711613570440492788e-47
2.617085900244694585e+03
1.790830916908545260e+04
2.064529802387414570e+00
8.118546523027873190e-31
2.076941826211718762e+02
6.944071500094152327e+01
6.817184037897117150e+02
3.958320762985130386e+03
4.230372786594683930e+03
2.110186414757550519e+05
2.856670783474952259e+04
7.250903468066162895e+04
2.571651823503541891e+04
1.119075246731479018e-06
4.037525773387654482e+01
4.653128158933137684e+02
6.129305313636822348e+02
2.578740351005808051e+01
7.078781101904506556e+01
5.054165794913288224e-15
2.168942068964709307e-04
2.555778597632780475e+03
5.401801250147974542e+02
1.335361455622305522e-02
1.647314858230782830e-01
2.320403039082288843e-01
1.970906185067024126e+02
2.365438249277923433e+01
4.294693087980608937e+01
4.760993353012424450e+03
1.149152530708316462e-07
8.147500197238782675e+02
2.315587154781888160e+02
1.239129910243868977e+02
3.637168624090295452e+02
1.811527452696309410e+02
6.697640848129386768e+02
4.505330006911201224e-01
4.382183849608323101e+01
2.205956392237349064e+04
2.407724467137026259e-02
1.093220469285659968e+00
2.232729087494275575e+02
1.187977211066243945e+04
1.581093866879850793e+03
3.725179728127928948e-46
0.000000000000000000e+00
3.721354873009932618e+01
1.251734337626730621e+03
1.558892381429342333e-01
2.993239048328527588e+03
2.200844377137873835e+03
1.019375071134650207e-07
1.296752036883788787e+04
5.005162215759057290e+03
3.016306903531401851e+00
4.087007277292016738e+02
3.725440689384475263e+04
4.241437200605721972e-33
7.816101641859755546e+03
1.506410740176064067e+01
1.396821351314308401e+02
3.684916970579266562e-15
4.328842383829827916e-19
3.593344828213638539e+04
3.358901865369160333e+01
6.381868416514653291e+03
1.455663591780450128e+00
2.757809632018454776e-21
9.862691790150367410e+01
1.047651296312832685e-66
5.669082971078590383e+00
4.881664716688670183e+02
3.707462186820462445e-27
7.538541772349773851e-01
1.261736565412951677e+03
4.639786066161735107e+03
1.045933898869666635e-08
2.366276738732346985e+03
4.151222701188042947e+02
1.946135748391592912e+01
5.247750757562618107e-01
1.976441023495135880e+02
7.981854455768254297e+01
4.894782313456027545e+00
1.154279028283828090e+01
1.065386232609742478e+01
1.157515400791817370e+02
3.816791519812184674e+01
1.756422692617235839e+02
4.957522123630888586e+02
8.469476816526837126e+01
1.346197384624805409e+02
7.707367171191352473e-164
1.265386730358424359e+02
1.138510117493634621e-01
1.409983985897376044e+02
1.074475416496666469e+02
2.286389259371393052e+02
1.520623718293726248e-12
1.415024057867648288e+00
4.226786862044496166e-11
2.097832665998837168e-148
5.782181489942521293e-97
3.601524610845883295e-02
4.523912801068598055e-01
3.542473718539374872e+00
2.647553783238297591e-16
1.149637744233054635e-08
2.446665979949219292e-164
2.155309093399491758e+03
2.545681923330777585e-01
4.653277449656429781e+03
2.240807134408371439e+03
2.331243357497841373e+02
1.038544159576361636e+02
3.883396538780162246e+03
1.005224095506024158e-10
7.294268632121909118e-52
4.828583359144334963e+01
3.920406270824169391e-14
8.033017139099721362e+02
4.704625940526419552e-37
3.533600564103444697e+00
3.265624211698205903e-50
1.467373720559220146e+03
1.519419923839609226e+02
2.229347620101026490e-08
4.779545454369462654e+00
1.842325603059855712e+04
3.534677647844709725e+01
5.024696897661658390e+00
2.419191487367418631e+03
2.462431434266656822e+02
3.889567709315165051e-77
8.609628805812905674e-07
3.981173199931608906e+02
6.118426919092156595e+02
1.415369572562983347e+00
6.021985448227197821e+02
5.553970316374638787e+04
1.489088205819376890e+04
1.010110740329545820e+01
1.687417219491435500e-05
0.000000000000000000e+00
9.290372679150801559e+03
1.535704335670954151e+03
5.831597491584177106e+01
2.003849207670946271e+02
0.000000000000000000e+00
9.589145762362113601e+01
1.409182109594367489e+02
2.049500251895619840e+03
4.179146322989045984e+03
3.015693947606177705e+00
4.898455960548857746e+01
2.381920326545051481e+01
4.665804950991288536e+01
2.888082301328210377e+01
3.962140486888694682e+02
1.626570940915318715e+04
1.067442193246902207e+04
2.651749568183432164e-07
7.453690580294521371e-08
2.316479816158299124e-03
5.425105219031562598e+01
1.875945973754875741e-41
3.771788564478022465e+00
2.244789883070702080e-32
0.000000000000000000e+00
8.794771666928254305e-14
5.052620705664296816e-04
2.265561465719781609e+01
2.937759844197504013e-36
7.705476456914886160e-08
1.253970278110516846e-42
0.000000000000000000e+00
0.000000000000000000e+00
0.000000000000000000e+00
0.000000000000000000e+00
1.682627857969764976e-265
3.473494429110766544e-05
2.950539001389117406e-04
2.637666535004330216e-03
1.623586996944540370e-79
1.295817236820201847e-95
0.000000000000000000e+00
9.711659929505236901e-11
6.959458199995077754e-01
2.956738725175932268e+04
3.813904739539548088e-42
2.009230055866099371e-29
7.810738748837530910e-06
1.369499123782481720e-16
2.715158953595717239e+00
0.000000000000000000e+00
2.490277235224884222e+01
4.077344914854496949e+01
9.094644566873426884e-16
4.654988525366362317e+00
1.585865525352296579e-02
5.494438082003945567e+00
1.164851822148986216e+01
8.937884339414205570e+00
2.857046808632067503e+00
3.379413790265558326e+00
1.443103220371057915e+01
4.576044000284047009e+00
3.465557342328247081e+00
1.490232526884188680e+01
3.429904421969097683e+01
2.521351770780389856e+01
2.969248948069237315e+01
1.887770485819842392e+01
5.879289391058198255e+00
4.138770069471872759e+00
2.037581119855568801e+01
1.447655235980088406e+01
1.355268543383799873e+01
1.991567624521217938e+00
4.398912893745800190e+00
8.293317672559882281e-01
1.165947840800444801e+01
4.634763580456882970e+00
0.000000000000000000e+00
1.217803688226664462e+02
1.740812137594621589e+01
2.467846775569863649e+00
1.166117659314004484e+01
4.796806587631967211e+00
3.475612674420016646e+01
6.111105205938893192e+01
9.261152290541882337e+01
1.355424254814312279e+00
3.720886237898083948e+01
5.837823651134252856e+01
9.835696366587017181e+00
3.824087054345109316e+00
7.835757331323867447e+01
6.486926308959913001e+01
6.437296610850629541e+00
1.002812636308793657e+02
5.895929032973877781e+01
9.457418993349694603e+00
2.257354550263752060e+02
5.640574830113603610e+00
8.124769495775733263e-01
1.128816740816292885e+01
1.097739594433897850e+02
1.518454388075617612e+00
9.455748167819995711e-15
5.321461746985331587e+00
4.872950420803705995e+00
2.495313945870986672e+01
7.497311003382297656e+01
3.588560005038980449e+01
3.620252028055606086e-01
3.104169075402431233e+01
8.538474995657428224e+01
5.687297549602079698e+02
2.693472498868529215e+02
9.534302694310460069e+00
9.392417738925373490e-04
9.885769185641740364e+01
1.728151631306168001e+00
2.368672685180107873e+00
2.602781951776112823e+00
5.978718806406528330e+01
2.859247144703029875e+00
4.517401390937141770e+01
1.011916940032880241e+01
4.719087331020812570e+00
1.312726603772228806e+01
5.153608840679382297e+00
1.070427656461640709e+01
2.333598838174027534e+01
5.410990565830868348e+00
1.421294608974410956e+01
5.413294644242175151e-03
6.450069883681006644e+00
5.352433792350449693e+01
3.543355427858514872e+01
7.988448334831434572e+00
2.777884934118984628e+00
2.015370199879284741e+01
4.405654721400138918e+00
1.406463405942192324e+00
5.642440004779331986e+01
7.716749818900638935e+00
4.183255466820892998e+00
1.996224582422987052e-184
1.019923765519133099e+02
2.598806697350454087e+01
9.079089882854466609e+00
1.120617286115069788e+01
1.497667783121096896e+01
2.123733088411742287e+01
3.971540006617431828e+01
7.578171865241058180e-02
1.703055412757805698e+02
1.369381113849089227e+00
5.014729432317636793e+00
7.233323405405477580e+00
5.570652375357260411e+01
8.640843535723421454e+00
4.204586744753994410e+00
4.869082831335494355e+00
4.413924268047131783e+00
1.291416837510760907e+01
1.610823607166984672e+01
5.090036572053383056e-08
6.411609998951783851e+00
2.066554458332004351e+00
2.465729273450921900e-03
2.692034042444945707e-01
2.846609783770012836e+00
6.913655277099094576e+01
3.741158706267843570e+01
3.754620138523668604e+00
2.413481079113055117e+01
5.308098185650139911e+00
1.243578016755934534e+01
5.013934555744099519e+00
4.486987175658398286e+01
1.749311947610171103e+01
1.028113836378308754e+01
3.863257311199951971e+01
2.083126852071663748e+01
2.724188482671447531e+01
2.067298144675571336e+01
1.318386743697384134e+01
3.956333122651449528e-28
5.632653865993328957e+00
6.380138869401749702e+01
2.624347625567515507e+01
2.141130455216411832e+01
2.331714794411571461e+02
2.353507211299096724e+01
3.975302686931254215e+01
1.215743853429104092e+03
1.734170432812609164e+01
4.239389881829362849e+01
1.773395033063927073e+01
1.129341063464492834e+02
5.230411026083326241e-10
1.644874522804385819e+01
8.361581147691289628e-03
2.481554683471517819e+01
5.216351003133642195e+00
1.741256029871476230e+01
3.002962788661127022e-02
2.208870397510691248e+02
2.010663329297346635e+01
1.676798011483232598e+00
6.976992980307421988e+01
1.214378880913670189e+00
6.390266397572241353e+00
1.269828316604747442e+01
3.376094476480763262e+01
1.449263281778980250e+01
4.391107312183990530e+01
3.560492281073330378e+00
0.000000000000000000e+00
1.956325825669518828e-08
5.572052624108844832e+00
3.888400993197618760e+01
9.454722158922951536e+00
3.493779603287098467e+01
1.056926688775677414e+00
4.765579297685058058e-01
6.879798499264083711e-01
5.792970971975219641e+01
0.000000000000000000e+00
1.951146202571534038e+00
1.174025535524043384e+01
1.945647231003521824e+02
3.499039139145455124e+01
2.705570155399128751e+01
3.921133832257769385e-48
9.987738363229449590e+01
1.699280638964145274e+00
5.828698931098067471e-01
1.612884942636801933e-01
9.984294765642286507e+01
9.899946592532265299e+01
4.397567810288252304e+02
2.643400782997573515e+03
4.896198648595055936e+00
7.394135784823942004e+01
8.315177397258504440e-24
2.341397964070574034e+01
2.597365437980863589e+02
0.000000000000000000e+00
1.767605808407993706e+01
1.300393545225775256e+02
7.017923905278659724e+00
2.227838830309383980e+02
3.761088323235854318e+02
5.607197722930695960e+00
1.104769477166873751e-16
1.955428609281214136e+01
8.299246960932491390e+01
2.018291920018002727e+01
6.988510699051946062e+01
2.087341258351630202e+00
1.052819935178896600e+02
6.000773719772017500e+01
3.389950185096319757e+01
3.906617249351372578e+01
4.298223103649476684e+01
3.229518062776599407e+01
5.708029201711622314e+00
6.633284945884128092e+01
5.883541817007013286e+00
2.495033526539653046e+00
1.859092676035142555e-01
7.241922826411216363e+01
6.425265778831610319e+00
4.461852417780815472e+02
5.776818427854759186e+00
9.318162702338572689e-01
6.473243625768545506e+00
1.849578096175170003e+02
2.998866869023715154e+01
8.595503306126926191e+01
4.088591926943406230e-01
2.254480135719855127e+01
3.980920555541688000e+00
6.872644739783169143e+00
3.667089057246917388e-02
2.192383785275078623e+01
2.222020183346153601e+02
1.196352560869708448e+01
1.745273987483968483e+02
4.183730339372318419e+00
2.173061362184596490e+01
2.101251387721105957e+01
1.032466620400019508e+02
2.870228242511010563e+01
2.698940530293709728e+01
3.584534625932970187e+01
6.042226263135329623e-01
2.024301231166193915e+01
7.783100085912737143e+01
2.359171291253777891e+00
5.482880825393934149e-02
2.242803370723931711e-01
1.034467550243494793e+00
6.369554725486374025e+00
9.908191168146741390e+00
6.929488881478710560e+00
3.119607191219560954e-02
4.651878660328183090e-01
3.192729424276970107e+01
1.730064801716498568e+00
2.985441718962589253e-01
1.631008292265657289e+01
2.331704956766682457e+01
7.576890849200653477e+00
2.992377133163977376e+01
1.999176751761914517e+01
6.624143052549693600e+00
7.654949322095649045e+00
1.952413602249225111e+00
1.689817014449514687e+01
4.379825971625041170e+00
1.559845728046696856e+01
2.714357022011218312e+00
1.187936495954751148e+00
2.407584260961620259e+01
1.066904937475164843e+02
2.726203500055028144e+02
1.128834058378379268e+02
6.097093565840637552e+01
1.325593472334392402e+02
7.065807869100952487e+00
3.388023588541294373e+01
1.467983704656435684e+00
1.155353940404800817e+01
1.946137785785189145e+00
4.594242011995206809e+01
5.672207923353844272e+00
3.258353645888612249e+01
2.883449656896610236e+01
5.805062653101035957e-27
1.022389814365596727e+01
4.530734492659900781e+01
3.612730303200342608e+00
3.343535664376016681e-01
3.098174968533616180e+01
8.860533461847573733e+00
1.767437993504237781e+01
1.119204482409971924e+01
3.459283087440125115e+01
2.417188031384749802e+00
4.192931433032782707e+00
5.620085661576008107e+01
5.647417571137471448e+00
1.244636135277893061e+02
9.873354491647606324e+01
1.243568523572951695e-01
1.082824027307908610e+00
1.815547294439132742e+01
1.123565003199096424e+02
4.638389248422066236e-01
2.195384850708599345e+00
1.503601273326722110e+00
1.862794560097670487e-204
0.000000000000000000e+00
1.213520557188079011e-128
2.044534068076989453e+00
4.375652489307466908e+02
1.028245560834209194e+01
4.489610053242344634e+00
4.135301029915746085e+01
7.666436853261501483e+00
1.956271893117493335e+02
3.244529714853892415e+02
2.065692560941996874e+02
4.802971027005175131e+01
0.000000000000000000e+00
3.497783278196646251e+01
5.780850680712026037e-21
2.221972874497791963e+03
1.603115327178925453e-18
0.000000000000000000e+00
5.034746123676020963e-31
4.971875884700701818e+02
1.115947568400851964e+02
1.704327862088080656e+04
7.461135300981302620e+00
3.047632559639225747e+02
9.565964181296283186e+01
2.962190276844770551e+02
5.382192294119364817e+01
1.860078177602664340e+01
2.578667771574865128e+03
2.209241147049402443e+01
1.460934119632651296e+01
1.148065330718142915e-13
3.476927619422730231e+01
3.867078393628957201e+03
7.316387515915420359e+00
1.203173534332368263e+03
1.204170645981726073e+00
5.526905264432700633e-60
2.725606848256477974e+02
7.827888798292982439e-54
3.556010383480211345e+01
0.000000000000000000e+00
1.616411101662510219e-297
0.000000000000000000e+00
0.000000000000000000e+00
0.000000000000000000e+00
7.234513749223840477e+02
6.598803963974295403e-09
1.285139469748520649e-22
4.012796913315617164e-01
1.657244601533329842e+03
3.076309437658166530e+02
4.861962843729742900e+01
3.991228499178926540e+03
0.000000000000000000e+00
0.000000000000000000e+00
0.000000000000000000e+00
1.123322549904655847e-246
0.000000000000000000e+00
0.000000000000000000e+00
2.777042766554556064e+00
7.160216348387666585e+01
4.647794342318722016e+00
6.635830666805912159e+00
9.488632244927677561e+01
3.132685971465279717e+00
1.161433832145320366e+01
1.039552908211481430e+01
9.231701487571776499e-02
7.461484509895258554e+01
1.002345533906362647e+02
9.311829108715701864e+01
5.737815879746528278e-11
5.261207083734193140e-04
8.248377107041200418e+01
1.010460001703852168e-02
3.599803370513954093e+01
7.555757935958884275e+01
1.452426925765080945e+01
7.634207556709230680e+00
7.614214835127583569e+01
5.198426667194111417e+01
3.577129499883431762e+00
6.823920664361846633e+00
1.710246854039974096e+01
3.308302926372460595e-01
1.291151269240898847e+00
5.569147716110716573e+01
2.025271558747886700e-04
1.108917431946442491e+02
0.000000000000000000e+00
3.812583101407563283e-15
1.030984638130733731e-15
3.627006969679372617e+01
6.591585519589575881e+01
6.526226143326018914e+00
7.077652505903793134e+00
3.477091201036561219e-01
2.902147379995871290e+01
1.352887952097954205e+00
1.775130162136067824e+01
4.219091681047274278e+01
1.581802982665535762e+00
3.421298116742372555e-21
8.517199539225575933e+00
3.941056815462087748e+00
2.583672458846406883e+01
1.823871011282562193e+01
5.256252057783116527e+01
2.014180879768193932e+00
2.289410806876639892e+00
3.796286033730001286e+00
4.148163661086667275e+01
4.487318539565548825e+00
2.691783386297505842e+01
0.000000000000000000e+00
5.993575874266553249e+00
1.572514909783092918e+01
6.683107072939698412e+00
4.274688569709534036e+00
4.125676292559571579e+00
2.727836584953733823e+00
2.039199914530971469e+01
1.984677259580745120e-10
6.773996225562254649e-03
0.000000000000000000e+00
4.765949103453010594e+01
2.563740713772051271e-58
3.571698228570817476e-86
1.471350448206501049e+01
0.000000000000000000e+00
2.801298803547179055e-11
2.427565874418415147e-103
0.000000000000000000e+00
3.557438767215108724e-03
2.812013186657762162e+03
1.821576317306873576e-181
0.000000000000000000e+00
0.000000000000000000e+00
0.000000000000000000e+00
5.909098005380179702e-56
7.366228479973256249e+00
9.526123965509272525e-134
0.000000000000000000e+00
1.415196315161499836e-09
1.761206850889400141e-02
6.417095453901255176e-195
7.284494280499882007e+04
0.000000000000000000e+00
1.998498592878295324e-19
3.077112334204114955e-08
2.522762725159519484e-151
9.318054181834593134e-91
0.000000000000000000e+00
1.395886083147359849e-69
1.992258014252463916e-284
0.000000000000000000e+00
0.000000000000000000e+00
0.000000000000000000e+00
0.000000000000000000e+00
0.000000000000000000e+00
0.000000000000000000e+00
0.000000000000000000e+00
1.003401641106413853e-96
0.000000000000000000e+00
8.863383635469979735e-287
2.083813745471806110e-282
0.000000000000000000e+00
7.961741895552674149e-06
0.000000000000000000e+00
0.000000000000000000e+00
0.000000000000000000e+00
2.249574119303345276e-01
2.234969807505504035e-223
1.610207814779091156e-44
8.281290867331685124e-02
3.610823195285594256e+00
8.029725769349452265e-285
1.107362362802044586e+01
1.428037576834474302e-24
7.044355551690242692e+02
9.898145723462304204e+02
0.000000000000000000e+00
1.318186287754948580e+02
2.280321565946375222e-158
7.612063058829566797e-01
0.000000000000000000e+00
0.000000000000000000e+00
1.185982348722067990e-08
2.117573596080810584e-97
3.348482889040538879e+01
0.000000000000000000e+00
4.774671763702153622e-157
0.000000000000000000e+00
8.387280145619069539e-14
1.208365150229631581e+03
4.754693095300486332e-107
2.864667306078184015e-11
1.663641159346065308e+02
1.166127155404284943e-30
3.131036761108114206e+03
1.199038188844856677e+03
1.727545130420493743e-113
4.474726647849724941e+02
2.035888138196388354e+03
1.119158234840935088e-25
1.455252166362261022e-04
3.834080371515368029e+02
6.815309326622076525e-05
5.153418065252777751e+02
5.470697628500900006e-30
1.748250684153016846e+04
0.000000000000000000e+00
7.543981406804472826e-68
5.533881912631198607e-02
2.739031277074169157e+00
0.000000000000000000e+00
2.895405019642308253e+04
1.594352652484758961e-172
0.000000000000000000e+00
0.000000000000000000e+00
0.000000000000000000e+00
0.000000000000000000e+00
7.054523013490596383e-284
8.559658867129112543e-11
2.602674961192384987e-08
2.089609663411149676e-01
5.171013275261909330e-26
1.444459657989261481e-04
2.999273597797137662e-53
4.457614993874984313e-152
3.848380671109190048e-42
6.969343003516405405e-47
2.473385502136478659e-143
1.370189594730126276e-11
8.885169258060209398e-89
0.000000000000000000e+00
5.296131824077015859e-57
5.069770173250877491e-19
1.946738358726470255e-248
0.000000000000000000e+00
0.000000000000000000e+00
2.096094948102188216e+00
0.000000000000000000e+00
0.000000000000000000e+00
1.489198472044092987e-167
3.407117268739907540e-113
2.680931784857554590e+01
2.337921913916838409e-112
0.000000000000000000e+00
0.000000000000000000e+00
0.000000000000000000e+00
0.000000000000000000e+00
0.000000000000000000e+00
8.562034024681289767e-219
0.000000000000000000e+00
0.000000000000000000e+00
3.671713585985864974e-248
0.000000000000000000e+00
0.000000000000000000e+00
0.000000000000000000e+00
0.000000000000000000e+00
0.000000000000000000e+00
0.000000000000000000e+00
5.116211601311473501e-111
1.568845404591627264e-226
1.285544505132986736e-60
9.981667649937591837e-29
1.844763601250837048e+00
1.907697644944820483e-12
8.714810104131993883e-176
2.056170813747330612e+03
2.140528682603619473e+03
2.268015498513911371e+04
4.538092042625886361e-188
0.000000000000000000e+00
0.000000000000000000e+00
4.249211472180085119e-13
1.149663524704133475e-13
0.000000000000000000e+00
3.775728611337672087e-44
1.877915912680818522e+01
9.195344297917909548e-206
1.004905193549927498e-05
0.000000000000000000e+00
0.000000000000000000e+00
0.000000000000000000e+00
0.000000000000000000e+00
0.000000000000000000e+00
1.366621937351419791e-66
6.617048951951248351e-24
0.000000000000000000e+00
4.843237821956829507e-241
1.696003638191419649e-181
9.710724352491150739e+02
8.171126958432515721e+02
3.088370755828178744e+02
9.517140379704798647e+01
1.433311448997428386e+02
3.038964986216939224e+00
6.940454054370513859e+01
5.135269977331393676e+01
1.767998320203738416e+01
2.276667724772995371e+03
4.433536743922918788e+01
1.338537086935388487e+01
1.938691942744742214e+00
2.174542413475538538e+01
8.235874209407549607e-02
2.727969891418725297e+02
4.726460980007010981e+00
2.126773970074060571e+01
7.074157167783907596e+01
6.252987967015694259e+00
2.034512457162263244e-05
5.462122334479706964e+00
4.301182886335020328e+00
4.071057584193690460e+00
1.722850960768504969e+00
3.373731614885846053e+00
7.421973841406114047e+00
1.543154090525129618e+01
6.524549275201607657e-01
2.560345157600117361e+01
3.029369811070085206e+01
6.112170663330377351e+01
1.223395756888271402e+00
1.356044076788233355e+01
4.627646574650081668e+00
3.625742969050591014e-01
3.072972802118729696e+00
4.569084639787559965e+00
4.216719381102004149e+01
1.181105298845937455e+02
1.775108042388191983e-03
1.477440836294358917e+02
1.059144906630395816e-01
