# residue i_ratio gamma_2
1.000000000000000000e+00 nan nan
2.000000000000000000e+00 7.956071970111939784e-01 2.285063162528747860e+00
3.000000000000000000e+00 8.346810390733669927e-01 1.770387403331047382e+00
4.000000000000000000e+00 8.650184820117836626e-01 1.399755868220301513e+00
5.000000000000000000e+00 8.250931726592095616e-01 1.892618042161270830e+00
6.000000000000000000e+00 6.860730903841496531e-01 4.003670811418244213e+00
7.000000000000000000e+00 5.165025845855326647e-01 7.891793505436849543e+00
8.000000000000000000e+00 6.268219931159069169e-01 5.152332087835244323e+00
9.000000000000000000e+00 6.000068405606674427e-01 5.737199720574653661e+00
1.000000000000000000e+01 6.137245664769909181e-01 5.432412538202927799e+00
1.100000000000000000e+01 6.620719336040793435e-01 4.447118411641733715e+00
1.200000000000000000e+01 2.290773697686048216e-01 2.425239823921680937e+01
1.300000000000000000e+01 6.659915508365331638e-01 4.372773062898708041e+00
1.400000000000000000e+01 7.291653992745753543e-01 3.272740852309646176e+00
1.500000000000000000e+01 7.245032159796694904e-01 3.348089621753491674e+00
1.600000000000000000e+01 6.864562567081663458e-01 3.996813948417134110e+00
1.700000000000000000e+01 6.112506629866666374e-01 5.486494232133274807e+00
1.800000000000000000e+01 5.395006412207067337e-01 7.240943097305623688e+00
1.900000000000000000e+01 5.891567089281563030e-01 5.987031321912078319e+00
2.000000000000000000e+01 7.121505666000729207e-01 3.551962705158909994e+00
2.100000000000000000e+01 6.109745214066475416e-01 5.492554698805186320e+00
2.200000000000000000e+01 4.581875004452291567e-01 9.789754214829862633e+00
2.300000000000000000e+01 6.648250044219788935e-01 4.394818710846080556e+00
2.400000000000000000e+01 7.667105768204837135e-01 2.695819783967427163e+00
2.500000000000000000e+01 5.607540643476789377e-01 6.680679815008418565e+00
2.600000000000000000e+01 6.360687114257395081e-01 4.960700191864332531e+00
2.700000000000000000e+01 6.905117651267864698e-01 3.924652565087281442e+00
2.800000000000000000e+01 7.549539212417097911e-01 2.870965076236181357e+00
2.900000000000000000e+01 7.924847438318289861e-01 2.328153860256574781e+00
3.000000000000000000e+01 7.346455744145958811e-01 3.185260719420717201e+00
3.100000000000000000e+01 6.746981369649870386e-01 4.210361363249430333e+00
3.200000000000000000e+01 7.400217427600643827e-01 3.100562626080573647e+00
3.300000000000000000e+01 8.332055923944426956e-01 1.789032242168862474e+00
3.400000000000000000e+01 8.298035555767754312e-01 1.832250263451554728e+00
3.500000000000000000e+01 9.164272927462129292e-01 8.225521381263949383e-01
3.600000000000000000e+01 9.470732413129513416e-01 5.055951810174502681e-01
3.700000000000000000e+01 9.099147172986614684e-01 8.924019229773900719e-01
3.800000000000000000e+01 9.083412030668622794e-01 9.094146240745305532e-01
3.900000000000000000e+01 9.233447057819786918e-01 7.493398783576152855e-01
4.000000000000000000e+01 9.426556259679752525e-01 5.501286999490688778e-01
4.100000000000000000e+01 9.165944524049780551e-01 8.207711412900458026e-01
4.200000000000000000e+01 9.108017722849092168e-01 8.828346525098906827e-01
4.300000000000000000e+01 8.985790593796073589e-01 1.016167874602411869e+00
4.400000000000000000e+01 8.605180425353553542e-01 1.453247497964812229e+00
4.500000000000000000e+01 9.441855593712875638e-01 5.346627129538336076e-01
4.600000000000000000e+01 9.717906053693841084e-01 2.632310451363099046e-01
4.700000000000000000e+01 9.838038354951854636e-01 1.494484533108701441e-01
4.800000000000000000e+01 9.881681716459825848e-01 1.087370466750911951e-01
4.900000000000000000e+01 9.891838052055207386e-01 9.931003108655087064e-02
5.000000000000000000e+01 9.886257295511914345e-01 1.044878495472895547e-01
5.100000000000000000e+01 9.855975994419120534e-01 1.326760516337486540e-01
5.200000000000000000e+01 9.851737249227608961e-01 1.366344186182720244e-01
5.300000000000000000e+01 9.899856928514826349e-01 9.187945471821543086e-02
5.400000000000000000e+01 9.915542148072370443e-01 7.737668325172399053e-02
5.500000000000000000e+01 9.927710706335546309e-01 6.615427816400161476e-02
5.600000000000000000e+01 9.907054228555658426e-01 8.521952825146374144e-02
5.700000000000000000e+01 9.812531186812324391e-01 1.733949564342531779e-01
5.800000000000000000e+01 9.839747525722940535e-01 1.478479069869427509e-01
5.900000000000000000e+01 9.886632083521539327e-01 1.041399546635565221e-01
6.000000000000000000e+01 9.787891425988850536e-01 1.966351770385290909e-01
6.100000000000000000e+01 9.742919725948416820e-01 2.393286898606524771e-01
6.200000000000000000e+01 9.868925255218744530e-01 1.206025538574693329e-01
6.300000000000000000e+01 9.866306347618570838e-01 1.230420113963992396e-01
6.400000000000000000e+01 9.834601638514417488e-01 1.526682889498444384e-01
6.500000000000000000e+01 9.744050755408572018e-01 2.382505533113219165e-01
6.600000000000000000e+01 9.729438943534831630e-01 2.521966271873746779e-01
6.700000000000000000e+01 9.710247074917213173e-01 2.705721863539335970e-01
6.800000000000000000e+01 9.287478680710504753e-01 6.928430218771626237e-01
6.900000000000000000e+01 8.551335833107389650e-01 1.517913741486466295e+00
7.000000000000000000e+01 8.968727909288792821e-01 1.035042699003325684e+00
7.100000000000000000e+01 9.433275538850435238e-01 5.433306118987200062e-01
7.200000000000000000e+01 9.517232757866538329e-01 4.591250284447963570e-01
7.300000000000000000e+01 9.122728989446038383e-01 8.670051095307000910e-01
7.400000000000000000e+01 7.861077307322479335e-01 2.417110736968707041e+00
7.500000000000000000e+01 7.005586269232858543e-01 3.749075212878814067e+00
7.600000000000000000e+01 6.447470956521297314e-01 4.785245744764441866e+00
7.700000000000000000e+01 7.423295512109293615e-01 3.064539983024320957e+00
7.800000000000000000e+01 7.699736039071617411e-01 2.648056571291577566e+00
7.900000000000000000e+01 8.153320845180150878e-01 2.019709717806782656e+00
8.000000000000000000e+01 7.951329456015354680e-01 2.291588417700317848e+00
8.100000000000000000e+01 6.364743915994548473e-01 4.952404759039140458e+00
8.200000000000000000e+01 7.587132689748004033e-01 2.814432964564104633e+00
8.300000000000000000e+01 8.304991991434310661e-01 1.823387191118405415e+00
8.400000000000000000e+01 7.325500008557555010e-01 3.218574830386819574e+00
8.500000000000000000e+01 4.934792421145922092e-01 8.595264187066733896e+00
8.600000000000000000e+01 5.291424248162163169e-01 7.528046829745155932e+00
8.700000000000000000e+01 6.796359843366586162e-01 4.119886196892571739e+00
8.800000000000000000e+01 6.427541588658582938e-01 4.825169270413226741e+00
8.900000000000000000e+01 5.294464056636569715e-01 7.519483342788549685e+00
9.000000000000000000e+01 2.506209930538222386e-01 2.201606751693574893e+01
9.100000000000000000e+01 4.138115490198259749e-01 1.153323131185324080e+01
9.200000000000000000e+01 4.059080321176293249e-01 1.187714186469776578e+01
9.300000000000000000e+01 4.561343126227446754e-01 9.864066494056322298e+00
9.400000000000000000e+01 4.694891157808208093e-01 9.390613701350030595e+00
9.500000000000000000e+01 3.918517188876242674e-01 1.251729943458025041e+01
9.600000000000000000e+01 2.862591710966188030e-01 1.891348126717937106e+01
9.700000000000000000e+01 2.078770160724375815e-01 2.679719948090544435e+01
9.800000000000000000e+01 1.061070734993203868e-01 4.820023197658838399e+01
9.900000000000000000e+01 7.905989581709763070e-02 5.965623773587952883e+01
1.000000000000000000e+02 1.339049094900883752e-01 4.003959208387847468e+01
1.010000000000000000e+02 9.268976961288837024e-02 5.330763413424885755e+01
1.020000000000000000e+02 5.300060236319828477e-02 7.719221005046038897e+01
1.030000000000000000e+02 nan nan
1.040000000000000000e+02 1.095141738332793685e-02 1.651327324893496495e+02
1.050000000000000000e+02 4.555356425141720428e-02 8.439565051192536771e+01
1.060000000000000000e+02 7.653778547651141073e-02 6.099484942243733343e+01
1.070000000000000000e+02 8.688672962119027565e-02 5.584426807542459414e+01
1.080000000000000000e+02 nan nan
1.090000000000000000e+02 2.401939911254645510e-02 1.179690294526038912e+02
1.100000000000000000e+02 1.254014167769123556e-01 4.225962882262714260e+01
1.110000000000000000e+02 3.119201723882848998e-01 1.703735704935677120e+01
1.120000000000000000e+02 3.483861804434902343e-01 1.476395648983093523e+01
1.130000000000000000e+02 4.342115745888812661e-01 1.069442272447562203e+01
1.140000000000000000e+02 4.719996183273911239e-01 9.304159648772841962e+00
1.150000000000000000e+02 5.460600453327637549e-01 7.064006529927014277e+00
1.160000000000000000e+02 5.469193303956565444e-01 7.041099760437025346e+00
1.170000000000000000e+02 nan nan
1.180000000000000000e+02 3.896689400236835188e-01 1.262015485379956026e+01
1.190000000000000000e+02 2.942759712407325146e-01 1.829913011256118338e+01
1.200000000000000000e+02 nan nan
1.210000000000000000e+02 4.733397917725931103e-01 9.258327919196277733e+00
1.220000000000000000e+02 5.377895435348972741e-01 7.287711871108851547e+00
1.230000000000000000e+02 6.169094129836927287e-01 5.363348328070757454e+00
1.240000000000000000e+02 4.769447269832783332e-01 9.136134705064099748e+00
1.250000000000000000e+02 2.923801563621856725e-01 1.844196866982191452e+01
1.260000000000000000e+02 6.816780306026399838e-01 4.082808973124665286e+00
1.270000000000000000e+02 5.508770223477255090e-01 6.936394580068609095e+00
1.280000000000000000e+02 nan nan
1.290000000000000000e+02 6.870443481357069171e-01 3.986303060633715756e+00
1.300000000000000000e+02 7.888956320320388294e-01 2.378062071396148003e+00
1.310000000000000000e+02 8.797926676027021387e-01 1.227630935077461460e+00
1.320000000000000000e+02 8.980214731776090531e-01 1.022328774908577875e+00
1.330000000000000000e+02 9.354854370380930595e-01 6.232240530206724083e-01
1.340000000000000000e+02 9.463143771061377496e-01 5.132183139206822897e-01
1.350000000000000000e+02 9.634116068811529043e-01 3.441217594894974696e-01
1.360000000000000000e+02 9.664661054867285106e-01 3.144857039886853611e-01
1.370000000000000000e+02 9.473244498924734414e-01 5.030741247220857915e-01
1.380000000000000000e+02 nan nan
1.390000000000000000e+02 9.488923627468600630e-01 4.873664457968958641e-01
1.400000000000000000e+02 9.606947482911590841e-01 3.706260588044917870e-01
