1.679535453488023578e+01
2.288819570663006786e+01
4.410805955382704369e+00
5.192653377769049783e+00
4.178600458532876871e+00
5.734811433146318471e+00
1.119285392569525861e+01
3.309185250379667931e+00
4.652790328185749047e+01
2.805511799468699152e+01
1.444138925906005255e+01
2.522523695038238856e+01
3.214346937219302092e+00
3.292846359796218092e+00
2.374856655660855864e+01
0.000000000000000000e+00
2.761164177491758309e+01
6.315760263170610459e-27
1.454586612209077532e-06
3.459415560419528248e-04
1.441504435845065935e+00
2.630296618251622975e-01
6.184678856483541765e+00
5.052295293064469561e+00
1.265345698946116482e+00
4.424649149936512593e+00
1.612562851994222335e+00
8.690162431743340576e+00
1.201151328046988276e+01
1.445688327351113252e-06
1.403921399570951488e-02
1.092577575168495054e-08
1.867286574783252743e-06
2.082628952894649251e-05
4.210258061481022239e-03
3.272218303701656295e-05
1.584712707099046825e-05
6.389294063873045097e-03
4.419925791696163926e-04
2.401328318513901768e-03
4.032452200665349526e-03
4.219550376035367811e-02
2.241292670321026748e-01
1.741804211998146737e-02
1.368457676912490824e-02
8.522961677417392051e-03
1.548588627967054706e-03
1.697073938982545424e-04
4.272645831371189862e-02
5.606259500924977601e+00
2.440613862876922358e-05
1.793525041878524240e-02
2.213230906756706862e+00
1.569313579879085818e+00
5.101851495084655852e+00
5.521764089543810400e-02
4.949195442799929345e-02
1.071704613428552891e-03
1.297714584963890161e+01
3.021053098263487513e+01
1.095495356619233185e+01
1.558051147954542692e+01
1.233988705784202722e+00
2.133572154037951307e+01
1.920063593700523441e+01
1.926293028662187101e-01
1.470004343645589806e+01
4.483836678255934682e-01
8.513549011850713583e-03
1.058427650097395833e+01
6.768772695207580029e-03
7.035014075216860618e+00
1.204125283890824250e+01
1.015468157582919240e+01
2.877199581930246719e+00
7.402427845007895080e+00
1.550365161532787361e+01
1.327824085327536707e+00
1.309965580170342214e+01
9.153095524977551634e+00
5.267140600160582409e+01
6.663253463907436114e+00
1.454180013985231490e+01
1.540256453143968685e+01
1.088323751538114159e+01
4.898541827234218005e+01
6.045516512150579835e+00
7.223196154385489010e+00
4.827034692349476686e+00
1.117987195861631911e+01
4.883783508905929771e-02
1.752540477748740555e+00
4.943556413573728214e+00
4.106409565703409470e+01
3.154778172063702618e-02
1.544018833512910227e+01
2.863063679507438578e-02
2.745979051832175166e+00
3.843677522944169027e+02
6.759937573756512330e-02
4.421006974308867854e-02
1.264127850952219312e+01
4.219516556332672508e+01
1.311059620828051386e+01
1.329446162301825751e+01
1.854427702960132862e+01
2.723683075270608410e-09
1.402949489204649458e+00
1.566357304770824221e+01
3.361316832178587344e+00
1.334609894212218073e+01
1.677823172456866518e-01
2.386538504722046383e+01
1.556743561862878700e+01
1.197160941693082314e+01
2.752096426456600857e-33
1.358882143357681871e+00
4.568421467515243054e-135
5.313736115430491746e-05
1.348997052630174096e+02
2.100706856164828015e-15
6.842568449906745176e-01
1.022706211888964462e-01
9.316486988793356658e-45
0.000000000000000000e+00
0.000000000000000000e+00
2.099379067765847395e+01
2.087331562061547885e+01
0.000000000000000000e+00
7.181770593043054605e-14
0.000000000000000000e+00
7.228387856333602065e-27
0.000000000000000000e+00
1.281949678805538362e+01
7.455724581916160787e+02
1.203464938443239696e+01
9.678162039192212660e+02
1.208392370883525899e+02
4.209824432256437632e+01
1.291420162610148452e+02
2.431213003957363930e-20
2.333671169439140427e-14
1.749398878663636765e+02
1.251147873734716143e+00
8.198552651079666020e+01
0.000000000000000000e+00
2.391943632602617157e-227
1.192565975265048628e-04
3.196692648985913891e-57
0.000000000000000000e+00
9.700707330962628216e-02
2.070912501081394394e-265
1.666100024829247062e+01
3.279426225276764195e-01
1.523095858310680043e-04
8.585242579746982017e+01
1.730031045600937068e+04
1.515276045613111400e+01
1.105215117871233232e+01
6.684045587417592742e+02
2.988130157798287101e+01
2.949048560083729740e+02
2.915600413867312568e+02
7.383621030792120337e+02
3.413780547850042694e+03
1.645571267318218361e+03
1.018572560777537745e+02
8.931017443794132760e+02
1.057590298867045021e+03
2.630582610470829177e-04
1.045531951361992782e+02
1.237050049106371262e+03
6.256605358734938704e+01
7.218832218733910899e+00
9.894816043581200482e-02
1.108572346930810681e+01
1.986204422688319653e+02
3.631163256356709468e+01
4.279251745548035046e+01
2.103007390619777084e+01
4.742161785173116186e+02
7.174931675959479449e+00
5.296312804898068549e+00
2.205710039519473753e+01
3.224561982645133895e+01
1.936892876564794221e+02
5.578596629787595873e+01
1.111625157635690186e+01
2.969077694016125424e+00
1.334968310839210019e-03
3.893562793099266450e+00
2.968290091652491025e+00
4.862809105375546004e+00
5.399188326431031726e+01
5.350965488607156928e+00
4.090977308339658336e+00
2.959123222291469291e-01
2.699807978501721495e-01
2.558208194043135794e-13
1.915041243495294365e+00
2.795088463341960594e+00
1.435285974553126079e-02
2.237958564501712377e+00
7.459436803614613646e-21
1.173323668845302775e-18
1.340245700441094554e-15
1.581802663920280581e-36
1.497086094883664586e-114
0.000000000000000000e+00
0.000000000000000000e+00
9.906837397950831659e-96
5.272603590833084721e-146
3.164358506531402250e-79
1.502104248132396198e-19
1.468641137131009861e-71
1.072647641032044268e-103
2.808232203216508207e-03
1.239736412605794275e-06
3.141760347632630152e-64
3.265674160856668493e-05
1.254875947184124522e-102
9.569655892285638616e-39
4.641761039887149991e+02
1.496731266318852637e-05
3.858739390539833898e-03
2.803699674425783936e-58
1.015579558568009688e-02
6.630843911944071453e-03
9.423140455222519529e-01
1.497126815424190780e-28
3.650893303427122483e+00
3.430357034620106305e+01
7.090948547474560174e-03
2.712267164505932984e-02
3.620883928483717540e+01
1.723045537701467467e+01
7.089007273746250171e+00
1.533818040664300719e+00
8.493937530334129349e+00
5.980544715174786544e-03
3.900464896690687855e+00
9.094442144671948114e+00
1.503689321791626909e+01
1.535580396572220252e+01
6.522019321254580504e+00
3.653871031541297754e+01
7.889790686116562313e+00
5.230030366314004198e+00
4.660810798468530081e+00
2.203592166717227130e+01
8.553766896611943338e+00
3.339766678784116039e+00
7.946748899222111362e+00
1.832896420368327783e+00
3.810861651758401969e+00
9.092080130248861636e+00
2.321988142742808847e+01
7.917020968407860515e+00
1.616499008232059964e+01
7.097662922393085765e-03
1.989440289957706653e+01
6.127756151790861416e+00
2.654742296771936338e+01
1.158949780941083674e+01
1.998785876378821769e+01
4.339677373836001273e+00
1.727770695448879845e+00
8.128092583464252563e-01
1.496222304654868829e+01
3.450632095068213090e+01
2.637690007645654866e+00
5.363227313427384679e+00
4.137066944613885511e+01
2.060839814621226180e-04
8.801425163427254316e-302
2.143367894066502969e-15
1.709127086758936898e+01
3.746489476893532355e+01
4.488434582889121671e+00
2.467185111762661620e+01
2.313261974799496556e+01
3.597932167905106393e+00
5.530369052772810790e+01
4.691320499437755132e+01
3.141832399395364517e-01
1.096693092405604730e+01
2.127312549339652747e+01
7.303126920237272657e+01
2.399282059863000522e-73
4.008959076989434038e+02
2.265772433911530825e+01
7.013535567022353590e+00
1.566180727016519558e+00
2.119702470820391227e+01
9.751017612099069254e+01
0.000000000000000000e+00
2.116874258556049782e+01
1.681066743531024699e+01
7.667000004217752185e-01
6.867764964364524438e+00
5.627445929434030880e+00
3.970047951131192576e+00
6.195153603244389906e-01
4.356981743239551896e-01
8.911570982741746860e+00
6.726601531719397897e+00
2.015095253499248409e-02
2.575006862757628912e-01
7.901269172207186386e+00
2.286716044902387335e+00
8.529291097926369858e+00
8.248061385822506253e+00
1.093356548237203718e+01
5.662578769787980804e+00
1.501979728067037279e+00
6.207019205066214518e+00
4.273907319655410042e-01
4.022962200344964323e+00
4.743630147395291097e+00
4.412862883521184308e-04
1.757733722790237318e-01
5.294606692222079580e+00
5.481517462953861219e+00
6.382011733076843107e+00
5.726791266745751230e+00
8.665038003973556613e+00
7.863731505643073660e+00
7.460599750626430549e+00
3.450289591353681740e+00
2.624843406371097032e+01
8.024358946481697785e-01
1.749488094043544351e+01
3.748274006080226428e+00
1.258487285119042770e-04
7.836648600482162275e-01
6.498859252051551572e+00
3.056522445685565970e+00
1.442263978746749942e+01
1.901241422476928067e-01
4.806980103591580011e+00
8.840719368703154890e-01
1.261166657513799194e+01
3.216822001350522875e+00
1.427997588422797115e+00
1.812349568301098834e+00
3.629839614796132707e+01
4.645456399246938872e-01
4.830123650234743771e+00
2.168461816819615695e-01
6.312791530719338295e-01
3.141623264315179798e-02
5.832557269065292982e-03
1.539578123148404254e+00
5.018692821151952366e+00
7.281889286699485098e+00
5.943340534436883260e+00
5.961277288571054989e+00
1.194638116278692230e+01
4.370863850294059438e-01
4.454110369742020903e-01
5.011455549013079658e-01
3.048157715277649782e+00
3.680977694188673766e-02
2.248813440700277860e-02
2.793140878965151508e+00
2.261160950956588311e-01
6.334095906541605814e-01
7.323717757051506183e+00
5.704824764343164878e-01
8.625180925311410007e+00
6.465740400440638247e-01
7.802563750792574915e-01
4.480422555792552552e-01
4.216500097700873084e+00
7.579739610952024975e+00
1.442164086396660938e+00
9.696822789656277014e-05
2.294890726498408640e+01
2.181207625060084254e+00
1.572761473594612802e+01
1.393916340102411000e-01
6.372633303227245305e-01
7.021305237745441019e+00
8.099909234947602954e+00
1.315202598700527759e+01
2.889849395930086473e+01
1.420009423901120016e+01
1.037833209794210276e+01
3.740371196920337388e-03
1.183003865140163668e+01
1.678134337854276836e+01
8.807983980158903492e+00
2.452284618004897965e+01
1.747580573018158034e+01
5.984159793692339235e+01
3.299725399268571380e+01
1.881883038625792324e+02
2.661811493778513775e-03
4.957885111721121518e+01
8.124442506871319836e+01
5.890675485242893217e+01
4.236074441858043116e+01
7.349923835590271892e+01
3.681007880999937143e+00
3.484549022426293163e+02
2.926251614652074977e+02
7.258993295530973455e+01
1.421024398052495563e+01
7.896452078393970453e+00
3.002760711559321116e+00
4.515633421632536226e+01
1.315253165099150863e+02
5.209171323574797441e+01
6.011789018633962201e+01
2.689031437656977630e+01
7.014264286192765212e+02
4.059850429418434409e-02
3.068952051039067945e-05
0.000000000000000000e+00
0.000000000000000000e+00
1.430424406148697714e-208
7.517375409385312901e-02
1.894984035854858100e-12
8.267016957317828485e+00
2.098498376576045743e+01
1.578014809221117787e+01
1.663535810686992633e+01
4.561809299491276226e-01
4.436113481310054452e-01
2.801010465343597744e+01
1.999202695420991160e+00
4.404076527890019851e-05
1.330568843750571162e+00
3.716391581463026483e+01
9.569734220353394676e+02
1.114699475429932818e+01
2.328366233745839509e+00
3.435875918038590271e+01
8.225059840601053907e+01
3.795079674831690397e+01
4.936056360255537451e-05
5.621310302526602243e+01
1.546313288628687843e+01
1.858191323352527402e-01
1.401280139774191635e+00
2.883606616609846185e+01
1.410177685689252769e+01
1.446314357836600948e+02
5.017398087618353486e+01
5.206194745799548329e-01
0.000000000000000000e+00
0.000000000000000000e+00
2.085038808156895953e-49
6.989672598882897795e-44
2.110827839178434751e+00
3.730918361379675616e+02
7.649168051638964698e+02
8.734654301697892365e+00
6.647245751586276219e-79
3.042209337967760518e+01
0.000000000000000000e+00
6.781050404778730750e-08
1.637955399619216657e+00
0.000000000000000000e+00
1.181524410372880335e-103
0.000000000000000000e+00
1.040303398305351124e+01
0.000000000000000000e+00
8.713641676632660638e-06
0.000000000000000000e+00
0.000000000000000000e+00
0.000000000000000000e+00
1.061826289487010513e+02
4.709116114475377657e+01
3.142728021828963131e-02
2.816256509377472548e-04
1.054650604477557052e-118
1.455323991711302989e-128
1.755210753117658184e-03
0.000000000000000000e+00
0.000000000000000000e+00
0.000000000000000000e+00
7.548078935674298085e-74
0.000000000000000000e+00
4.849638905069209304e-230
0.000000000000000000e+00
2.455847313180086258e-123
0.000000000000000000e+00
3.031561186914358202e-113
0.000000000000000000e+00
1.859942377111707827e-06
9.844258327868011804e+00
4.257021585270909014e+00
1.012879160015208098e-19
0.000000000000000000e+00
7.902698895041052607e-01
2.226112035387922461e+01
0.000000000000000000e+00
4.281875054073884525e-121
0.000000000000000000e+00
0.000000000000000000e+00
0.000000000000000000e+00
2.435830592714383902e-01
3.161125700393757620e-02
2.715082328926886248e-07
0.000000000000000000e+00
0.000000000000000000e+00
0.000000000000000000e+00
0.000000000000000000e+00
0.000000000000000000e+00
0.000000000000000000e+00
6.060277375971819786e-117
7.713044516701466832e-03
1.451614755848411120e-69
9.078381984428043894e-02
3.866807416127360231e-02
0.000000000000000000e+00
3.739726548409176985e+02
2.322390853445458670e-16
0.000000000000000000e+00
1.380959451559273789e-59
7.091633517719174051e+01
4.954756957757729851e-105
0.000000000000000000e+00
0.000000000000000000e+00
0.000000000000000000e+00
0.000000000000000000e+00
0.000000000000000000e+00
1.380389438415434069e-64
1.132267405660705913e-05
4.854123230196715589e-07
6.728453941134270775e-71
0.000000000000000000e+00
0.000000000000000000e+00
0.000000000000000000e+00
1.197772932166342799e-02
2.928110563650296398e-122
8.502313554609337132e+01
5.867580498279937729e+02
1.651644003792983578e-03
0.000000000000000000e+00
0.000000000000000000e+00
0.000000000000000000e+00
0.000000000000000000e+00
2.594109099365361794e-26
3.599078286395870453e-17
1.861387763329738645e-28
0.000000000000000000e+00
5.602896732209604602e-01
1.931830354721770959e+01
2.164841376801821227e+01
1.980978915387406758e+01
1.676123643186419798e+01
2.512942885748881849e+01
1.895970402900639229e+01
0.000000000000000000e+00
2.429265913224383056e+01
0.000000000000000000e+00
0.000000000000000000e+00
2.008141350593057834e-157
0.000000000000000000e+00
0.000000000000000000e+00
0.000000000000000000e+00
1.504248958590784342e-111
5.222871262645052460e-55
7.723137616752750294e-308
0.000000000000000000e+00
7.786863599385243617e+01
0.000000000000000000e+00
0.000000000000000000e+00
1.658827523194163489e-01
2.965798088742453986e-01
5.768686663349011923e-01
3.394160606285656079e-01
3.287854240898422406e-04
8.252515247765920825e-02
7.142534218998056184e-02
1.014172779964378211e-44
3.407832102939380754e-201
0.000000000000000000e+00
0.000000000000000000e+00
3.018507802861435148e-75
0.000000000000000000e+00
3.535739417282028792e-03
0.000000000000000000e+00
0.000000000000000000e+00
3.376694282971799854e+00
4.371191059103266525e+02
1.945023313435249790e+01
1.127826037332778419e+01
1.142610507656733709e+01
2.070717939740920244e+01
2.703470347888113267e-09
2.033207186466389777e-06
2.020236745762540289e-31
1.378512240559849253e-05
7.989415957873546859e+02
1.290018624426569716e+02
2.772450180638987831e+02
1.523584414860253205e-49
1.541266093910457820e-06
5.063188715214025741e-03
2.628920257089012088e-45
7.510975444037977411e+01
1.368084370495910207e+02
1.617271171095263753e+02
9.706211151670779600e+02
1.773087178863247715e+01
4.946632264737754053e-02
1.117401528369436768e-21
0.000000000000000000e+00
0.000000000000000000e+00
0.000000000000000000e+00
8.654123840719186092e+02
0.000000000000000000e+00
5.205325472097084685e+02
2.199742847070772456e+01
8.273049249299138808e+01
5.572697856909609015e+01
1.798009391165435969e-05
1.205271934246556098e+00
0.000000000000000000e+00
0.000000000000000000e+00
0.000000000000000000e+00
0.000000000000000000e+00
0.000000000000000000e+00
9.359224366315951329e+02
4.956841881623068957e+01
6.151349088610453464e+02
2.171041672350122553e+03
4.473567657821495363e-81
1.366186353628961355e-88
8.187973287774641449e+02
3.083487245185129177e-01
2.493039574381051082e+01
2.565503827259549752e+01
2.073581780040131761e+01
1.865429238945368695e+02
7.625438350398863463e+01
0.000000000000000000e+00
3.489625787183106240e+02
0.000000000000000000e+00
8.646520447191668919e-92
7.480369117311729240e-50
6.333323390202349401e+02
1.437585016093297554e+03
8.479290217952515150e+02
3.470217908168442100e-85
1.572130594048650437e+03
2.940766986850816238e+02
5.071039280046412578e+00
1.126340380992889294e+02
2.462952071838138934e+01
6.956967055877442963e-02
1.467665217638182007e+01
0.000000000000000000e+00
0.000000000000000000e+00
0.000000000000000000e+00
0.000000000000000000e+00
0.000000000000000000e+00
0.000000000000000000e+00
0.000000000000000000e+00
0.000000000000000000e+00
2.717151407398625871e-78
9.596112795762461189e+01
0.000000000000000000e+00
0.000000000000000000e+00
0.000000000000000000e+00
0.000000000000000000e+00
2.788727622564330204e+02
3.018913076161845765e+02
6.746107914632912639e+01
0.000000000000000000e+00
3.283972336315520027e-144
0.000000000000000000e+00
0.000000000000000000e+00
0.000000000000000000e+00
0.000000000000000000e+00
0.000000000000000000e+00
0.000000000000000000e+00
3.133182454929189475e+02
4.432335254889780816e-71
0.000000000000000000e+00
0.000000000000000000e+00
7.728656212439166673e+00
5.689021258235707190e-10
7.678176073155239010e+02
2.438755110184341746e+01
8.897246612000489815e-07
4.570180356476493699e+01
2.691758259179391288e+01
6.338345416620801678e-15
7.049986816076874447e+02
2.111570039610302274e+01
1.622743101160542404e-04
3.801465215678456389e+01
1.489551266297045378e-03
0.000000000000000000e+00
1.433221788991886549e-49
1.465299867759639607e-02
0.000000000000000000e+00
0.000000000000000000e+00
0.000000000000000000e+00
0.000000000000000000e+00
0.000000000000000000e+00
0.000000000000000000e+00
2.418758088131552773e-106
0.000000000000000000e+00
0.000000000000000000e+00
1.787948187742340672e-126
0.000000000000000000e+00
1.310545129245352376e-46
0.000000000000000000e+00
0.000000000000000000e+00
0.000000000000000000e+00
3.531529767953715741e-78
1.723947695237426867e-314
4.184299220364347516e-164
3.959658188838861292e+02
1.106113691831859085e-06
0.000000000000000000e+00
0.000000000000000000e+00
0.000000000000000000e+00
0.000000000000000000e+00
0.000000000000000000e+00
0.000000000000000000e+00
0.000000000000000000e+00
0.000000000000000000e+00
1.580965898865741717e-84
0.000000000000000000e+00
8.830518360063189381e-59
1.368893384243156737e-156
2.782061400772904599e-154
1.461073432471886291e-82
0.000000000000000000e+00
0.000000000000000000e+00
0.000000000000000000e+00
0.000000000000000000e+00
0.000000000000000000e+00
0.000000000000000000e+00
0.000000000000000000e+00
0.000000000000000000e+00
3.081301690798081496e-107
0.000000000000000000e+00
0.000000000000000000e+00
0.000000000000000000e+00
0.000000000000000000e+00
0.000000000000000000e+00
0.000000000000000000e+00
0.000000000000000000e+00
0.000000000000000000e+00
0.000000000000000000e+00
0.000000000000000000e+00
0.000000000000000000e+00
0.000000000000000000e+00
5.068423796849857894e-67
7.495413308114524622e-06
0.000000000000000000e+00
6.922969961516420199e+02
0.000000000000000000e+00
8.759176844494595573e-22
0.000000000000000000e+00
0.000000000000000000e+00
2.481945132670126669e-45
1.841135545467903446e-37
1.006097021170291395e-11
1.031451393406380166e-171
2.519526144343936449e-131
1.754617912684891280e+03
0.000000000000000000e+00
0.000000000000000000e+00
2.467418768601254432e-49
0.000000000000000000e+00
0.000000000000000000e+00
0.000000000000000000e+00
0.000000000000000000e+00
1.407520705598899352e-118
1.473673688075627305e-35
8.118882449439448692e+02
0.000000000000000000e+00
6.869459012514855090e+01
8.286780421634816207e+01
0.000000000000000000e+00
3.541790627565283955e+01
1.302666037590960446e-01
2.251778830041492085e+01
7.688530770267805459e-02
1.474533925530833400e+01
6.543455022704754356e+02
1.944534206572217627e+01
2.331001111525319658e+01
2.455628307861112347e+01
7.987957103976084383e+00
5.121537068001779858e+01
1.278062710717410866e+01
2.059389881603691919e+01
4.942145840469055251e+00
4.051309772044002344e-69
7.046411117347486375e-01
3.255543612256273889e+01
2.972764594479365883e+02
1.336825877106297966e+00
8.072764436571509350e+01
6.696976637082255324e-02
1.973426861401416787e-09
5.135281476691857049e-242
1.129887868364850562e-150
0.000000000000000000e+00
0.000000000000000000e+00
0.000000000000000000e+00
0.000000000000000000e+00
0.000000000000000000e+00
0.000000000000000000e+00
3.609196487717854893e+02
3.543162127885807847e-57
0.000000000000000000e+00
3.894782675920205194e-76
3.526186521541917196e-02
0.000000000000000000e+00
1.993105242427483774e-08
0.000000000000000000e+00
1.881992801803877844e-190
2.238147459987554090e-258
0.000000000000000000e+00
3.015218658158518110e+02
9.751739688987771503e-04
4.363135596275360513e+03
5.459460654903584782e+02
3.313742903350030328e-21
1.329863764415754723e-173
0.000000000000000000e+00
0.000000000000000000e+00
0.000000000000000000e+00
7.779465326814201040e-107
0.000000000000000000e+00
0.000000000000000000e+00
3.927984116652858404e+00
3.825160084844076529e-131
0.000000000000000000e+00
0.000000000000000000e+00
0.000000000000000000e+00
0.000000000000000000e+00
3.107661968301644961e+01
0.000000000000000000e+00
0.000000000000000000e+00
0.000000000000000000e+00
1.165391047158425408e+02
1.149320596307327591e+01
0.000000000000000000e+00
7.755109188044197241e-137
3.176524554245426110e-275
0.000000000000000000e+00
0.000000000000000000e+00
0.000000000000000000e+00
1.208464545428974274e-02
5.883776199171802692e-08
0.000000000000000000e+00
1.463705416312842507e-259
1.225674356725741328e-109
0.000000000000000000e+00
0.000000000000000000e+00
0.000000000000000000e+00
0.000000000000000000e+00
2.736356003159351680e+00
0.000000000000000000e+00
0.000000000000000000e+00
0.000000000000000000e+00
0.000000000000000000e+00
0.000000000000000000e+00
0.000000000000000000e+00
8.680269518430719198e-231
0.000000000000000000e+00
2.011635081234492214e-216
0.000000000000000000e+00
0.000000000000000000e+00
0.000000000000000000e+00
0.000000000000000000e+00
5.317407248378109726e-49
9.082527461698255328e-47
0.000000000000000000e+00
0.000000000000000000e+00
0.000000000000000000e+00
0.000000000000000000e+00
0.000000000000000000e+00
0.000000000000000000e+00
0.000000000000000000e+00
6.905046207652590021e-61
2.964393875047479265e-323
0.000000000000000000e+00
0.000000000000000000e+00
9.737973800692449072e-35
2.972031863760788468e-21
0.000000000000000000e+00
6.431945854372152126e-11
1.474886152282726248e-90
0.000000000000000000e+00
0.000000000000000000e+00
5.210639739542845903e-149
0.000000000000000000e+00
0.000000000000000000e+00
0.000000000000000000e+00
1.565535022539430091e-14
4.365773912887011025e-194
0.000000000000000000e+00
0.000000000000000000e+00
0.000000000000000000e+00
5.251721743570476124e-158
0.000000000000000000e+00
0.000000000000000000e+00
9.902986012355581299e-66
0.000000000000000000e+00
0.000000000000000000e+00
4.915548601020695135e-212
0.000000000000000000e+00
5.887362237395143202e-43
0.000000000000000000e+00
1.501269891721847801e-129
1.471966880506460754e-05
2.155536070979423630e-236
0.000000000000000000e+00
2.549598159356691164e-289
0.000000000000000000e+00
0.000000000000000000e+00
0.000000000000000000e+00
5.756379857492131636e-41
7.348089413545745312e-110
0.000000000000000000e+00
0.000000000000000000e+00
0.000000000000000000e+00
0.000000000000000000e+00
0.000000000000000000e+00
3.443858764682193658e-12
0.000000000000000000e+00
0.000000000000000000e+00
2.967180793302080510e-01
0.000000000000000000e+00
1.497593306620335730e-06
2.656296706900522200e-195
0.000000000000000000e+00
0.000000000000000000e+00
1.265533041935142592e-76
0.000000000000000000e+00
0.000000000000000000e+00
0.000000000000000000e+00
0.000000000000000000e+00
0.000000000000000000e+00
0.000000000000000000e+00
5.251642620676171224e-124
0.000000000000000000e+00
0.000000000000000000e+00
0.000000000000000000e+00
0.000000000000000000e+00
0.000000000000000000e+00
0.000000000000000000e+00
0.000000000000000000e+00
1.868240900235280517e-93
0.000000000000000000e+00
0.000000000000000000e+00
0.000000000000000000e+00
0.000000000000000000e+00
0.000000000000000000e+00
0.000000000000000000e+00
2.403693855099951490e-168
0.000000000000000000e+00
3.616972794634298595e-79
6.134036145811838203e+00
4.643156773957956814e-04
0.000000000000000000e+00
0.000000000000000000e+00
0.000000000000000000e+00
1.825447776757325771e-92
2.660085761750817043e-131
0.000000000000000000e+00
0.000000000000000000e+00
0.000000000000000000e+00
0.000000000000000000e+00
0.000000000000000000e+00
0.000000000000000000e+00
2.683531549019919723e-152
0.000000000000000000e+00
0.000000000000000000e+00
0.000000000000000000e+00
0.000000000000000000e+00
6.531676197668341395e-46
3.977191724673355082e-58
3.197373267729397724e-16
1.109130860180139907e-35
3.033941291465908999e-296
0.000000000000000000e+00
6.943208909052301434e-223
1.445384270199376798e-98
0.000000000000000000e+00
0.000000000000000000e+00
0.000000000000000000e+00
2.003038383155185487e-19
0.000000000000000000e+00
2.263813588581887538e-44
1.768304084574095402e-50
2.030079838545379403e+02
0.000000000000000000e+00
0.000000000000000000e+00
0.000000000000000000e+00
0.000000000000000000e+00
0.000000000000000000e+00
0.000000000000000000e+00
0.000000000000000000e+00
1.147476679066973247e+03
2.117961216061461073e+03
2.463847358607781728e-04
3.792534321322459928e-06
4.024690408818882661e-11
2.986090680030254601e-24
0.000000000000000000e+00
0.000000000000000000e+00
0.000000000000000000e+00
8.761317051560639410e-214
0.000000000000000000e+00
0.000000000000000000e+00
9.710471641184161330e-68
1.031726752845556145e-11
0.000000000000000000e+00
0.000000000000000000e+00
0.000000000000000000e+00
0.000000000000000000e+00
1.422481655281700371e-98
0.000000000000000000e+00
0.000000000000000000e+00
0.000000000000000000e+00
0.000000000000000000e+00
2.228122305800838410e-08
0.000000000000000000e+00
0.000000000000000000e+00
0.000000000000000000e+00
0.000000000000000000e+00
0.000000000000000000e+00
0.000000000000000000e+00
3.163507756945453175e-21
2.448235978359188454e-112
0.000000000000000000e+00
0.000000000000000000e+00
0.000000000000000000e+00
0.000000000000000000e+00
0.000000000000000000e+00
0.000000000000000000e+00
0.000000000000000000e+00
0.000000000000000000e+00
0.000000000000000000e+00
0.000000000000000000e+00
0.000000000000000000e+00
0.000000000000000000e+00
0.000000000000000000e+00
0.000000000000000000e+00
0.000000000000000000e+00
0.000000000000000000e+00
0.000000000000000000e+00
0.000000000000000000e+00
0.000000000000000000e+00
4.162962221959866862e-126
0.000000000000000000e+00
0.000000000000000000e+00
0.000000000000000000e+00
0.000000000000000000e+00
0.000000000000000000e+00
0.000000000000000000e+00
0.000000000000000000e+00
0.000000000000000000e+00
0.000000000000000000e+00
1.113861822174774666e-184
0.000000000000000000e+00
1.017605932547699970e-61
0.000000000000000000e+00
0.000000000000000000e+00
3.558141364991005418e+01
1.822082003606134639e-04
9.961868415140183919e-165
0.000000000000000000e+00
4.940146931634805315e-25
2.477907298710572359e+00
4.659128534485874297e+03
6.757882980307040270e+02
0.000000000000000000e+00
0.000000000000000000e+00
0.000000000000000000e+00
0.000000000000000000e+00
4.387853757943013053e-16
0.000000000000000000e+00
2.171007280762747758e-258
5.417116832048940722e+01
4.517415365902707549e+02
1.866258043392171473e+01
0.000000000000000000e+00
0.000000000000000000e+00
0.000000000000000000e+00
0.000000000000000000e+00
0.000000000000000000e+00
0.000000000000000000e+00
0.000000000000000000e+00
0.000000000000000000e+00
0.000000000000000000e+00
0.000000000000000000e+00
0.000000000000000000e+00
0.000000000000000000e+00
0.000000000000000000e+00
0.000000000000000000e+00
0.000000000000000000e+00
0.000000000000000000e+00
0.000000000000000000e+00
0.000000000000000000e+00
0.000000000000000000e+00
0.000000000000000000e+00
3.028468745596540014e-60
1.894745974872105443e-01
0.000000000000000000e+00
7.690378621187655028e+01
2.510070249611552242e+02
1.930815824832070838e-16
3.217827380812787674e-14
4.115553920153584500e+01
0.000000000000000000e+00
3.203719226616016241e-02
3.652606047072616158e-12
3.196430868201869301e-06
5.108692474385398514e-23
0.000000000000000000e+00
0.000000000000000000e+00
4.191516623389312043e-05
5.404768922018451034e-177
9.163100549448301504e-03
0.000000000000000000e+00
2.663787421500343277e-24
6.352060037914263806e-78
1.628403075332865160e-09
3.475095962640652488e+03
8.251410554618126149e-116
0.000000000000000000e+00
1.749152929530980482e-22
0.000000000000000000e+00
2.419345300060037063e-01
7.029942067486761528e-49
1.642734809451241507e+00
9.281903666721074969e-34
7.204476606564070391e-121
0.000000000000000000e+00
0.000000000000000000e+00
0.000000000000000000e+00
0.000000000000000000e+00
0.000000000000000000e+00
0.000000000000000000e+00
0.000000000000000000e+00
0.000000000000000000e+00
0.000000000000000000e+00
0.000000000000000000e+00
4.558092142217876862e-75
6.253706510165119925e-106
9.274793562664655290e-261
0.000000000000000000e+00
1.770466158567518992e-33
1.696617084625300668e-77
1.566380095986650298e-04
2.278317400623816241e-64
3.837191474801793039e-04
3.146938134126188924e-135
4.614053178282337427e-101
6.330610897901475315e-171
1.496135521343399543e-19
3.458977689613300655e+00
5.503637547380509432e+02
2.414091455553108062e+03
0.000000000000000000e+00
5.372852987670088964e+01
9.928247390560381025e-09
2.843838318087976091e+01
5.972038559466316201e+02
0.000000000000000000e+00
3.085702667940805934e-65
0.000000000000000000e+00
2.635124979374303678e+01
0.000000000000000000e+00
2.496068738544767029e+02
0.000000000000000000e+00
1.936836618109625541e-01
0.000000000000000000e+00
0.000000000000000000e+00
1.924908561843752597e-84
8.720379509445454858e+01
8.953544687181694095e-138
0.000000000000000000e+00
1.266959865984499181e-03
4.347222474637523533e+02
7.448011184506351690e+00
6.621294514270051934e+01
0.000000000000000000e+00
3.682100758179067005e-313
3.156317343310299748e+02
5.448088718611697345e+01
4.534101134598235205e+01
1.824276558358817368e+01
5.763398219694505542e+02
1.133835462623391686e+04
4.266283960320592996e+02
1.163490668673443338e+02
1.115572763303770839e-25
1.243812616177279864e+02
1.535823321368738004e+00
4.539101970472492198e-02
1.254106835132916871e+02
2.598983953695299931e+01
7.840046218880875983e+01
3.352843032419838920e+01
9.868204331787461570e+01
4.885367524517099724e+01
4.907070850771902415e-02
2.373958284198107549e+02
4.354031434396161693e+00
6.979166619900908106e-30
3.758772404302606418e+01
1.794537070712062839e-06
9.647687014453688903e+01
1.020526657195515985e-137
1.533802049098972331e+00
2.901113203229208626e-01
6.962784957686853460e+00
2.327894380282100222e-06
4.567269228167305641e+02
2.423705384592742984e+00
1.424796331800826579e+02
3.290747589982743530e-29
1.109806626248594739e+03
2.347620234176800480e+01
1.227761057050122062e+00
5.978326290291971645e+01
1.216816595797320585e-02
2.064954232989025806e-01
2.388458539185587813e-07
1.487739694102832300e-01
1.479442649249131136e+01
1.710420389956396292e+01
1.413216822588953292e+01
7.583009519090529388e-04
8.196910595505715946e+01
2.924415601719345048e+01
1.003920902842841157e-09
5.472180060910817891e-07
7.538123692440001022e+00
8.582933512572823531e+01
9.508020362859925356e+00
1.301509649939031732e+01
1.377074517123844544e+01
4.870255135075537645e+00
2.504941597375855267e+01
1.554193566137403515e+01
1.474979402780444282e+01
1.415225039037341759e+01
3.563426521361625632e+00
7.349429905660728179e-01
3.677062873772000984e+01
8.538540436991778762e-04
8.316710070730996662e+00
4.173474549973720116e+01
1.523275244413912688e+01
2.209574796314252865e+01
1.887634047454775654e+01
4.006173383962795498e+01
3.386678836169902240e+01
3.165427472560582878e+00
9.019558551826309056e+00
7.832437201662887816e+00
4.206977174545772691e+00
2.019156260223254229e+00
2.402703608399944457e+00
6.691255402515098538e+00
6.799807553448608283e-04
1.057137264741424687e+01
3.277851182001073482e+01
1.217203738265233071e+01
0.000000000000000000e+00
1.125250266014656972e+02
1.389400104170296357e+00
3.156368873555709647e-03
4.440213944019096637e+00
2.554738461202576527e+00
1.132395079171324426e-01
8.677071783247539472e+00
1.215309014559507439e+01
1.740477088346619539e+01
9.848364579641662786e+00
4.071652803330945702e-01
1.392238340121353286e-02
1.029439764482995656e+01
1.410112897246209940e+01
4.080895823882427109e+00
1.958110278820309347e+01
3.102069033738586779e+00
2.230926905675949978e+00
1.880316329897648853e+00
1.785908463776913280e+01
7.941302736955656805e+00
2.853162446451228629e+00
2.350145546864913726e+01
1.218425066911558588e+03
0.000000000000000000e+00
0.000000000000000000e+00
0.000000000000000000e+00
0.000000000000000000e+00
3.759199785212250527e-103
1.166223209677736747e+02
8.537112743765645106e+00
0.000000000000000000e+00
0.000000000000000000e+00
0.000000000000000000e+00
0.000000000000000000e+00
9.397246904075696960e+00
2.071731572066526916e-01
1.472344881427978924e+00
2.975576942483063730e-02
3.033494606388432047e+00
1.367943419134749705e+00
2.123343413948578728e+01
3.697062721628694959e+01
7.488165326569521868e-245
6.216531538440307064e-02
0.000000000000000000e+00
9.848775908202527241e-01
0.000000000000000000e+00
0.000000000000000000e+00
0.000000000000000000e+00
0.000000000000000000e+00
3.127195755340848795e-09
0.000000000000000000e+00
0.000000000000000000e+00
0.000000000000000000e+00
1.517754031064839992e+01
6.201285503653908293e+00
9.124518983756390256e+00
7.091575150816314954e-02
2.059504870471169091e-01
3.989175141312376827e+00
9.783147405198077351e+00
3.407168975335630901e+00
1.550696496697492766e+00
3.775744365053812857e+01
2.233826299303228780e+01
7.788507065543268482e+01
2.182942649790610901e+01
8.279226723098624674e-02
4.596849770091916281e-15
2.172173054956721572e+01
1.145978956152125861e+01
1.486166915683612544e+01
1.949431218287498169e+01
1.647696058164520849e+01
2.097521809958000460e+02
1.763320798848280901e+01
9.375251863101190963e+01
1.599467089500029005e+01
4.831304181750127213e+01
6.850471716259660298e+02
3.746522373912382022e+02
2.766787651229988114e+02
5.745925424793983831e-14
1.982618403716719513e+01
5.143733896436234545e+02
1.607212658136216419e+02
2.048030922459961545e+01
2.804627162542679031e+01
3.916017944038670606e+01
8.716930272775604749e+01
7.665259026423288446e+01
6.294419893112471698e+01
4.142488829969514796e+01
1.004370369039248700e+01
7.765032134509588957e+00
9.539621959009298990e+00
3.460379260355065156e+01
4.138459591197203480e+01
3.495046397714561136e-14
6.706768677513195165e+00
7.553352877180316227e+02
2.121546383864603980e-01
0.000000000000000000e+00
2.113532793072579352e+03
4.568431585575135614e+02
2.991261652107299884e+00
7.188300885293111264e+01
1.480843809414835910e+01
1.250847918626243072e+01
6.441889238786961680e-04
1.447038248086437662e+01
1.713723293261065095e+01
1.875746909265494367e+01
1.714033239976707534e+01
1.813280344180023818e+00
5.550691306875306097e-01
1.397826747238709835e-04
4.849957592695423132e-04
4.382361245797253923e-62
4.576961024312331006e+01
2.118978118395634880e+00
5.195721690983690166e+01
3.598828365714072675e+01
1.337107047224377759e-03
2.975489705205832447e+00
8.570700633355021747e-03
4.774337664929149225e-14
2.741201135454686541e-06
3.428307005560800463e-07
0.000000000000000000e+00
6.654466554253890997e+00
0.000000000000000000e+00
2.052331395626471888e+01
0.000000000000000000e+00
8.405265338575450428e-10
2.573046229279842692e+02
9.360121365034800078e+00
0.000000000000000000e+00
3.524566522542079694e-01
2.596866116673374712e-03
6.429193482870289245e+00
0.000000000000000000e+00
1.199225163830692059e-45
8.375691215202322754e-04
0.000000000000000000e+00
2.097767000540512518e-17
0.000000000000000000e+00
3.239582879369966406e+01
0.000000000000000000e+00
2.754578066039589263e-28
1.100679245676972728e-236
0.000000000000000000e+00
0.000000000000000000e+00
2.163997115616315780e-188
0.000000000000000000e+00
2.235515978604334819e+00
3.798557365576077245e+03
5.075720885702891969e-123
2.518927500852899107e-47
2.622573425134611059e-09
1.510415064577888337e-172
0.000000000000000000e+00
0.000000000000000000e+00
0.000000000000000000e+00
1.970688976295310942e-23
0.000000000000000000e+00
0.000000000000000000e+00
1.488019934944924394e+01
2.049872487594338118e-80
1.192891269005991717e+02
1.248033388507949155e+02
4.731307485987329642e+01
7.892617183920738633e+00
5.574495483537841523e+00
1.128447036779813288e+02
1.309476283796356988e+01
1.568301058612572341e+01
3.690527710468149536e+00
2.539942608744215136e+01
1.161526040899708079e+01
1.295496444647711579e-15
2.260060624060460910e+01
1.881147393436381326e-05
8.645949788401137773e-03
3.481822634207645262e+00
3.506109953683212432e-01
9.700052659745839634e+00
1.416424464137574724e+01
8.539968610073257749e-03
2.913238101471780916e-02
7.437546335500855754e+00
5.217928837460521940e+00
9.448277309562751469e+00
1.255181475051960689e+02
4.383863488887090876e-02
1.067480867983526371e+00
1.800926996441342201e-03
0.000000000000000000e+00
0.000000000000000000e+00
0.000000000000000000e+00
7.783949537305704735e-141
0.000000000000000000e+00
0.000000000000000000e+00
1.985718953637474491e-07
1.882021159793952449e+02
1.973801250473332103e-01
5.841495446445762429e-97
1.557521868516134944e+01
2.024991291841134711e+01
7.288534279358651702e+01
2.901341824286184590e+01
0.000000000000000000e+00
2.255626701880430301e-62
2.884096493790610453e-03
2.344077257665501790e+00
1.467800984184459256e+00
2.889036292028328390e+01
6.056115995091312598e+00
1.221632292105266870e+01
1.441490762464794925e-05
5.313195717411046104e+01
1.362330838239204311e+00
1.504655909584780467e-03
3.369524469794896865e-02
6.971699347277980685e+00
3.187961627681218379e-01
4.270384732953793061e-01
3.597595006159194586e+00
3.523472749897630252e-03
5.659593526411305930e+01
4.747682189535844977e+00
4.159868556028374798e+00
7.032286982806858155e+00
4.422355592973276117e+01
1.197569284344884721e+01
7.287553494165933898e+01
2.996765255853254217e+01
1.106126903396122607e+01
1.793890884130917840e+01
1.223536232178305205e+01
3.359200890679040441e+01
2.189999668942593658e+01
1.490455424984192234e+01
2.946758758180670412e+01
5.041834719732874248e+01
1.249149588114146070e+01
2.208067511307399755e+01
1.987779538137771240e+01
1.654600540220890181e+01
2.053723249057797062e+01
2.449563901412023625e+01
2.966724021017675739e+01
2.012220189533195196e+02
8.346456307074559433e+00
1.401538495018854924e+01
2.837661824935552701e+01
6.027855777779056723e+01
4.673018895139641415e+01
7.320352615524438278e+00
1.577822341019977426e+00
2.116733948580423075e+01
1.220507204558512058e+02
3.643654144309285670e+01
2.892657658062778836e+01
3.655435301773073320e+01
1.679207458490141391e+01
9.160951757940454243e-01
1.713832852411379548e+01
4.107410286383905884e+01
1.262147937163463318e+01
8.224818291857053154e+00
1.047436288916458835e+01
2.769176999519726934e+01
3.272640396657397588e+00
2.065775746017876724e+00
4.580282586279698620e+01
5.232595647755042023e+01
8.587249488556443211e+00
9.946867474926361297e+01
1.101263169654445306e+01
4.269941218384482085e+01
1.768722164501987137e+01
4.466880151377847596e+01
5.571674048359541587e+01
1.085125035710670005e+01
5.883673394561437675e+00
1.468612506956050190e+01
1.460092831837601704e-121
6.775491249043654740e+00
7.285432134920293734e+00
8.633944388388872682e+00
3.709757483408001377e+01
3.121901675144852366e-160
1.411327788990728038e+01
7.189582125393103595e-01
9.339936565175452343e-02
2.131536553861070971e+01
3.551000848144764393e-03
3.211147430924599888e+01
5.774118276887639922e+01
1.582525092423605617e+00
2.469665505796401561e+01
1.886974462143700748e+01
3.720980125191741195e+01
3.542276453525868618e+01
2.840203628353127030e+01
1.033685008338152045e+01
4.839769119019369725e+01
2.132375176208713086e+01
6.266331271637274369e+01
1.034880657882926691e+01
6.995654893952969644e+01
2.041217704076205308e+01
1.747496846301627116e+01
4.810733953372682237e+01
2.107371159807039618e+01
3.188926484924009941e+01
1.910538573537411722e+01
6.702135590149255862e+00
2.868093879272263180e+01
8.576074074031139194e-01
3.021329675656488689e+01
1.549742961988547485e+01
1.412676744351600178e+01
5.371490573879696734e-08
2.753149129845550291e+01
1.972487866858870831e+01
2.639353701359087978e+01
4.297271710935041966e+01
2.338984064621067205e+01
1.012825533840315728e+01
1.054069287789317144e+01
1.858852765078955194e-01
1.755424164261615373e-08
9.878762729857559322e+00
5.647954236854356935e+01
4.106430074946627684e+01
1.551204557759359481e+01
1.804481432279875364e+01
3.827888691974048641e+01
3.289747531470391095e+01
6.276066406680953946e+01
7.683357373388336953e+01
3.635740178649228227e+01
2.170814854568258312e+01
1.879949052763713624e+01
5.994138848322109681e+01
2.944533510898914841e+01
3.063973337432184252e+01
4.029261622153232736e+01
3.435692368321976886e+01
1.000171622747881983e+01
4.536692355726778203e+01
2.944659930877650211e+00
1.322225479493801537e+00
5.867668543855324970e+01
2.711735545287961813e+01
2.700632905415852747e+01
3.453586912112027818e+01
6.053231272949426867e+00
1.672550254795648073e+01
1.202964925943207319e+01
1.983141827795108014e+01
5.052950209541821280e+00
1.037298086239716532e+01
1.251457853306394163e+01
3.008393319161970947e+00
2.740636000241257975e+01
6.612397679760327662e+00
8.241085828999487717e+00
1.307560599539165835e+01
1.947916954673527812e+01
2.270161300790475252e+03
1.921374470383751643e+01
1.644564828269237466e+02
9.809147194474576281e+01
6.439879008833787566e+01
5.548194238862815819e-01
5.573780466212149776e+01
2.767388919629209099e+01
3.809938595295370334e+01
2.362936503660744236e+01
5.074757342909201441e+01
2.744300429058868573e+01
4.438427828329553648e+01
3.727973204453699907e+01
4.821516972818788105e+01
6.268874959595950713e+01
5.920720482182731814e+01
2.461890925828718224e+01
2.476124211788827978e+01
1.212706577342990073e+02
6.328325736266953783e+01
1.280131066053109237e+02
1.864544436917296650e+02
6.903046136395668775e+00
8.249092092667921483e-03
3.521503077606634746e-08
4.202311042707199107e+01
2.909574368550248735e+01
7.553999049721714894e-14
3.977008592789646501e-05
1.126722823370351068e-01
1.860789497087821154e+00
1.249379090661161342e+02
0.000000000000000000e+00
4.278943796853186738e-04
3.582669748124183511e-23
1.671421090978916268e+01
2.873912562184187536e+01
1.338627330903470636e+02
5.036054731188679767e+01
1.496038127325480502e+02
4.591508693499983451e+01
5.429848163353075741e+00
4.396744819598926313e+01
6.972468422844324110e+00
2.484843970378128120e+01
4.856039002097929114e+01
1.608075131776856281e+01
1.332694727543942577e+02
1.141282696772118328e+02
1.514820254202801131e+01
3.814210314338372321e+00
7.510513570739593092e+01
7.266793585085039808e+01
2.833101404885297256e+02
1.404607473936773232e+01
2.473811641742391861e-53
0.000000000000000000e+00
0.000000000000000000e+00
0.000000000000000000e+00
0.000000000000000000e+00
0.000000000000000000e+00
0.000000000000000000e+00
4.532058091219225576e-06
1.583196854508852605e-03
5.625269778875630646e-08
4.496914372916403047e-05
7.479266436995605005e+00
4.199406984572803481e+00
2.660825631157626958e+02
3.806160572759237581e+00
3.522409754529840630e-11
5.740589678489104131e+01
1.232864173076934103e-08
8.452599177658964180e+00
0.000000000000000000e+00
5.957171987501688828e-22
2.931130613613342484e-01
1.241760016632856506e-04
9.368135085872604114e-19
2.732199527962301307e-03
3.014968040298692742e+01
0.000000000000000000e+00
0.000000000000000000e+00
0.000000000000000000e+00
5.422228905367110131e-11
2.997500125968076395e-179
0.000000000000000000e+00
0.000000000000000000e+00
0.000000000000000000e+00
2.231797732189884087e+01
3.563813088031626454e-57
0.000000000000000000e+00
8.133996308501943717e-02
9.775969479994752056e-75
0.000000000000000000e+00
5.474122455788262703e-03
1.063629188281125016e-06
4.502054467120523640e+01
2.971305327544204999e+01
3.820306369748343415e-23
1.793265818878315656e+02
0.000000000000000000e+00
3.386065693296790429e-80
0.000000000000000000e+00
2.664929002688347012e-57
5.773523598891035032e-305
1.938708034156665328e-10
0.000000000000000000e+00
0.000000000000000000e+00
0.000000000000000000e+00
1.168349845016122995e-21
3.843946234373876839e-113
2.978446086598454297e-151
1.668069321116796800e+03
3.094994357793789524e-165
8.160671182508938415e+00
1.061073287040082050e+03
1.965405926168478743e+02
1.528796888725960760e-12
1.034162195005428170e-06
4.120883632270354232e-10
8.446668755366352345e-08
2.046651438496257685e-25
7.217026376730218053e-26
5.792205885460440987e-38
0.000000000000000000e+00
2.049237790194311654e-02
1.801854571649495642e-58
0.000000000000000000e+00
0.000000000000000000e+00
1.388334954554579756e-90
1.503670110825202073e-88
8.147533110519346033e-01
0.000000000000000000e+00
0.000000000000000000e+00
4.894545758543246139e-01
5.839365748863864383e+02
1.893455684436196490e-10
1.667260672927303133e+01
4.115863913905952617e-12
4.573981389941863054e-03
4.259075278495833065e-09
1.336024616375842555e+01
1.668919488265933353e+02
0.000000000000000000e+00
4.192595371001460264e-68
0.000000000000000000e+00
0.000000000000000000e+00
1.989272865628435437e-07
0.000000000000000000e+00
0.000000000000000000e+00
9.166638333979855169e-01
0.000000000000000000e+00
0.000000000000000000e+00
0.000000000000000000e+00
1.141259498411741333e+03
2.800556326977074256e-39
1.353030168910583911e-72
8.565754569467928574e-44
4.669774883374847599e-09
2.999194061525585505e-33
3.486691344289407652e+02
0.000000000000000000e+00
1.381498981419601590e-01
2.254707812650317500e+00
2.492540286529501259e+01
2.357580039965403738e-17
2.215419557352364122e-01
0.000000000000000000e+00
4.406556819579834328e-06
1.265931073306683137e-07
3.612534599951468195e+00
1.627148773917711235e-76
4.581511362923762931e+01
0.000000000000000000e+00
1.522346216049650277e-233
3.293460622353103807e-15
7.549486141114730781e-137
0.000000000000000000e+00
0.000000000000000000e+00
3.188957290524847590e-09
1.860424927933076577e-06
2.361238335472021506e-106
0.000000000000000000e+00
0.000000000000000000e+00
2.673584061315383309e+01
0.000000000000000000e+00
0.000000000000000000e+00
0.000000000000000000e+00
0.000000000000000000e+00
3.204567749602619362e-224
6.613801388549005152e-38
0.000000000000000000e+00
0.000000000000000000e+00
8.532874245363913701e+01
0.000000000000000000e+00
1.153910138499776147e-222
2.721485787443075921e+01
0.000000000000000000e+00
0.000000000000000000e+00
0.000000000000000000e+00
0.000000000000000000e+00
0.000000000000000000e+00
6.686740745809336417e+00
0.000000000000000000e+00
0.000000000000000000e+00
0.000000000000000000e+00
0.000000000000000000e+00
0.000000000000000000e+00
0.000000000000000000e+00
0.000000000000000000e+00
2.097429862415068438e-139
1.061906109127333936e-01
2.360185113702971960e-01
8.698377941475430930e+01
0.000000000000000000e+00
0.000000000000000000e+00
0.000000000000000000e+00
3.382022335386612895e+02
0.000000000000000000e+00
0.000000000000000000e+00
0.000000000000000000e+00
0.000000000000000000e+00
4.387328022147529466e-08
7.703458630701016011e-13
0.000000000000000000e+00
0.000000000000000000e+00
1.540562394638655142e-104
0.000000000000000000e+00
0.000000000000000000e+00
0.000000000000000000e+00
0.000000000000000000e+00
0.000000000000000000e+00
0.000000000000000000e+00
2.012215652104347090e-71
0.000000000000000000e+00
0.000000000000000000e+00
6.474272122048068923e+01
0.000000000000000000e+00
0.000000000000000000e+00
0.000000000000000000e+00
0.000000000000000000e+00
0.000000000000000000e+00
2.287705708858534872e-26
0.000000000000000000e+00
0.000000000000000000e+00
0.000000000000000000e+00
0.000000000000000000e+00
0.000000000000000000e+00
0.000000000000000000e+00
0.000000000000000000e+00
0.000000000000000000e+00
0.000000000000000000e+00
0.000000000000000000e+00
0.000000000000000000e+00
0.000000000000000000e+00
0.000000000000000000e+00
0.000000000000000000e+00
0.000000000000000000e+00
0.000000000000000000e+00
0.000000000000000000e+00
0.000000000000000000e+00
0.000000000000000000e+00
0.000000000000000000e+00
0.000000000000000000e+00
0.000000000000000000e+00
0.000000000000000000e+00
0.000000000000000000e+00
0.000000000000000000e+00
0.000000000000000000e+00
0.000000000000000000e+00
0.000000000000000000e+00
0.000000000000000000e+00
0.000000000000000000e+00
0.000000000000000000e+00
0.000000000000000000e+00
0.000000000000000000e+00
0.000000000000000000e+00
0.000000000000000000e+00
0.000000000000000000e+00
0.000000000000000000e+00
0.000000000000000000e+00
0.000000000000000000e+00
0.000000000000000000e+00
0.000000000000000000e+00
0.000000000000000000e+00
0.000000000000000000e+00
0.000000000000000000e+00
0.000000000000000000e+00
0.000000000000000000e+00
0.000000000000000000e+00
0.000000000000000000e+00
0.000000000000000000e+00
0.000000000000000000e+00
0.000000000000000000e+00
0.000000000000000000e+00
0.000000000000000000e+00
0.000000000000000000e+00
0.000000000000000000e+00
0.000000000000000000e+00
1.411453420231214792e-281
0.000000000000000000e+00
0.000000000000000000e+00
0.000000000000000000e+00
0.000000000000000000e+00
0.000000000000000000e+00
0.000000000000000000e+00
0.000000000000000000e+00
0.000000000000000000e+00
0.000000000000000000e+00
0.000000000000000000e+00
0.000000000000000000e+00
0.000000000000000000e+00
0.000000000000000000e+00
0.000000000000000000e+00
0.000000000000000000e+00
0.000000000000000000e+00
0.000000000000000000e+00
0.000000000000000000e+00
0.000000000000000000e+00
0.000000000000000000e+00
0.000000000000000000e+00
0.000000000000000000e+00
0.000000000000000000e+00
0.000000000000000000e+00
0.000000000000000000e+00
0.000000000000000000e+00
0.000000000000000000e+00
0.000000000000000000e+00
0.000000000000000000e+00
0.000000000000000000e+00
0.000000000000000000e+00
0.000000000000000000e+00
0.000000000000000000e+00
0.000000000000000000e+00
0.000000000000000000e+00
0.000000000000000000e+00
0.000000000000000000e+00
0.000000000000000000e+00
0.000000000000000000e+00
0.000000000000000000e+00
0.000000000000000000e+00
0.000000000000000000e+00
0.000000000000000000e+00
0.000000000000000000e+00
0.000000000000000000e+00
0.000000000000000000e+00
0.000000000000000000e+00
0.000000000000000000e+00
0.000000000000000000e+00
0.000000000000000000e+00
