1.802022300398230925e+02
3.693009313436721186e+01
1.359849018138708621e+00
3.677666936108965388e+02
5.334179283654109582e+01
2.514712452770672257e+01
2.072785978175200228e+02
7.390282565748498200e+02
2.270259411564369657e+03
1.635317547366188853e-02
1.103543024810934270e+02
5.309682237252470203e-125
1.478661798386980841e+01
1.638714157465788546e+01
1.454760582053918760e+01
6.326979783800160249e+02
3.830574289753171020e-166
2.145459233736589155e+01
1.981140277909285885e+01
4.073289270192838600e-05
0.000000000000000000e+00
3.481752842748151382e-33
8.299178976654097546e-20
8.007308192335617437e-132
2.667292335944436132e+01
4.977753142530189479e+01
6.602979839228683545e+01
1.705608794865121780e+01
1.041288956087114848e+01
5.842088002082991560e-02
2.387237048238199377e-01
1.026250066206081835e+00
6.595695532382603687e+01
5.524247648704012136e+03
7.664724152814857971e-01
1.805911789758437891e+01
4.470396327005365378e-01
6.297750918059324249e+03
1.151906373333993194e+01
5.427018955356281538e+01
4.117995406563245808e+01
1.242381329823502245e+00
1.439017806163147728e-05
7.939503845481571834e-11
4.639144901886236028e+01
5.801888853572708671e-01
6.620869690794655149e+00
5.349473178503813542e-02
1.346025309274415736e-114
2.177545784532855262e-03
1.551268076680901942e+00
1.690624519639112977e+00
5.469998353171546057e+01
1.677010145947268072e+01
0.000000000000000000e+00
5.727398562329803156e+00
5.582028296307492259e-07
5.496217794315410998e+01
9.744887815057193592e+00
2.045127330537515491e+03
3.432231677156124533e+03
3.842497575211158534e+00
2.263924142928671301e+01
2.344169168402453067e+02
1.769852674827720522e-37
1.327342311642289552e+01
1.799365989750034203e+02
4.764963095796517223e+02
4.992805971616726310e+02
1.521734969857099884e+02
2.229378263601762740e+02
9.649499468988532271e+02
0.000000000000000000e+00
1.029678250774471395e-33
1.277909001393342422e-06
4.417170446345782580e+02
7.304182224692491445e+02
3.943977510575859469e+03
2.514943171818772945e-19
3.189340640610515720e+02
0.000000000000000000e+00
0.000000000000000000e+00
1.076145248214538697e+02
2.017239452933520916e+00
7.323017935608234774e-01
9.426630160054894247e+01
1.130906138007979855e+01
5.490655718840717014e+00
2.342127500624444081e-01
9.258971476175969428e+01
6.727697250213549296e+02
5.766903991762376336e+00
3.430917723142904947e+02
2.913315162117810075e+01
1.382418789405332745e+03
6.500942719657712132e+01
6.581560730770881946e+02
9.645886620237764930e+01
2.606043522363468128e+02
2.073392211302657415e+02
4.411723780664530301e-17
1.663623326787964629e+01
2.446772117413455999e-18
4.841764285827022127e-04
4.285195488031851710e+03
9.308806465956420197e+02
1.271067704745317678e+04
2.653244904759651035e+04
1.126098089507636905e+04
3.449338186790476175e+04
6.317153613471784758e-05
1.638246149946055630e+04
2.066250955201320342e-05
4.799871418497852574e+04
1.765968467522207357e+04
3.630130925537307576e+03
1.615563555240287796e-12
3.061141710062860296e-117
2.890384392378107918e+02
2.987614205403436358e+02
2.094170250467665539e+01
2.173775785843141875e+03
5.013040012594899508e+02
1.523364552161008056e+01
8.174314125735902792e+01
5.319760086556854617e+01
6.253660291359504872e-17
3.264664094680403164e-37
9.223725223238106048e-06
9.594213688867908618e-12
1.879899528089271854e+01
1.042677348608884048e-03
1.831836620563086849e-07
4.796946152621314354e+02
8.576900264883792602e+01
7.823805838627694698e+01
2.131296138873420603e+02
6.847181807375236531e+02
1.134181010280757818e+02
3.468400104667097139e+01
1.983011102369050320e+02
4.104801887283008455e+01
3.533098636236739480e+02
7.174315679795327354e-03
4.291357170571500319e+03
7.472879181373889423e+02
4.303257745176311801e+03
6.040957306277420891e+00
2.395095781673705204e+01
0.000000000000000000e+00
1.211993520965176974e-30
2.490851630498592328e+02
4.621472768430285782e+01
1.861689091732604879e+02
1.435106010573886692e+02
1.395924910004107922e+01
8.849500497340777372e+01
3.238326822270686307e+02
3.861156693721255238e+02
1.850953666097104247e+02
2.089257246038495747e-02
0.000000000000000000e+00
4.109140704416486187e+02
1.556003083049292570e+02
4.663025990760998241e+01
9.620420419974882975e+01
6.022869780391849872e+02
1.944943102947156177e+01
0.000000000000000000e+00
3.297617254851410848e+02
3.687340204769418506e+01
3.767187788613708932e+01
3.693656079721326790e+01
1.020857760170249051e+01
5.741444540150611431e+01
1.303387050930744806e+01
5.964456779231392947e-01
1.145680440863412449e-03
5.881813644269836411e-02
1.468570648494427466e+01
6.130892233127272081e-05
3.100044739890980736e+02
7.445687703669288737e+01
2.372408634046109341e+02
4.236087093264243890e+02
2.221756443309853921e+02
4.162774770315598403e+02
1.562801434663850812e-05
3.683766366291679056e-05
5.913990945924399445e-02
1.004541612267286110e+00
2.373953228005685787e+02
1.994590894747846619e+02
3.336184351261325620e+00
2.683364869416698753e+02
1.095253724866396894e+01
1.519015448552524674e+02
4.241168800087525597e+02
3.703161805757129059e+02
1.262223123227304455e+02
1.532971696275117438e+03
2.144223167243922887e+02
6.223872979592123329e+02
2.578417520775660523e+04
4.954170334187557763e-04
2.352049642269265064e+02
7.738955729730777611e-01
9.999781947930806325e+01
1.970599498666840077e+01
1.791358596690931506e+02
5.449297712167647489e+01
3.405041120997261714e+03
1.437890440696629867e+03
4.247170598866941873e+02
1.125055953409261100e+01
8.397771016017455508e-86
0.000000000000000000e+00
0.000000000000000000e+00
9.761960897678856952e+01
1.235888894674356351e-05
5.445714411783304386e-55
5.294823366708030790e+02
9.424757857210586735e+03
7.149636325196689282e-09
7.007617856466163100e-22
1.252247654391215083e-02
6.772249660751748456e-24
5.365238899774063839e+02
5.086559066637016474e-22
1.530348669918733640e+00
6.282855470322370093e+04
1.910395600637647107e+01
9.706437264411995614e-01
2.532502299892371957e+04
1.212411172197171436e+04
3.036148808567891592e+03
2.159637289555721873e+04
3.718800500888931765e+03
4.236779987799944138e+03
2.492769399450733943e+02
8.443730513731465237e+01
1.337702554702203997e+03
7.826778057333619927e+02
3.462176970830546452e+01
4.994977007683270358e+02
1.681059353937704870e+01
1.077274827904820320e+00
1.594343053989952885e+01
7.847656163921180594e-01
6.568586901180966109e+00
1.699589215671994680e+01
1.791804964609736146e+02
1.021469004455038210e+01
1.248135434349531225e+00
8.094417503318720453e-01
8.329152943020703415e-01
4.953608161181106695e+00
1.023114970666599177e+01
5.882499407101284561e+01
9.154091497183468817e+00
1.391592054517228449e+00
1.397144312996785942e+01
3.138938526504150062e+00
1.624664184178300275e+00
7.022477962986198863e-01
4.528788015842125752e-36
3.422423008129151944e-121
1.263825866357726202e-01
2.340460490600870179e-114
1.834225468232145509e-02
8.553814508508822412e-01
4.705102899337161304e+00
1.081184421768788617e+01
8.782216188397722334e+00
3.450784364421515241e-07
1.298086865298325598e+01
2.345036227652336436e+00
1.515627412758114012e+01
2.229741985586920450e+01
1.778363903732697793e+01
3.593198239035803709e+01
3.508937697624257623e+01
4.836449346743806643e+01
1.843901933340493571e+01
3.195879798099232971e+01
1.957625038129889194e+00
1.249308336523991514e+01
1.410359353111650194e+01
1.452427729248795707e+01
5.079992142253971110e+00
2.499526671490809537e+00
3.894280618988686626e+01
2.941575516975414928e+01
1.155956948594063682e+01
1.256449355950771150e+02
9.516655890989189004e+01
1.355101885958726982e+01
3.515741079878155517e+01
7.567174614402381927e+00
3.002853620312959659e+00
6.787190799461615143e+01
9.886049022637782846e-02
3.795286723264820417e+00
7.063998249082111228e-13
3.846874297856863758e-16
0.000000000000000000e+00
2.584584376322038111e+02
1.901906638534616932e-22
2.207425634763329411e-02
1.406694745817194416e+02
0.000000000000000000e+00
2.123538248696421181e-36
1.085960922904359416e+00
5.436846833605076812e-01
2.934570450253538354e+01
4.284109873417366564e-03
4.041221923374470987e-23
1.251109391832208573e+01
3.179081317355905987e-73
1.785389861012281684e-02
0.000000000000000000e+00
3.186799166096158320e+00
9.569090550262817617e-07
1.243354384319232286e+00
1.230658546123170538e+01
8.783042065685391364e-01
2.594930895492321365e+00
1.319685590286290289e+00
1.071160229114489937e+00
5.600299030851413562e+00
2.156737379871627613e+00
5.547154105438192317e+00
6.053618874139627959e-01
2.584894670275211109e-03
7.571795357301542850e+00
3.857814146819255718e+00
2.455916245555820154e+01
6.067542046389460353e+01
0.000000000000000000e+00
1.421407492713650451e-27
1.030621965667711627e-26
0.000000000000000000e+00
0.000000000000000000e+00
4.190802483848549487e-239
0.000000000000000000e+00
0.000000000000000000e+00
0.000000000000000000e+00
3.006585653473537079e+01
0.000000000000000000e+00
0.000000000000000000e+00
1.014682734598353005e-278
5.982844425241204789e+01
0.000000000000000000e+00
0.000000000000000000e+00
0.000000000000000000e+00
1.871754529657057375e+01
2.229119703369570971e+01
1.315541428398653290e+00
8.688091427776004849e+00
1.199178239590245809e+01
9.393000419727670192e+00
5.712431603467557295e+00
6.144694993041352582e+00
1.821274980403604360e+01
1.150673239050210661e+01
5.035480477706759217e+00
3.299029254452241933e+00
1.663492058371066662e+01
6.485377841375250796e+01
1.788590103367857864e+01
2.890614686654520687e-03
4.508479927713924199e-101
3.758803084471271929e-98
2.522980458674836846e-176
0.000000000000000000e+00
1.934871666680631390e-04
3.958028770695521011e-03
1.954488777161293028e-192
8.945273811453319430e-283
2.342949338184825306e-210
8.359586480879064013e-04
0.000000000000000000e+00
2.651371976936130181e+01
1.521946816013731940e+01
3.393079097181082204e+01
4.819556900395600252e+01
4.199590302342767553e-250
1.353341271109081312e+00
4.077465603504647618e+01
5.057516266256764093e-01
5.117835932151304501e-02
9.453970742876441236e+00
7.418582770941247873e+01
1.435642460553193978e+01
6.365670826123855264e+00
2.538143960030977198e+01
2.858866302759981863e+02
1.208829479972535870e+00
8.309260190575860960e+00
2.994484848229407703e+01
1.201459614984607072e+02
7.758228712831834173e+01
2.665148466413764439e+01
9.319593750868319759e+00
1.699282032721719560e+01
6.940421242659940759e+00
1.076098672061857897e+01
1.113751918406021835e+00
2.528963799454734263e-01
1.044542831419308015e+01
9.744208764506618436e+00
1.278031619592735260e-14
0.000000000000000000e+00
1.417894573984443462e-16
1.668969460259104008e-46
1.980466751744396764e-02
3.142189331125587870e+01
5.927042120492702182e+00
2.019967623607545093e+01
3.567521588568862700e+00
0.000000000000000000e+00
2.236190615653848987e-08
1.418888596507359125e-174
1.685331591513666473e-34
2.169170612051429003e+01
1.145079996417018720e+01
2.639293632281692936e+01
1.131794517822219746e+02
3.556451294364956794e+01
3.690807427676669761e+01
1.494284757841770617e+00
1.655001410459166803e-32
5.783136053587236347e+02
1.114509448846060218e-03
3.014781239413504288e-01
2.002739214562570584e-61
3.934175149384039054e-35
1.706370318808393804e+01
4.388788367498039023e+00
1.216293121910466402e-01
6.252943349404689322e-01
4.571713306394939447e-01
7.842592511719615800e+00
2.687538722658349144e+01
6.583176955888345105e+01
8.872657757469680107e+00
4.657271177112663452e+01
8.570406263930657360e+02
2.459310038782769325e+01
3.779964615594488264e-01
6.348307342101329465e-02
8.325101632278594233e-01
5.260012868571929401e-01
9.150867489498810681e-01
4.404384500626267140e+01
6.113945563502192471e+01
3.054298487661442725e-08
2.729730218656667873e+01
1.554842982293248177e+01
2.098116887039652312e+01
5.857489150281514156e+01
1.363374078362377304e+02
1.337010576198012154e-02
9.500879609779042667e+00
5.081533893781625899e+00
8.117317537600188189e+02
4.374697127835284505e+01
1.853239146734818021e+01
5.715414521546292370e+00
8.398038633272632225e+00
2.658490707790117120e-11
1.103866593639247995e+01
4.356944672548176273e-02
8.097024505379883976e+02
1.751120114585888452e-17
2.461897260177731003e-42
0.000000000000000000e+00
0.000000000000000000e+00
0.000000000000000000e+00
0.000000000000000000e+00
1.397425238837911482e-311
0.000000000000000000e+00
1.164975086459730979e-25
0.000000000000000000e+00
3.700965354930724515e-248
0.000000000000000000e+00
1.379565586178977136e-116
2.122779928430128951e-117
2.785650023474343524e-184
0.000000000000000000e+00
0.000000000000000000e+00
0.000000000000000000e+00
1.412492131306062881e-255
2.012511449506853367e+01
2.447977786110573390e+02
1.587516513329129655e-275
2.588861443597542406e-04
1.931723842727388956e+02
1.617850597522370135e-06
8.372920512071158390e-18
4.853848682514843617e-15
1.516253936570882388e+02
1.352503219254601277e+02
1.475569383184208160e-276
8.080456122527763278e-75
6.363083483980550170e+01
4.199097322763086026e+01
5.801819832118822973e+01
1.103648567836433791e+01
3.372679471920267247e+01
2.633052634422252711e-77
0.000000000000000000e+00
4.543504130839982054e+02
5.551310969574291221e+01
0.000000000000000000e+00
8.205338054714242446e+01
1.271192785186643270e+01
8.996483922339713662e-05
6.379003966310390760e-05
0.000000000000000000e+00
3.328571247708767089e+01
6.967038691837429099e+01
0.000000000000000000e+00
0.000000000000000000e+00
3.779874576808057923e-187
1.968538834439045981e+00
0.000000000000000000e+00
5.896260798700953210e+00
8.168598867735688884e+00
3.465582933712836358e-18
6.714172277655059418e+01
9.022354676196146173e+00
3.903289823779542900e+01
3.390283718690541264e+02
1.850906370886893058e+02
3.171002904480972973e+01
1.883475463059835775e+01
8.624399870412633244e-14
7.344555458847601550e-83
1.656055284126593818e+01
3.288945472326227308e-15
1.178599640759441911e+02
5.871943795850137872e-04
8.033833966753053346e+01
1.984862107127909114e+00
5.059818926178076737e+01
3.699656985541068671e-02
2.646152068660496959e-02
4.080853568326792066e-18
1.011721896642920126e-36
4.326447758738952848e-02
6.913223810348557774e-55
6.242198583434151667e-09
9.758896522792966932e-01
1.819657958200591565e+02
3.850037140229047397e-05
3.787322593653748868e+02
4.502191925559489083e-06
4.822135126886321066e-01
2.929206799698267218e+02
8.052106819577598343e-03
3.770751848473273318e-66
4.509142359913230393e+02
1.043313342452392396e-242
7.691127556611597967e-06
8.529986061002379927e+01
2.205118348856184696e+01
5.146296171119375913e+02
1.518863269024187730e+02
4.611259065431773365e+02
9.087774939184703233e-15
5.877987814400944977e+00
1.069109951459799570e-16
4.724976765622216712e-44
7.419115681849669954e+02
2.221327869954858670e+03
2.159526194517493380e-164
2.678591464542902107e-03
0.000000000000000000e+00
0.000000000000000000e+00
2.296140785579674457e+02
2.654797902326034434e-20
1.211944255013226609e-92
8.107982170116273253e-32
0.000000000000000000e+00
3.021915702313721621e-129
1.989675800995873184e-115
0.000000000000000000e+00
6.939586370745736686e-259
0.000000000000000000e+00
2.773346653888470428e+03
2.559918106202181036e+02
4.835551708540498339e+02
0.000000000000000000e+00
7.839663104316295527e-140
3.994253956905766313e-15
0.000000000000000000e+00
0.000000000000000000e+00
3.862574095574555777e-01
6.410654503037337690e+02
2.547298376910331172e+03
8.202351338308260438e+02
4.175891394030184344e-09
5.282431670972931670e+02
3.541154401453389111e-03
2.629589540662342642e+03
2.816298600532014461e+03
1.857492219790992067e+03
8.514247385814235258e+02
3.152019647393027753e+03
5.736360817768216691e+01
8.349528130412920746e+01
4.752264321612956977e+00
1.466864603308187043e+02
1.424641633739469626e+03
3.591381497791501365e-209
1.059195772670658644e-64
7.447782009725725360e-300
6.329523163092066777e-147
1.162704758913406251e-262
3.975198978067537600e-225
3.103184902541705645e-271
0.000000000000000000e+00
0.000000000000000000e+00
3.325781094791978361e-88
2.195222900620801063e-78
6.229452091233817157e+00
1.279676558927517215e-04
0.000000000000000000e+00
2.065217850077111680e-124
3.391380340475468678e-166
2.586515652913325969e-01
0.000000000000000000e+00
0.000000000000000000e+00
2.777443226873113417e+03
6.522879586654567174e-225
1.547863871733882736e-25
1.545707615299614091e+01
2.664750830423531447e+00
3.217102480672831792e-35
1.036263763168766511e-226
2.378610804607656299e-47
4.874720293855123110e-29
1.865653534895292864e+01
0.000000000000000000e+00
1.019451845518703825e+00
9.248547739222201926e+03
1.098639193473097521e+03
3.763946675383219542e+01
1.631857712496677323e+03
2.017043559470334230e+03
3.679644745443804510e+01
2.921915680106558284e+03
6.272237563363805470e-237
5.182420784894031608e-09
2.782116390544070370e-38
6.652833916740242142e-88
6.796196191333508151e-10
8.098625655196048352e-173
4.359438184095076849e+02
0.000000000000000000e+00
0.000000000000000000e+00
6.492051216526606781e-39
1.322876832203654107e-68
1.072067278979547780e+02
1.054698526183139584e-01
5.328237057126623313e+02
1.561687935898981777e+03
1.287526198021924529e+03
8.250937033974333872e+02
2.706510235884817561e+01
6.997102362100727078e+02
5.987470476545172504e-01
2.637846144988768629e+02
6.530078312959004538e-01
9.109122951230214755e-05
6.790586755599350965e+01
0.000000000000000000e+00
3.504602313177249216e-03
2.958197463883768901e-31
1.229356682371233411e+01
1.346887008294411176e-91
4.913945403161916303e+00
3.658829647626624819e+02
3.437920794012515557e+01
8.768954705449205633e-01
4.547962955434616816e+01
3.126237335985520531e+03
1.237835995409685893e+03
1.052084403526663969e+01
3.565817883068532979e+01
1.906490572472363709e+01
4.673160110835316345e+02
1.163233658415957494e-01
5.080760171714944049e-07
2.115164046331240570e+03
6.704888905432935076e+01
2.348938752001485142e+01
7.171816690534358713e+03
3.365094122756116235e+02
7.299485213841529685e+01
5.069654404336721996e+02
1.215488106837852911e+02
1.749628799503357035e+00
0.000000000000000000e+00
3.285179111458758627e-01
1.656432826043673856e+01
6.814837751680616901e-95
2.420481762691083991e-59
0.000000000000000000e+00
0.000000000000000000e+00
0.000000000000000000e+00
2.989958925318460787e-138
3.111099646656701800e+00
2.905071462035466734e-01
3.715841871495962838e-20
7.609775399581348063e-11
1.722589898182636819e-69
3.673575723920206870e-02
1.403421764462893293e+02
0.000000000000000000e+00
7.957813506311235179e-202
1.256947343823782433e+02
2.861646733564946032e+00
2.096790795807609139e-29
0.000000000000000000e+00
0.000000000000000000e+00
0.000000000000000000e+00
1.513465325155625111e-222
0.000000000000000000e+00
0.000000000000000000e+00
0.000000000000000000e+00
0.000000000000000000e+00
0.000000000000000000e+00
0.000000000000000000e+00
2.389746768964838793e+03
3.602642811643747223e+02
6.123222574236891091e+01
1.913369639281503165e+00
1.777076862173086909e+02
4.736438924010188067e+00
3.140636337036240532e-03
1.590630520149520777e+01
3.705822091206453006e+00
3.971052842455669207e+01
1.976509777271557482e+02
6.179692389234230632e+01
4.542100399936184374e+01
5.540796272849022586e+01
4.029703028238904494e+01
3.087137500331131079e+01
9.247619047345173158e+02
1.406941382051621758e+02
2.349515907965283077e+02
3.804222324279876499e+00
9.208259708916963859e+01
1.527129635957710363e+01
1.299974157329092179e+02
6.649889343694240118e+00
6.515387678431719678e+02
7.680186709338612161e+01
1.042303638072658316e+02
4.827070558202212425e+01
5.895718085187950663e+01
2.197940985105921359e-77
1.299814931154014419e-01
6.953744195627277236e+01
1.554011279269810530e+03
6.145016810146982550e-10
5.568584042425976577e+01
3.826749171409777972e+01
7.199811995363762485e+00
2.498398784018093579e+02
1.594921473188948369e+01
1.301742616687607423e+01
1.618406823079962464e+02
5.280670510088668834e+00
8.242527275949612431e+01
3.970921333523023122e+00
1.005619716688634391e+01
3.309185923445558952e-01
1.351586730319637653e+01
6.568892237196520512e+01
0.000000000000000000e+00
3.461446290438410500e+01
1.920274017403171551e-01
2.827755455485461411e+01
3.019628561846063874e+01
2.398240366276020996e+00
8.104261039197021788e+00
8.296247038458046674e+00
3.959866839303508357e+01
8.159821468592222971e+01
2.776711225049342957e+01
1.242410329119121144e+02
3.730396219190387086e+01
3.306122625981320198e+02
5.366545482903135291e-10
1.381136390778216310e+02
8.271926714269775971e+01
1.136101992711437703e+01
9.793687297825272253e+00
6.085745212776302315e-01
2.108271555364032324e+00
5.464713169710242377e-29
1.765147497152614478e-40
5.943264385047667631e+00
1.701419606704500254e+01
5.501353384330247565e+01
9.262620646627473775e+01
7.723736753842422864e-01
2.870526516123129701e-01
7.176288023306497621e+01
1.069073483364568844e+01
4.667918440028661564e+01
5.264810454611120072e+00
5.872576907079910313e+01
1.060750623704027440e+01
6.780686553523593840e-01
1.787985011089437037e+01
3.945950838742130706e+00
5.769448178717953002e-237
1.324366199400613532e-04
2.589090421152133459e+01
6.509781733688302708e-50
1.120543432487346447e+00
0.000000000000000000e+00
0.000000000000000000e+00
0.000000000000000000e+00
3.850007267085322269e+02
1.356133788959204372e-264
4.327987379284247282e+01
4.741660771865733850e-10
5.342939182266999995e-04
8.410406633828487067e-15
2.074129646189090010e+02
1.689476794460680509e+01
1.827957974817404407e+00
7.756402292236381779e-01
1.342879187440778775e-03
0.000000000000000000e+00
7.648600484217449491e+01
3.452534987247055685e-309
5.766636259276035048e+01
6.981667386699078603e-01
8.353708758345031526e+01
1.449918842215258019e+00
1.420605524728345692e+01
1.647169715246823074e+01
3.526287087662274189e+02
4.320008586215005941e+00
1.802052160476177167e-01
7.370197044902394509e-03
1.974337867470301688e+01
7.422473680296717280e-01
1.033055251277256170e+00
9.991731705134391461e+00
5.417211787729708794e-02
2.425416016509998585e+01
4.369004176026173525e+00
3.378006263922859631e+00
8.267075824010300167e+00
8.269487494034685193e-01
6.438813837916597116e+00
1.569100998152190174e+00
7.888183013726764337e+00
3.084546818193028983e+01
1.779169091147582036e-03
2.518179686691361940e-01
7.704471415536306544e+00
4.137236518594580303e-01
3.308143134438169763e+00
4.486416313866024907e+00
1.547676736024153010e+00
5.367773754737047431e-01
1.793804293834087848e-01
1.947654632739037384e+00
2.760104380160926496e+01
7.902239554502655494e+01
3.228625640796110474e+02
2.030216389770034979e+01
1.508009963934771918e+02
2.185142066774349345e+01
9.064049333839525957e+01
6.034809314605548991e+01
2.398455247190564137e+02
2.190031578957196814e+02
1.179970411195238569e+02
8.009575849711919204e+01
1.130840017662096741e+01
4.586422635869697473e+01
3.852779850356207159e-46
7.976185299961809083e-02
9.212901648545550159e+00
9.342149284018763211e+00
2.673334450979268214e-05
2.355270610499945683e+00
1.025101851603388212e+02
1.333798779129542709e+02
1.000075146297297835e+02
1.136165312679239605e+03
0.000000000000000000e+00
1.009523794503874287e-247
2.811517202629205681e-01
9.253358083595537573e-76
1.036421582611763006e+04
2.267756645228885624e-03
5.379273044880486054e+01
1.528357960073323625e+02
7.094228912154662559e-02
1.066339433053948405e+00
2.126309044131213355e+00
1.056865174094549644e+02
0.000000000000000000e+00
8.741987058715806490e-63
5.548919800458805618e+00
1.266022400473800855e-22
1.303607778074084145e+01
1.076524101186662392e+02
0.000000000000000000e+00
5.292389153302081262e+00
2.851823411581947872e-222
4.230312632618769442e+00
1.215431587803460891e-19
5.870168395804642447e-01
2.869412554695791040e-01
1.239466750840753662e+01
5.933563774949385561e+01
9.591154293029339328e+01
2.399593736344632078e-01
3.640086945192148260e+00
6.729712029058116940e+00
4.175456952940060695e+00
5.095974586601498935e+00
3.910519786285972188e+00
5.136530396505557761e+00
1.953765730545969914e+00
1.941243757151594451e+01
1.861409030102338136e+01
1.424642100939130884e+01
0.000000000000000000e+00
1.769589635035180922e-03
3.014040801910904815e-02
9.710380804282381817e+00
3.046466474477893854e-08
4.246957792773542252e-306
1.291698984251520130e+02
9.736637275010104986e+01
1.070156614956949426e+02
0.000000000000000000e+00
3.259776781452317209e+02
5.419443413290076705e+01
3.760614656239410269e+00
4.848393116185777529e+01
2.209013821638479769e+01
9.311544550923917640e+00
4.223864831465464625e-02
6.839158098727507422e+02
9.108927896511536559e+00
4.302242299799596736e+01
3.337846411078185582e+01
1.434101747815316230e+01
8.023062075371599988e+00
7.856202349291872833e-02
1.131559421867393098e+02
8.115713346294858965e+00
1.711932145579450548e+01
1.576989531357034302e+01
2.492034839632453611e+02
8.192517467754310001e-01
1.203932926637494389e-03
6.092102744660737867e-01
1.315560560287503789e+00
1.721197746155330321e+02
3.604328503454777888e+02
1.598490649358239368e+00
1.690130777503113961e+02
5.642009963991745281e+01
2.528999622264960223e-01
2.468859240799652710e+01
5.649303195373020969e+01
5.848434681515330524e+00
3.341837507146056652e+01
5.340961771241390821e+00
8.322335589391997246e+01
8.400165997523672559e+02
1.027122504566030557e+03
2.872216938740615660e+03
1.783683787103666873e+03
1.428903130183537158e-02
1.389316515497039338e-33
1.917636190121853801e+01
2.028257800914107918e+02
8.878052074751505529e+01
3.025737467905854849e+00
1.566334933273742536e+01
7.220299258101962714e+00
6.265081743455098717e+01
1.180985888993978250e+02
3.623460318577411954e+02
2.783214598687068175e+01
3.961258382656405530e+01
2.919990321500791097e+01
3.120434070808478921e+01
3.342192594650921222e+01
9.704167031620089290e+01
6.818837318914647838e+00
7.997273160610496312e+00
4.581467846247681308e+01
1.426633561307928622e+00
2.322005608948618161e+01
1.746203751319332582e+02
8.162380526915089263e+01
6.034644271649536762e+01
2.138823554792902204e+00
6.319903158318789593e+01
4.857767759642376282e-01
3.227074022871069481e+00
4.065552688279097282e+01
2.428386792148405959e+01
7.493997756239943797e+00
2.589775131332014269e+01
4.196538130914364473e+01
8.800078993964162066e+01
2.385484537885933065e+01
8.310338768713018132e-01
5.910153874198986301e+01
1.762038265587866590e+02
8.792612200055664573e+01
8.482236398261153454e+02
6.017753344472637878e+01
3.199595928433171821e+01
7.332368672984304681e+01
4.276208009505536722e+01
4.898540240625942488e+01
4.855425462640303635e+01
7.594706540276789930e+00
1.897602537438433856e+01
3.192715931466404555e+01
2.013875653309071811e+00
1.666098281945798476e+01
3.724834409918000855e+00
8.406212949039529647e+00
4.782620979641345471e+00
1.070054451884538738e+00
2.894466903976539385e+01
6.715683135032506357e+01
5.300938366267019575e+01
2.208421526700777804e+02
1.354812627861130920e+02
6.229742850363547291e+01
3.393054938744428650e+00
8.325945393563539483e+02
1.505745468448790234e+02
3.021257203679583085e+02
4.070497300943483332e-02
2.038578007665728720e+01
1.315116720624585689e+01
8.103449322697815660e+01
9.419357317474100455e+01
2.203547413296171840e+02
3.527374212190092635e+02
1.722681803863592336e+02
1.038317606588298986e+03
8.545155997141344528e+01
4.891297424665949620e+02
1.336929999738979691e-01
7.584465344470599051e-03
6.019021994612921134e+01
0.000000000000000000e+00
5.809694800232153256e+01
0.000000000000000000e+00
1.179598909365541601e+02
5.244158097683358392e+03
0.000000000000000000e+00
0.000000000000000000e+00
1.274521639325877435e-25
1.642209570660326790e+03
5.495557317222075423e-15
1.035753974630036678e-18
1.366936051505823002e+02
6.477983267806504841e+01
2.399397082040426596e+02
4.171607144174678979e+03
6.995037073056882093e+01
7.024763775741409866e+00
2.532314726229046897e+01
3.616019330198016579e+00
1.570249607998008301e+01
1.067888946752336921e+02
5.403739217500841185e+00
5.259975245606132166e-01
0.000000000000000000e+00
1.182690378953823114e+02
8.567244194196089069e+00
9.402802939691878287e-06
2.924971337989463183e-01
2.718842149076956360e+01
9.702276319069724764e+01
3.004078938041904179e-01
1.734645982091625882e+01
3.171146764914270059e-38
1.636859864983826753e+02
4.027684770691827729e-06
6.335096071484396241e+00
1.089689788192582682e+03
1.189981080973053729e+01
1.725330307609919345e+01
9.612581721498198561e+00
8.015539505450950841e+00
5.197115252158582166e+00
5.180590572781356968e+02
1.652859513137554970e+01
1.701884281911029717e+01
6.007891491960100083e+00
3.887640596146410221e+00
2.245880146273861300e+01
7.454471833410396542e+00
1.809994250879183531e+00
1.040699895488577376e+01
5.614406079707016772e+01
4.000591889254509148e+00
6.250428606371976649e-03
2.874662099233060708e+00
1.500016694527628036e-01
3.273735016852278523e+00
5.065071379822613018e+00
3.027891013159541345e+00
1.349515849423102765e+00
2.088897204258800144e+01
1.274258521274931610e-01
7.409511713992154025e-01
1.694944209789650156e-03
5.458330333805856416e-01
1.270870271543133147e-03
1.096390735890493198e-02
8.024265229877579342e-02
1.845909933332795561e+02
1.608072078364112940e+02
4.152784175756306695e+02
1.072980019180881943e-04
0.000000000000000000e+00
1.949409803623526159e+03
1.743889010287849715e+02
5.615444613055195759e+02
3.558907229644017320e+02
6.935564142976691073e+02
4.171247716118242579e+02
4.807540158978018674e+00
9.940167986375061560e+01
3.138395432465176214e+02
4.112627650914280366e+02
7.679356197347437956e+02
1.889294720348975147e+02
1.334299218902337714e+00
2.186209598931560753e-03
1.142157223652059406e+00
1.127177800538355790e+01
4.923766795276856101e+01
2.298909083746529802e+01
4.691640300518029960e+01
1.307958181985331356e-02
2.175493962954283234e+01
5.184782389311596518e+00
5.043391574538151900e+01
1.831731560462984731e+01
5.118399786345898406e+01
7.950118656665418371e+01
1.393145664227403380e+01
2.205824229283007654e+01
2.088174620246504531e+01
1.081893723438006560e+01
3.082759726172732329e+01
3.229717693280311153e+01
3.606405960782425257e+00
1.526601950651712514e+02
1.371232638846123564e+02
9.199936181515784739e+00
1.137687281149980834e+01
1.196680712601661511e+01
1.203011569610186626e+01
6.672334138860917108e+01
5.822203843402810719e+01
6.054974937505736534e+02
3.723030594013704331e+02
7.131116972946451824e+02
1.824098799041436081e+01
1.898997209480081594e+01
3.824557132053194408e+01
2.977295927383470087e+01
2.024631363125880767e+01
2.681561647768300194e-01
7.625714097202842368e+01
1.762361935805584494e+02
5.095028841822919929e+01
5.872008363916803475e+00
1.563765109348214537e+02
1.325811313171103620e+02
3.130470376709159837e+02
4.025916844651629134e+01
1.332219557382457342e+00
5.558317377045401031e+01
6.913131730042387346e+01
3.315244046608461836e+00
1.682674360115641932e+01
8.375684581339704060e-02
1.439946976318105953e+01
5.736014312608532606e+01
2.478137569863921641e+01
2.579622134761530106e+02
2.555193867964372885e+02
4.540881859968087575e+00
2.905442319589291245e+01
0.000000000000000000e+00
2.110873215072666564e+00
1.669741723000232469e+03
4.477278138530546698e+02
3.721720588500343752e+01
4.944123629032881695e+01
5.333590864638887297e+01
8.545881642494833841e+01
1.336076514289894135e+02
5.905210254511867873e+01
9.453846778547622876e+01
5.996933141133916934e+01
1.586392921731685419e+02
5.843706082313115502e+01
7.066598180564358067e+00
7.920845439400591204e+01
3.673140219911994464e+00
8.145910003888279505e+01
7.585491657068767779e+01
4.626551306047809931e+01
2.317900829893163177e+02
7.584348413983369674e+00
2.165777046566789465e+01
1.130958372185312378e-05
1.437582465877775206e+01
6.222253720115487496e+00
5.604999343094660702e+01
5.625898840507158383e+01
3.326125527948658968e-63
2.104515973245252783e-91
3.857406478942889976e+02
5.959621082535459721e-34
0.000000000000000000e+00
0.000000000000000000e+00
0.000000000000000000e+00
1.220091656879111668e-54
0.000000000000000000e+00
0.000000000000000000e+00
0.000000000000000000e+00
0.000000000000000000e+00
5.138214928292600526e-16
1.980551149736035077e-01
4.729020247052065223e-115
0.000000000000000000e+00
2.062677206086535663e-81
4.409568489742920541e-152
9.253317274262078812e-03
0.000000000000000000e+00
1.435133569443457491e-01
5.676648095620854080e-47
4.248286226865532541e-26
1.747890341494482944e-10
6.845006513741806784e-119
6.433201611883960397e-69
0.000000000000000000e+00
2.569834057157713247e-139
3.097457467890654458e-63
2.907724255914205609e-127
2.394799831713560012e-25
2.543124114504903359e-64
1.193763706591375500e-49
1.644678292137328311e-245
9.715864211221605245e-37
4.064249700413847445e-07
1.866205089339103506e-11
1.089929187427011040e-307
5.088140665322332109e-74
1.982624590077020717e-57
3.371663161749565568e-02
1.491899697171506292e-02
4.810760043024749199e-197
7.686547227902624579e-10
9.269019646083768546e-227
0.000000000000000000e+00
9.417232732169336233e-77
0.000000000000000000e+00
5.857898452869590600e-38
1.277354181741710177e-168
0.000000000000000000e+00
5.687105730161252305e-32
0.000000000000000000e+00
0.000000000000000000e+00
0.000000000000000000e+00
0.000000000000000000e+00
0.000000000000000000e+00
3.253961908538143077e-74
1.150834683353047840e-51
1.734018309639632375e-11
3.408440512863713988e-24
1.356669681966929706e-70
1.525404352994564005e-28
4.334521500242717592e-74
4.692029301175049234e-60
6.079358730825165347e-52
1.161152171533572272e-56
3.974681150963396612e-102
5.912451811753748777e-306
2.011081801791282720e-62
8.856850235655032693e-04
4.822243084044950643e-250
4.178039068560334186e-74
6.994790342257831318e-10
3.224062966190543253e-72
2.689770917280066347e-32
3.937575919496551369e-69
4.401043084012181993e-08
1.330488136536616545e-03
7.399356260407076447e-02
1.558315551935761651e-19
2.830888500118729848e-219
7.541067095321430877e-75
7.010494015314596009e-102
0.000000000000000000e+00
0.000000000000000000e+00
7.287573011015512565e-212
1.268006040518860906e-76
0.000000000000000000e+00
1.869613654064857978e-28
1.463059530604599701e+00
1.729386445928735988e-11
2.021819898947002425e+00
0.000000000000000000e+00
9.652013692697816172e-01
3.947102492741771940e-01
8.711861667344021043e+03
2.049129305473980764e+02
7.735740801025117258e-15
2.645962356101053553e-06
7.111549922597415528e-22
4.459798216843895713e-45
4.737135309206255067e-04
1.175005203022285415e-02
7.673804594548170427e-13
0.000000000000000000e+00
2.333301691260212362e-114
3.378504688004320037e-14
9.797124999155540467e-124
1.598263444556198814e-04
2.091658967067443554e-12
7.878696948301054936e-01
3.243247128153495491e-07
1.132032605663318632e-68
3.457125379102954355e-23
1.567099035204311708e+00
1.890874367183110421e-07
2.637176239934011422e-24
2.880901358434897571e-13
2.501137885597955839e-17
2.916496942006024682e-09
8.248868228311851342e-14
1.610890342096570839e-177
4.934415068209239053e+01
2.890678631619186992e-30
5.838374464321836509e-07
7.964518205989554653e-25
5.305788668401296746e-08
2.406930931694390634e-04
0.000000000000000000e+00
9.107954381440585757e-57
1.030208053431423622e-27
1.340651765250476402e+01
3.076854669322392943e-49
1.452552998773264840e-321
5.279633590800443317e-107
1.835898552076324510e-48
4.712064103575400509e+00
1.426800288730499831e-10
2.657065596649851492e-108
1.046787913196340641e-62
0.000000000000000000e+00
0.000000000000000000e+00
1.303654452166356917e-93
2.175719859718109568e-282
2.857678063140422979e-177
1.554627220340296506e-130
1.572790394725762162e-17
0.000000000000000000e+00
8.274598647065415902e-27
2.641160437819774198e-303
3.719899721194506334e-159
0.000000000000000000e+00
3.401810610677888538e-11
2.467906008392491169e-45
2.887768157329458476e-09
0.000000000000000000e+00
0.000000000000000000e+00
1.724694767229376646e+00
0.000000000000000000e+00
0.000000000000000000e+00
0.000000000000000000e+00
0.000000000000000000e+00
0.000000000000000000e+00
2.839657840581924568e-27
4.391812818997924949e-24
3.450766248328653287e-61
3.650456003652431836e+00
6.436974999387971019e-01
7.637989779095131821e-19
3.797376017492271756e-120
7.631252146516653235e-119
5.368906579981329372e-29
1.697998264698796622e-94
0.000000000000000000e+00
0.000000000000000000e+00
5.845102990555906261e-128
1.187950688330717868e-19
3.332546621045725190e-141
5.071830138089024121e-27
3.893596763910507439e-115
1.236281247609904570e-220
8.689087521279779362e-76
6.270528168743952847e+03
1.698506581320627333e+02
6.942159657811764646e+02
9.326285879634407250e-01
1.799977091654816119e+00
1.105657317188723852e+02
1.038527080092177218e-134
5.461904785783211577e-67
1.802719106457955336e-08
8.209910847885844021e+00
0.000000000000000000e+00
0.000000000000000000e+00
7.470724185860074667e-85
8.452431167095567169e-06
9.464753428385529003e-28
1.141414603040132973e-07
1.453576771772157221e-53
1.772293700197652794e-122
4.631781187265753208e-73
3.322224355905411836e-34
0.000000000000000000e+00
3.970389679952297855e-72
7.540958336783580484e-30
0.000000000000000000e+00
0.000000000000000000e+00
2.412338610370143426e-189
5.077757496760440270e-09
2.162840785227581378e-84
1.164357244830468876e-26
3.469750374618765178e-15
3.816697072144573185e-78
2.699181480629966963e-182
0.000000000000000000e+00
9.970849304045306976e-33
7.874751265861636753e-06
1.441142245508731229e-177
1.059564093172160430e-148
1.433769408230338058e+02
3.134172761894778374e-119
9.149547470190406206e-50
2.665632419063879458e-41
1.013529612703208395e-36
6.650673555596579769e-04
0.000000000000000000e+00
5.311395592168908302e-91
0.000000000000000000e+00
1.876359889016444882e+01
7.951042902581424709e-03
8.597544618429808216e-25
1.641181827711029294e-03
3.406466839999414020e+01
8.859976225017678317e-15
8.779848737264331615e-44
1.147561594489421206e-47
3.322247377711425745e-30
6.936586189411881004e-139
1.417839851388551950e-38
7.645913205486963872e-42
2.088447587114852236e-51
2.701484308114573185e+00
5.350948758888525653e-43
5.788898531725188981e-42
0.000000000000000000e+00
4.175484825153927477e-05
1.716791904778411063e-09
3.535632028473221625e-24
7.015538371993954136e+00
8.518033758467854488e-01
0.000000000000000000e+00
2.732423595885019220e-21
3.707932315465099684e-25
8.279418331442279930e-35
2.802212351963772111e-99
6.021413638318397165e-77
2.125222903711216838e-215
6.801341482758511142e-14
3.895938603005790605e-15
1.148566953690278729e-192
1.677654978846159232e-15
1.427854911105760505e-44
1.911146711550908150e-01
2.996101899505836475e-115
2.681718832324318690e-21
1.526777091646471146e-287
1.264815497242950179e-83
5.962748646608552861e-90
0.000000000000000000e+00
1.411185071645026982e-10
4.814259113938629307e-31
6.236021526974916752e-06
1.315805379754344702e-31
2.164695574099155607e-12
8.185367981848544358e-15
1.356158198546549313e-03
1.057010731913891959e+03
1.863544846906535129e-16
1.906637179935578995e-34
1.305449005273873219e-04
9.603896026072310919e-21
5.222942910376837668e-37
1.768871168156040130e-07
1.247970581426426182e-130
3.613193994655042896e-18
3.154950041970078282e-26
2.498617928772386334e-55
7.337596493505329839e-31
1.479447438329909444e-05
2.208027442738273141e-148
7.942177760983469176e-62
1.442383462298330358e-04
5.828558710297736977e-219
1.255589585797134866e+00
0.000000000000000000e+00
2.289722889073387521e-51
2.836658317970219084e-221
5.522453892342331500e-29
0.000000000000000000e+00
7.748808676471438437e-37
7.281548968569447605e-27
4.753898927814413918e-08
4.000638099447225464e-50
2.254077679115760311e-20
3.639116434938120902e-11
1.252421039348597873e-233
6.107305762795827418e-123
3.074314583889407723e-54
6.365810792769181080e-22
2.242499054029226226e-26
4.718492433484146166e-44
8.499890385950173589e-11
3.517063364434970578e-11
8.930368743696688691e-271
8.875993433104026579e-11
2.854532701900474589e-01
1.165201181656698448e-02
2.479313848945510235e-06
5.135656443059149255e-48
1.259998590515481023e-21
1.174631664533536033e-21
1.462124916271103176e-05
7.040675058614148015e-29
9.916789427274128044e-03
9.729623342723117434e-08
2.676295827914112628e-34
0.000000000000000000e+00
7.330056734829901979e-319
1.273184234846621320e-15
1.941137005575318567e-09
6.483807336448944211e-34
1.046765023511927281e-18
6.530277118074436811e-39
3.323919230193323709e-33
5.682382585689562712e-08
2.761413713438369198e-21
4.485678260669736985e-09
7.643589183325926707e-09
1.866402120026703718e-45
9.145254793628463107e-34
9.629395821964063242e-50
1.344622696599726070e-27
1.150632453318167896e-13
3.656407256532923651e-08
1.993532428356589836e+00
2.812484177551058728e+00
4.921867774948131267e-28
1.527987858525955764e-19
1.066360564872024396e-144
0.000000000000000000e+00
5.578339684022081662e-50
1.491553416094433795e-16
2.030436602664341633e-71
1.279593210330966525e-29
5.189021431565745259e-10
1.368399823434159564e-80
3.418779659937728028e-265
3.361330590000105769e-22
1.912023479656008831e-70
1.633677395813938033e-15
3.449496598386827639e-04
2.933130160896782180e-63
4.262046587760573435e-02
8.907053580837371589e-05
8.116558020138600908e-29
1.552587395432182049e+00
2.082605638749760035e-05
1.317786385323423417e+02
2.715677339413300152e-15
5.101493425742686938e-01
0.000000000000000000e+00
2.414942440646072191e-02
3.788144385140625073e-113
4.038811840919977886e-02
6.116151235301725997e+00
7.116431669297344733e-07
2.152886622660854489e-08
2.818755769291899657e-10
9.646051053768524673e-76
4.880088229301341132e-45
3.460936313007984205e-25
3.997730175150211761e-08
3.713554825331068044e-15
1.628105332565615154e-02
3.208517358495450256e-06
2.987986759449551624e-03
4.128267913158692459e-03
4.984949309135591681e-18
2.818613099292764754e-198
2.696576185596997119e-26
2.321782811082952324e-100
1.953306739180355111e-09
3.938193561771009144e+01
1.574298171942312591e-11
1.921045967332956800e-195
1.245365724252126067e-33
0.000000000000000000e+00
2.954962861043003656e-158
5.629090768176721509e-08
4.043538128296933575e-09
2.331447776893115514e-05
7.473651725293509852e-15
1.096512822176029734e-24
6.226426713769650589e-06
0.000000000000000000e+00
7.861411302750617724e-02
1.601836187943572072e-18
3.211037559799233336e-100
1.055780432260228597e-118
6.957232795911791184e-79
1.212771166419169451e-64
2.003683708609736616e-04
5.337193543179986444e-83
0.000000000000000000e+00
1.122511569757273523e-45
3.053858792921179013e-51
6.655259880390367755e+01
9.624681467709877716e-07
1.235733201713449803e-01
3.361630356980378655e-22
0.000000000000000000e+00
2.182362616842015796e-49
4.264652614880777325e-06
0.000000000000000000e+00
1.772658058623695736e-106
6.213822137671194492e-46
7.168499296056570591e-76
1.959394592301299857e-13
1.169960882859881337e-08
1.100937781429186671e-12
4.947262155622541018e-05
1.873056763719692037e-11
2.035889340486971122e+00
1.513603595644275235e-08
1.663141344328216566e-33
0.000000000000000000e+00
1.328352042919517077e-02
5.549757589432856701e-06
6.499953899566358473e+01
0.000000000000000000e+00
3.852998954103358719e-24
4.146078183568338212e-40
2.327339387822962635e+03
1.957453793604141735e-30
6.750475003228264726e-52
2.393786768445858014e-15
3.930533540703010394e-106
1.954778999828395688e-07
2.849909480231678717e-14
6.394658642349744568e-08
1.710763795093148023e-04
2.304460489143870302e-03
2.558701019393586095e-51
1.014556373511422319e-07
2.804585144820785914e+01
3.004721867754496603e-19
2.165994424857316046e-10
5.751799772370822409e-09
1.772174210729851236e-22
1.424786050333220770e-18
2.713576930672008085e-24
6.152092403953918303e-11
2.033777626664492115e-06
1.510246966419433522e-33
6.500396033378198755e-55
2.756279135340498510e+00
2.515691998016578168e+02
0.000000000000000000e+00
1.636359860800295053e-29
5.241626850639461860e-128
6.386920211285194012e-17
1.479098310007522177e-19
2.751763143863990624e-08
1.625054152556475173e-02
6.234049374384267850e+01
6.002115660384507723e-02
3.316142594776738210e-45
6.874753731092915059e-18
4.425902876079342532e-06
1.343440556488451421e+01
3.182434619749012689e-108
1.901269734558163464e+03
3.387377425128985919e+01
4.425273572922355925e+02
7.007133377331313334e-63
1.205728434409665972e+01
1.724842048871979117e+00
1.756210697228014206e-01
1.132053356309518755e+01
1.686700398534968536e-130
1.602100474594217116e-10
3.508355444309680042e-259
3.276897350562053281e-15
4.061636869722178736e-217
1.177933546612115022e-73
1.112437295396300268e-79
0.000000000000000000e+00
5.376534012454879108e-34
0.000000000000000000e+00
0.000000000000000000e+00
0.000000000000000000e+00
0.000000000000000000e+00
0.000000000000000000e+00
0.000000000000000000e+00
0.000000000000000000e+00
0.000000000000000000e+00
0.000000000000000000e+00
0.000000000000000000e+00
0.000000000000000000e+00
0.000000000000000000e+00
0.000000000000000000e+00
0.000000000000000000e+00
0.000000000000000000e+00
0.000000000000000000e+00
0.000000000000000000e+00
0.000000000000000000e+00
0.000000000000000000e+00
0.000000000000000000e+00
0.000000000000000000e+00
0.000000000000000000e+00
0.000000000000000000e+00
0.000000000000000000e+00
0.000000000000000000e+00
0.000000000000000000e+00
0.000000000000000000e+00
0.000000000000000000e+00
0.000000000000000000e+00
0.000000000000000000e+00
0.000000000000000000e+00
0.000000000000000000e+00
0.000000000000000000e+00
0.000000000000000000e+00
0.000000000000000000e+00
0.000000000000000000e+00
0.000000000000000000e+00
0.000000000000000000e+00
0.000000000000000000e+00
0.000000000000000000e+00
0.000000000000000000e+00
0.000000000000000000e+00
0.000000000000000000e+00
0.000000000000000000e+00
0.000000000000000000e+00
0.000000000000000000e+00
0.000000000000000000e+00
0.000000000000000000e+00
0.000000000000000000e+00
0.000000000000000000e+00
0.000000000000000000e+00
0.000000000000000000e+00
0.000000000000000000e+00
0.000000000000000000e+00
0.000000000000000000e+00
0.000000000000000000e+00
1.655352806116691329e-57
0.000000000000000000e+00
0.000000000000000000e+00
1.255281751463103975e-32
5.498807986381320206e-238
0.000000000000000000e+00
4.558053254249887548e-59
1.019216779035292140e-50
1.333504914428189564e-223
7.509002295095218703e-113
7.995614400750651146e-303
0.000000000000000000e+00
2.666503378692128614e-229
0.000000000000000000e+00
0.000000000000000000e+00
0.000000000000000000e+00
0.000000000000000000e+00
0.000000000000000000e+00
0.000000000000000000e+00
1.142376736484744648e-214
1.650743383706307174e-76
0.000000000000000000e+00
0.000000000000000000e+00
4.155080755389908740e-171
1.043867672784145614e-158
0.000000000000000000e+00
2.999443880754039338e+00
0.000000000000000000e+00
0.000000000000000000e+00
0.000000000000000000e+00
0.000000000000000000e+00
0.000000000000000000e+00
6.134159848943237896e-03
1.318142794492093899e-40
0.000000000000000000e+00
3.580129089429753340e-22
1.140147281691596121e-110
7.919059789732600434e-189
2.361362441877711553e-138
0.000000000000000000e+00
0.000000000000000000e+00
0.000000000000000000e+00
0.000000000000000000e+00
0.000000000000000000e+00
8.719955919834027467e-23
5.749633519505802787e-02
2.420100575574416325e+03
3.843848148315880842e+00
0.000000000000000000e+00
2.475455823108521543e+02
1.160107119205267129e-203
2.561489928431105716e-22
2.662660516372918271e-138
1.551519064039317369e-06
2.180188854994768022e+01
3.753969840341980224e-01
5.117727264144338733e+03
2.628961042320833599e+02
4.159260907625969139e+01
0.000000000000000000e+00
6.173407808848039011e-74
5.839601337255984070e-01
8.802902379536098521e-63
7.377569448136327857e-06
0.000000000000000000e+00
5.827016021474195639e+01
1.138415829785921716e+02
3.771672043768607990e-53
1.781602578803822646e-40
1.307942680746044495e+01
1.680255405702457949e+02
1.522607825746052565e-02
5.996397099090329874e+01
2.388566586724343921e+01
9.410760552390735612e+00
1.753719599130944857e+02
1.630663515046990852e+01
1.346167154422598067e+01
5.953616136571064743e+01
2.927359753198993244e-238
3.215220875205277835e-38
2.155769724338701399e-01
0.000000000000000000e+00
4.132007724312399155e+00
8.055108178129627148e-16
0.000000000000000000e+00
0.000000000000000000e+00
3.036031868047542659e+01
3.861889416756837288e-05
1.473908979550773068e+01
5.439550568325289959e+01
2.046234359206378883e+01
2.859494691430020166e-19
4.119585823037213856e+01
1.004662077482633542e+01
1.868800229056288842e-02
2.463062636433587804e-01
1.579704565022401530e+00
6.636368049028196214e-01
4.347321021862870505e-01
4.289569396520741540e-01
2.486457593806772337e+00
1.272839688208089086e+02
1.060862722770395266e+02
2.247607228172488192e+01
5.997066733371138270e+01
4.540580480346159220e+01
1.411684874694595848e+01
0.000000000000000000e+00
0.000000000000000000e+00
5.728519099877723164e+01
6.382911037911574835e-09
1.009165366595134827e+02
5.547912226338367958e+01
5.582890815024203590e+01
1.633223808042902547e+01
1.977763813131545277e-124
4.155683206828216214e+01
1.023343481340342220e-302
8.990315034202939870e+00
0.000000000000000000e+00
0.000000000000000000e+00
3.355593479373206072e-264
0.000000000000000000e+00
0.000000000000000000e+00
0.000000000000000000e+00
2.299219956977897675e-63
2.773437499080051793e+01
1.377698720013138978e+00
8.424866894004301443e-01
2.971248878988824060e+01
1.075993578277930213e-01
6.622234200782468605e+00
4.374715856586918505e+01
2.048944622236329111e-04
1.792175589295391092e+01
4.396670311020137056e+00
7.131191879532856603e+01
2.267604333453935510e+02
1.821134801237464274e+02
1.212183458177042752e+02
9.811297422944720381e+01
1.334049900994739914e+02
1.376852385097992510e+03
1.024354484220260275e+02
2.387525859363582015e+02
5.446795532364867576e+00
4.579454102126140569e+00
3.164217428757924466e+01
3.403687112472180161e+02
6.222831307516204902e+01
3.301477317094568820e-01
4.886989069836931598e+00
1.172691018364995159e+02
1.536533576957176024e+02
1.747256145114732462e+01
1.152921233652264021e+02
5.680628841591108495e-22
4.145690726755573685e-08
9.565435878877042342e+01
1.074802313192744219e+00
7.274268748374075630e-15
2.862453774920065186e+01
1.445905224076136885e-05
1.452902881624545728e+02
7.866020940511512252e-87
9.000753514659977617e-40
1.586121788124367413e+03
3.136209751851632177e+02
2.856653336965374734e+01
2.745178583616981172e+01
2.375798019454203214e+01
2.196210646074919737e+01
8.026377155803384511e+00
5.101400961423209202e-01
1.691795250976752246e-03
5.228478006862181671e-01
3.615524389377970493e+00
8.856439423377468196e-05
3.220754296082208729e-02
9.092078513694895392e+00
3.860750751025430333e-02
4.799162111954961840e-02
7.156529304537253999e+00
6.146304587030565258e+00
9.016724396802311858e+00
4.246744486338700497e+00
7.823912404776415030e+00
1.119786617238727189e+00
8.691698299870386224e-01
1.342823776717518136e+01
8.297460581453179884e+02
6.943560918773103197e+01
1.335619383204328869e+01
3.560545360443990148e+01
7.797016284069515635e+00
5.914470651325575545e+01
1.220322404950478301e+01
8.742151377426591097e+00
1.610951310934321645e+00
6.056273201203777878e-01
3.009082498833369534e+00
5.073522940494626710e+00
1.327239080422691619e-01
1.502205269639088954e+02
