# residue i_ratio gamma_2
1.000000000000000000e+00 nan nan
2.000000000000000000e+00 7.359769924204089264e-01 3.164182435809850702e+00
3.000000000000000000e+00 8.785637910228981662e-01 1.241748252894619542e+00
4.000000000000000000e+00 9.349261852521442151e-01 6.289680782329862829e-01
5.000000000000000000e+00 9.166678922663770157e-01 8.199888651137603457e-01
6.000000000000000000e+00 8.759925813518177895e-01 1.271402085826764505e+00
7.000000000000000000e+00 8.958120966355322956e-01 1.046808966096532290e+00
8.000000000000000000e+00 8.169435129377822236e-01 1.998540464929421834e+00
9.000000000000000000e+00 8.776606224248367782e-01 1.252146625800429014e+00
1.000000000000000000e+01 9.120624354472250950e-01 8.692668898870291594e-01
1.100000000000000000e+01 9.523312341381606760e-01 4.530799134490023361e-01
1.200000000000000000e+01 9.550836245575348160e-01 4.257996884094757406e-01
1.300000000000000000e+01 9.690527080458462006e-01 2.895224795059660461e-01
1.400000000000000000e+01 9.598837456631341691e-01 3.785642624728596251e-01
1.500000000000000000e+01 9.367051630468061774e-01 6.107179758168495010e-01
1.600000000000000000e+01 9.293561604619938743e-01 6.865199228195238979e-01
1.700000000000000000e+01 8.741137650476933363e-01 1.293170209355570810e+00
1.800000000000000000e+01 8.045090317423595483e-01 2.163863456225267878e+00
1.900000000000000000e+01 6.657972550260466971e-01 4.376440177039686574e+00
2.000000000000000000e+01 3.509142936709455096e-01 1.462077514162511171e+01
2.100000000000000000e+01 3.209263508272920951e-01 1.643687805233399502e+01
2.200000000000000000e+01 1.966661707392944602e-01 2.831060069566692405e+01
2.300000000000000000e+01 1.833478819217430333e-01 3.028861375915765919e+01
2.400000000000000000e+01 4.340492629447372797e-01 1.070083410141810987e+01
2.500000000000000000e+01 5.109073845496659994e-01 8.057743671131325058e+00
2.600000000000000000e+01 5.059960532476424078e-01 8.206004505708767383e+00
2.700000000000000000e+01 5.038526245918211188e-01 8.271485931785790058e+00
2.800000000000000000e+01 3.531941492206711053e-01 1.449310045668432068e+01
2.900000000000000000e+01 3.517057253736655120e-01 1.457629979416650201e+01
3.000000000000000000e+01 2.597584088231849053e-01 2.115651136837522373e+01
3.100000000000000000e+01 4.605372188407683698e-01 9.705399786275865637e+00
3.200000000000000000e+01 4.879019455552235374e-01 8.774205226666770940e+00
3.300000000000000000e+01 5.108155649271894916e-01 8.060493016881030925e+00
3.400000000000000000e+01 5.538397489714930177e-01 6.858860782332646622e+00
3.500000000000000000e+01 5.464782256215734435e-01 7.052850922112456011e+00
3.600000000000000000e+01 5.370797178471746758e-01 7.307188760956384144e+00
3.700000000000000000e+01 5.437890918488731407e-01 7.124846697348745650e+00
3.800000000000000000e+01 5.296050394292670660e-01 7.515017813999936180e+00
3.900000000000000000e+01 3.760251773784384910e-01 1.328547016651811852e+01
4.000000000000000000e+01 1.736846228700691663e-01 3.186497267138408418e+01
4.100000000000000000e+01 4.509113277075167681e-02 8.489177381877347273e+01
4.200000000000000000e+01 nan nan
4.300000000000000000e+01 3.615512262227944806e-02 9.595280086725854574e+01
4.400000000000000000e+01 1.315203810743921786e-01 4.064123593572634974e+01
4.500000000000000000e+01 1.155971904509300457e-01 4.510280669770440198e+01
4.600000000000000000e+01 1.052579155755239693e-01 4.849630703075138882e+01
4.700000000000000000e+01 1.285769447908393370e-01 4.140593065332625144e+01
4.800000000000000000e+01 3.040726442229714777e-01 1.758395337323795005e+01
4.900000000000000000e+01 3.508506176523710773e-01 1.462436065127292473e+01
5.000000000000000000e+01 4.925104484395412818e-01 8.626098014685821269e+00
5.100000000000000000e+01 5.889830274277511046e-01 5.991095687263712222e+00
5.200000000000000000e+01 6.726404948775352999e-01 4.248409332302253816e+00
5.300000000000000000e+01 7.265693763085498968e-01 3.314590859946586310e+00
5.400000000000000000e+01 6.486007649615885828e-01 4.708659522087659255e+00
5.500000000000000000e+01 7.501759919750758954e-01 2.943543610218932294e+00
5.600000000000000000e+01 6.747829781777527902e-01 4.208796959900420021e+00
5.700000000000000000e+01 6.019435744415018164e-01 5.693432818613606727e+00
5.800000000000000000e+01 5.761792266918076555e-01 6.296587460233639355e+00
5.900000000000000000e+01 5.386262864972921616e-01 7.264809436122372510e+00
6.000000000000000000e+01 6.447235603162664308e-01 4.785715949964447269e+00
6.100000000000000000e+01 6.953325030746981827e-01 3.839845223979932776e+00
6.200000000000000000e+01 7.436953451358937484e-01 3.043315131145370778e+00
6.300000000000000000e+01 6.962106887397351285e-01 3.824508056744692741e+00
6.400000000000000000e+01 6.515826016058319237e-01 4.649947114111376401e+00
6.500000000000000000e+01 6.444090885932960422e-01 4.792001581433257051e+00
6.600000000000000000e+01 5.848403398842121348e-01 6.088662900325457095e+00
6.700000000000000000e+01 5.399211491659517970e-01 7.229488715121177300e+00
6.800000000000000000e+01 4.670533889639967851e-01 9.475247863528833747e+00
6.900000000000000000e+01 4.169261813563444607e-01 1.140070982242381348e+01
7.000000000000000000e+01 5.092490524448755052e-01 8.107530056733834201e+00
7.100000000000000000e+01 5.574170112323735271e-01 6.766196890610172154e+00
7.200000000000000000e+01 5.612480688169064758e-01 6.668095152845268103e+00
7.300000000000000000e+01 7.608176766038682315e-01 2.783005254479094859e+00
7.400000000000000000e+01 6.778585560374346120e-01 4.152319466485317356e+00
7.500000000000000000e+01 6.701397416983899680e-01 4.294928532853707459e+00
7.600000000000000000e+01 8.295513117857620244e-01 1.835467361379539586e+00
7.700000000000000000e+01 8.848998855364158533e-01 1.169339322413034399e+00
7.800000000000000000e+01 9.266087206422766176e-01 7.151389640544394410e-01
7.900000000000000000e+01 7.184992947167754274e-01 3.446402795258793450e+00
8.000000000000000000e+01 7.963575488974956595e-01 2.274753258814813162e+00
8.100000000000000000e+01 7.166645107525796421e-01 3.476738946647878414e+00
8.200000000000000000e+01 7.498433890456125406e-01 2.948626684710133450e+00
8.300000000000000000e+01 7.766086326525185601e-01 2.552042638771445660e+00
8.400000000000000000e+01 8.971425247651336754e-01 1.032054563601869868e+00
8.500000000000000000e+01 8.789455094102077704e-01 1.237359255968355054e+00
8.600000000000000000e+01 9.054997540673735967e-01 9.402718686284462501e-01
8.700000000000000000e+01 8.336546870283242372e-01 1.783350860032042462e+00
8.800000000000000000e+01 6.514970479379689206e-01 4.651625073933515431e+00
8.900000000000000000e+01 7.458800108301838483e-01 3.009508844450371701e+00
9.000000000000000000e+01 7.956746714554391309e-01 2.284135344092775632e+00
9.100000000000000000e+01 7.765447503904324700e-01 2.552960064806694351e+00
9.200000000000000000e+01 7.708529522278656509e-01 2.635246781493023605e+00
9.300000000000000000e+01 6.329671371263555502e-01 5.024430317695202319e+00
9.400000000000000000e+01 6.823664242533392654e-01 4.070354107646327435e+00
9.500000000000000000e+01 5.915824227487838094e-01 5.930484090325196966e+00
9.600000000000000000e+01 6.903923939889125005e-01 3.926765866160392360e+00
9.700000000000000000e+01 4.093554884282606943e-01 1.172576312875433047e+01
9.800000000000000000e+01 4.889372624072119700e-01 8.740724607102121624e+00
9.900000000000000000e+01 8.102945298276609254e-01 2.086375412322494682e+00
1.000000000000000000e+02 9.145891147222976469e-01 8.421758887890363754e-01
1.010000000000000000e+02 9.419199935063731211e-01 5.575814156167996360e-01
1.020000000000000000e+02 9.229415543026607827e-01 7.535794032327414183e-01
1.030000000000000000e+02 8.864263805103792526e-01 1.152034523989565518e+00
1.040000000000000000e+02 6.749600921901467432e-01 4.205532240391801402e+00
1.050000000000000000e+02 5.455793416624743486e-01 7.076848316238654846e+00
1.060000000000000000e+02 7.547353177848117323e-01 2.874267841434793969e+00
1.070000000000000000e+02 8.904538312886002283e-01 1.106635889020121111e+00
1.080000000000000000e+02 nan nan
1.090000000000000000e+02 9.591601650644172583e-01 3.856570828615065172e-01
1.100000000000000000e+02 9.507730137178175278e-01 4.685878609394453220e-01
1.110000000000000000e+02 9.497193413741416013e-01 4.791006053377400153e-01
1.120000000000000000e+02 9.534250334191144427e-01 4.422215981447430999e-01
1.130000000000000000e+02 9.461030977288660271e-01 5.153426895618260506e-01
1.140000000000000000e+02 9.289391774469401009e-01 6.908535818691922126e-01
1.150000000000000000e+02 8.528337628601896370e-01 1.545758537956522627e+00
1.160000000000000000e+02 8.227802414442968448e-01 1.922487825274106665e+00
1.170000000000000000e+02 nan nan
1.180000000000000000e+02 8.510359477896581870e-01 1.567619863516428236e+00
1.190000000000000000e+02 7.288494065747378459e-01 3.277820734980847028e+00
1.200000000000000000e+02 nan nan
1.210000000000000000e+02 5.894031661709352443e-01 5.981267496454565347e+00
1.220000000000000000e+02 7.327012460397308580e-01 3.216164750544272977e+00
1.230000000000000000e+02 6.779413411865833350e-01 4.150805524030361404e+00
1.240000000000000000e+02 6.581754571434990098e-01 4.521798165744300491e+00
1.250000000000000000e+02 5.518484607345812698e-01 6.910892863142127140e+00
1.260000000000000000e+02 2.712935823962104864e-01 2.013735095625637683e+01
1.270000000000000000e+02 4.974415296326529790e-01 8.470226942707069995e+00
1.280000000000000000e+02 nan nan
1.290000000000000000e+02 1.839637595886448040e-01 3.019239052468719109e+01
1.300000000000000000e+02 2.977209618658635537e-01 1.804332079450559334e+01
1.310000000000000000e+02 3.078756475179337260e-01 1.731625320009801428e+01
1.320000000000000000e+02 3.038751249015463340e-01 1.759800480120314603e+01
1.330000000000000000e+02 3.924196751421615281e-01 1.249069292334433356e+01
1.340000000000000000e+02 3.991517958381283759e-01 1.218013805471764144e+01
1.350000000000000000e+02 3.599146610188055928e-01 1.412450971264371091e+01
1.360000000000000000e+02 2.914297469002329333e-01 1.851413769541522925e+01
1.370000000000000000e+02 2.188765419723421868e-01 2.542930981001282120e+01
1.380000000000000000e+02 nan nan
1.390000000000000000e+02 3.386161629277080198e-01 1.533371300993612429e+01
1.400000000000000000e+02 5.054459125336610015e-01 8.222765779417070320e+00
