6.487401422306355414e+01
1.621210294039970847e+02
1.404010207027340869e+02
1.742536153704200501e+02
6.004293750427596876e+01
3.727611836339226556e+02
3.238553288542651671e+02
5.540517825042380764e+02
2.007904847701121582e+02
2.912493092311898835e+01
3.813256396613378740e+01
1.792426314432484560e+02
1.404034551574509067e+02
4.281534245689447005e+01
1.186869335173635847e+02
1.606080692940811332e+02
1.851631198235729983e+02
3.091356331121027168e+01
4.579413073728825623e+01
8.779324852452195671e+01
1.705004475047163623e+02
4.155316689781940198e+01
1.982748215541079730e+02
6.084833485220678995e+01
6.007303311865767625e+01
3.123513138736582651e+00
3.885691598490627285e+01
2.637653116436678874e-06
4.368635983283657431e+00
5.308170409947250867e+00
1.720629157466480663e+01
1.382305934616698266e+02
6.234304548276013236e+01
2.170651144791637677e+01
1.227460566140702447e+01
1.786201779964311598e+01
5.471816561032285975e+00
1.104658957459609958e+00
1.099684746534718727e+02
1.987367850299484706e+00
2.278736368879415011e+02
1.041832417366998413e+02
4.173076031911268302e+00
8.827313164296853643e+00
2.328783269049542781e+01
1.521132600406441160e+00
4.319873820898857986e+01
9.004020875221507936e+01
3.151072091805360387e+01
2.379635401100152308e+02
2.734791936529509826e+02
2.304121915437843882e+02
5.181632329373452706e+01
1.446258901300583055e+01
8.173368851454776873e+00
3.956932856642624188e+02
6.808883856534460222e+01
8.581729757115438062e+00
1.596365516288944377e+02
1.112217019812850651e+02
1.284282800441305426e+03
2.122740372985532411e-27
7.141764498298460592e-54
1.346824799235304724e-06
1.218528908224439355e-08
2.168847087317819611e+00
6.739852860566426216e+02
1.370060902387026758e+01
9.060801269108855237e-28
3.286431732830246233e+02
1.327158452371698785e-10
8.469058931828948433e-04
2.502041308317327832e+02
1.196818475126559765e-05
8.212585447018268781e+01
8.467929249906092082e+01
5.160842501495475432e+01
5.251040758802913899e+01
4.511498388515627056e+01
4.621071800317311329e+01
7.876563573603273483e+01
2.124760395630319465e+01
4.101478753534952659e+01
5.166965362548243945e+01
1.182978100957194272e+02
3.127157020383565822e+01
4.638153732681419683e+01
8.682395578454766394e+01
3.667087317687545465e+02
6.470885532616593139e+01
0.000000000000000000e+00
0.000000000000000000e+00
0.000000000000000000e+00
0.000000000000000000e+00
0.000000000000000000e+00
6.261227234305512555e-31
9.178453748974088550e-130
0.000000000000000000e+00
3.340871334439882448e-120
1.065194856036331714e+02
8.289552528489263981e-07
4.476823826012465020e+02
1.793605875912115266e+02
3.550780095899172579e+02
7.503250461139247207e+00
1.071720177777830258e+02
9.622678531999754625e+01
1.387647809112264099e+02
9.188052570771407801e+00
9.795448087103926582e+01
1.613856154013704725e+01
2.641663257525879160e+00
1.615842530648731099e+02
1.075315883883409995e+01
5.682425201629118305e+01
2.743105759227988187e+02
3.159020212337300393e+01
6.596506219499318036e+00
1.213006004850488928e+01
8.647038735212655980e-02
3.723926787147911810e+00
9.774433760359185541e+00
2.633799527080758480e+02
2.105713265347215497e+02
5.320293071160057785e+00
8.869909296451510272e+01
1.485942606732600666e+02
2.973748454170501887e+01
7.971688573804419775e+01
2.676913895818119116e+01
4.445267059241633092e+02
8.363424213997656409e+01
5.016046702467542140e+00
1.187250005883107633e+02
3.561633917225217991e-23
1.460422179725339538e-10
1.268629176747599807e+01
5.956118201738669882e+01
8.880484016485767906e-01
5.802050740406981078e+01
6.652636481307665406e+01
1.808911543328506184e+02
8.016806860447252348e+01
4.657276261056513249e+02
7.324340921780886902e+02
1.889960494851576698e+02
2.952030061467995097e+02
8.276734985747754081e+02
1.064438434605231160e-03
4.500543832088540341e+01
1.790733963032274687e+02
1.935119492857672041e-01
4.157552861160061752e+01
5.128092149303130753e+01
9.826662590735072171e-15
5.248526325712727214e+01
1.158361092880257956e+02
1.859292658891866097e+02
1.108754627073536767e+02
2.758335616206106167e+01
3.092313910615032313e+01
3.552758112241484412e+00
3.283355443817850983e+01
3.957937753720819956e+02
3.195675130639979500e+01
2.208164895756233932e+02
2.626614941726850816e+02
2.477656474465520375e+01
8.922916252352848687e+00
2.007474907139727538e+00
1.466708000328002015e+02
1.363027711889585589e+02
2.612440059521042457e+01
1.211989668557085054e+01
6.155154300103026088e+01
1.752258828315111714e+02
3.939713963210142822e+01
1.692899926161550184e+02
2.904826113813602717e+01
1.338747846009033893e+01
3.887260257844064171e+01
1.043972663603939992e+02
8.464841474419019107e+01
1.261960278195170915e+01
6.080843931215611065e+01
1.298539778889345655e+02
1.072509522786268548e+02
2.205479702191250979e+01
3.522100681722954985e+00
2.065843940669272349e+00
6.042737659878008571e+01
5.958020449254775919e+00
6.964616183565811802e+00
7.070779827861933597e+00
3.067760501244023175e+01
8.401145919139354135e+01
1.425552554134212073e+02
4.505109537089603577e+01
3.077827597019147987e+00
1.415275721190823432e+01
4.911769072732019481e+01
1.403398598613660795e+02
2.209789477339333530e+02
1.370112670253338294e+01
8.153914038229008554e+01
1.995457884695090343e+02
7.904575189615995257e+00
6.686518468123304748e-01
1.784788724843123120e+01
5.579657862193744267e-01
1.491335402134070023e+02
3.993376775060798423e+01
4.782863620318551767e+01
2.605095329554799832e+02
3.230394955349108272e+02
7.152582078467755178e-01
3.405742568361241496e+01
3.036343192669722768e+01
1.387908045886727848e+02
2.750511127596831784e+01
5.849495326022095654e+00
2.195559066937224557e+01
5.094696652580226015e+01
1.880536649084850254e+01
1.664032711195313823e+02
2.850693700244566031e+01
8.997735383898221073e+01
1.347627429526114327e+02
2.433428714464481146e+01
6.620097904372116773e+02
6.352791271806984774e+00
8.237492443952784527e+01
2.716863033375731362e+01
8.883517363342672724e+00
3.160317606349527964e+00
3.415884592075566673e+01
3.055299909268968577e+02
1.319725643849648314e-02
1.297940970555009130e+02
1.365114374331740431e-08
1.199381493830002228e+02
1.362509365264673988e+02
4.544097834331333630e+00
1.233235758085795197e+01
2.625248874137283224e+02
4.302190037310737125e+01
6.851014213465218461e+01
1.363425660483149784e+02
7.135626878499566317e+01
2.775115262955582551e+01
5.716827118875241354e+01
6.491215247224326390e+01
5.439653193161465339e+01
1.435945677906665452e+01
5.394549968851161026e+01
7.639134734755144507e+01
1.183381298357852529e+02
3.846098444702542807e+00
2.153576219725442087e+01
7.798476332554236023e+01
1.690474708216359545e+01
1.232852909459930979e+00
8.484277851264424797e+00
2.042653559396776952e+00
2.064318156930652393e+01
2.678810176940134014e+01
1.269425602472071546e+01
4.287490962533971128e+01
4.727061723426326978e+01
6.428132198385131169e+00
9.397736101895107552e+00
4.679996250863350582e+00
1.523439690095059404e+02
8.929123555555464975e+01
2.458018117348203901e+01
5.199911075374232183e+01
1.193482368853541828e+02
7.159613236962265148e+00
1.255040774838237994e+01
4.126126781298455626e+01
3.325138559207719613e+00
3.920400362375800807e+00
7.609392791351760055e-01
8.477184782245954509e+00
2.442968095116717464e+01
1.692714537354112636e+01
2.657799770776444248e+00
3.749102487452538046e+00
1.799565870948471646e+00
6.750388060740229434e+01
2.060166201646953077e+00
4.393592276174924649e+00
6.288708863734941090e+00
1.353821514200250249e+02
4.203840888146020305e+00
1.128693852843665104e-03
1.436052083024950754e+01
1.112014887630013860e+01
5.870347015326436946e+01
6.431522512193531327e+00
2.883436431283195702e+02
1.264061904972470529e+02
1.917098025298016495e+01
1.243463901236945013e+01
3.715098440883870534e-01
2.860449046374353266e+00
9.743448031838990886e+00
5.126309899044379392e+00
3.613988375607253545e+01
4.583691535768500636e+00
4.637337266794708257e-01
9.077002044519882418e+01
5.360481510300392216e+00
8.048094361637170735e+00
1.002779938946014795e+02
3.882308082239201497e+01
5.376271137088457053e+00
1.184173136051955666e+01
9.254572902446364324e+00
2.701915158841391218e+00
1.482747314368272953e+02
2.055573594134119375e+01
2.386087567260770470e+01
6.767259315564860600e+00
1.038310729287997614e+00
2.310117518200205566e+01
3.727117265240025290e+01
2.822739013114701265e+02
1.441988650160898366e+01
1.175054418482768881e+02
9.245684293462357317e+00
3.318438649968908294e+01
5.969478140075906936e+00
3.837574448411999128e+00
6.072181286226663843e+01
7.958994744600619065e+00
5.253492118768282593e-01
6.900065553922260619e+01
1.270539804157706776e+01
2.046507688585281315e+00
9.120366543738235521e+01
3.169725912048759255e+02
2.138177716391019700e+01
1.306448025157549918e-96
1.956073712454408421e-12
0.000000000000000000e+00
1.140456618014801576e-121
5.888766211156309716e+00
5.035021107503989679e-01
7.199349418866161345e-46
3.979337912730238763e-02
1.761645444110593246e+02
5.649839271718418198e-04
4.648448351206894980e-02
1.631608793174090244e-01
3.594932546636276077e-03
3.066928629376116655e-01
1.499181579894449667e-01
1.472068008409531947e-01
2.530519528619493835e-03
4.153086949246588233e+01
1.652833055053122564e+02
1.171105398281485350e+03
5.882527953338716316e+02
1.202986492241890772e+02
2.131093747539450185e-130
1.125348009893695789e+01
8.836492915100128798e+00
8.074840148402606133e+01
1.678471357698761679e+01
1.848636725446169748e+01
1.661393138009238868e+01
1.234012854882304033e+01
2.841566771456454887e+01
3.517777880198011293e-08
0.000000000000000000e+00
1.629171515952953231e-01
3.233307183260373391e-02
1.106650895838902926e+01
3.914223536122917579e+01
1.848858687297245673e+00
3.611877707873109244e+00
3.703474600921909388e-01
8.616256913319332966e+00
4.782148255991010188e+01
1.067992637160381122e+02
0.000000000000000000e+00
2.235436193264603053e-05
5.876437104546285671e-03
3.740859853307838989e+01
4.442023325454330518e+01
1.842221504841403856e+01
1.664387121554083038e+01
3.161445124136547657e-01
1.232897822630838647e+01
3.490166617711752295e+00
2.691047033382231835e+00
5.945477354296942879e-02
4.010685363552843441e+00
2.082754307428303253e+00
2.258577121136220356e+01
3.028654979041989215e+00
2.351129333396658971e+00
8.189308238624601444e+00
1.710391880326101247e-02
3.928214457430736356e-02
1.930834729084800916e+00
5.519933862258962209e-01
2.204596028218373416e+00
9.708761388153165584e+00
8.387524590747471365e+00
2.441316996719858068e+01
7.014204495927069516e+00
1.554752086705329273e+00
1.162289542819178401e+01
4.243601136637177973e+01
1.833491434341812365e+01
2.209432688040276815e+00
3.934447736690028277e-05
3.281184397988966328e+00
1.754851935447938871e+01
7.867965979286340783e+00
1.224497015670484217e+02
6.714268223143042746e+01
2.217711411568787838e+01
1.689096974623274861e+01
1.392543874808603377e+01
4.255251393816024574e+01
1.275282071859852095e+01
5.018697424347170255e+00
3.296579481685442403e-02
3.902436493391883943e+01
7.477280782378899815e+00
3.876267087045095394e+01
1.021062687736740315e+01
1.184480966997408835e+01
1.322636566268088387e+01
4.197865937303804884e+01
9.500041316309861372e+01
1.164054706602822307e+03
3.642890250719750626e-05
1.842758840067295845e+00
1.459601506544904240e-02
1.286972960074471223e-06
1.796189073639414957e+01
6.480312132002031822e-01
9.201196337282854748e-124
5.055903582788132122e-02
3.670116475202218898e-03
5.878563835465095977e+00
5.455803025489019427e-55
6.517467966390489885e-150
5.624481013820044240e+01
1.484467503982901704e+01
1.977996626747234288e+01
2.692248471067780002e+01
2.080022373111821139e+02
1.963158680033036489e+02
6.787299467040121215e+00
1.867067211630676626e-01
6.693299971298606543e+00
1.235753441847694090e+00
1.298920567192225067e-02
5.252299253577086269e+00
3.649097500996899868e+01
3.492666656424743366e+01
5.337636787684717632e+01
1.288252027451323656e+01
4.913068818548362771e+01
8.236425649269631322e+01
3.881873624721236208e-04
1.966981661824879524e+01
2.859271594979137632e+01
1.029461127297268597e+01
2.047492316642770760e+01
1.074226271349310702e+00
4.518126684055116193e+00
5.253468298049347140e+01
1.752131683766947390e+00
7.882999077202199403e-03
3.247429786820273279e+00
1.485411234784853107e+01
5.582092302328560685e+00
1.329546695864247852e+01
8.171589066934068057e+00
2.396307459702346776e+01
2.498807655994097843e+01
9.238841932344918462e+00
1.524705153691465087e+00
2.193308177618868982e+00
1.311349382698240085e+00
2.142822049600714251e+02
1.614735839752203219e+02
1.996338906262458579e+00
1.639884778407342536e-01
4.533770617936368375e+00
2.431412851793345098e+01
2.963844580504822943e+02
9.860904889438995014e+00
1.328065978041988515e+01
8.854826792132538152e-272
1.557030597193591603e-01
1.256797503303802443e+01
2.374633522845875089e-01
1.245502470515726268e+00
9.485290641415895507e-01
1.715942340525000481e-05
7.692031092341951037e+00
1.956441733740011202e+01
2.718999179505830099e+01
5.238965173594595903e+00
1.808851531385573708e+01
7.126039416425396580e-03
7.188781565405053975e+00
2.858947757889801977e+01
2.517780585241695235e+01
1.491994233764787570e+00
1.661483763102392965e-03
1.328890936097058706e+01
9.017011614638295924e+00
1.476266830395157825e+01
1.116311459843236376e-01
5.249063780269707102e+00
5.170276653940401701e+00
2.722604130591924854e+00
3.277553247051498975e+00
1.143204701735897943e+00
1.751985308026100796e+01
7.299401671043724560e-02
4.423403988866642794e-02
5.390286992010475675e-01
2.085457475969429986e+00
5.485297135695471615e-01
1.497173959148644862e+01
7.220732622865229518e-28
4.943361573565815625e+00
2.207594264607223806e+02
5.776084580973909510e+01
2.752445234036058608e+01
1.094230781591147470e-07
2.001921420815210340e+01
9.611883367862176897e+00
4.647036159732055438e+01
8.953866458139682349e-02
3.553799045499042020e-01
3.573474917047832211e-02
3.147667899323803198e+01
7.372530814077579819e+00
1.149804407646933413e+01
1.611615878181222783e+01
3.164872922775495923e+01
3.954201484043977644e+01
4.130261772509562057e+00
1.664950557512065998e+01
2.897790583342402915e+00
1.316855664676505100e+01
1.639739104028923578e+01
1.922809545652235386e+01
6.879820182365573022e-02
1.486849967040243525e+00
3.341391072135073159e+01
1.212823488038446698e+02
3.848772830768058384e+01
1.102121392876051509e+01
1.112734923032402179e+01
1.919775950440675283e+00
3.801416254613794621e+01
1.083527817999723055e+02
1.514089068734819854e+01
5.292272049058432515e+01
3.935970066947787060e-01
2.233458936242655568e+00
0.000000000000000000e+00
6.566124456458890535e+00
5.588455664346219010e+01
3.711125959634067328e+01
2.052760564270027288e+01
1.189897769048992160e+01
2.419940900873191651e+02
4.378331364500543721e+00
1.569022604998306214e+01
2.524028343512084252e-06
3.365331957993661881e-03
2.531299528505483176e-03
4.490648080474703541e+00
9.776365703405236474e+00
5.972606378824804807e+01
8.351762105285382631e+01
3.128223279395574252e+01
1.531195724537971898e+02
2.565035882732297878e+00
6.820025999040692000e+01
6.689230111268400947e+01
1.529796370669967542e+00
1.874863299145938456e+01
8.933594020400660085e+00
3.481841472076126784e-69
2.290774831702627745e-01
1.710662631868390093e+01
4.072420698658406835e+00
2.339486834735526344e+01
7.961368855533788924e+00
1.101364761794836333e+01
2.161183758606674488e+01
2.914787366157585424e+01
4.647862109579482315e+00
1.514466665251905297e+01
2.324526400959910788e+01
1.047466844394245840e+02
3.605793395893103082e+01
9.561155802187045083e+01
2.494301404638654773e+01
4.636551302186739387e-01
1.528325625499213247e+00
5.881861641357959414e+00
1.506002486600541346e+01
7.348720552971041542e+00
1.712625229974875296e+01
2.046881644970513037e+01
2.884166865831816029e+00
7.282956312049075009e+00
4.671394647701543335e+00
1.054608325386707151e+02
2.696473195599911055e+00
2.382457309385071937e+02
1.439904994454248310e+01
3.004213274383940657e+01
3.951704136426524627e+01
3.667299047504747889e-01
3.030185873344113823e+00
2.093254156351304118e+01
4.275442457622423120e+01
1.310486503501591393e+01
4.073384229041381843e+01
2.947751790925726922e+01
1.210051904376319598e+01
2.144568780426495280e+01
1.917407891477257635e+02
5.147305487765350307e+01
9.532179434888493574e+01
1.448997928001610447e+01
1.385731694992361618e+01
3.652247234207774795e+01
1.394499975803385361e+01
5.196892249426385035e+01
1.234165580082637170e+01
2.235345237904622806e+01
3.798344760085592853e+00
4.870431188798410638e+00
4.986229465753920564e+00
5.684674181593097231e+00
1.589252648271385571e+00
1.231648914251896265e+01
0.000000000000000000e+00
3.367267053349877340e-31
1.787195769241342870e-44
5.689472987931494252e-01
7.468487982180143092e+00
2.560057069397065561e+02
1.690957117508055552e+00
1.953809998009679916e+01
9.136164487410352100e-03
8.966906380452910241e+01
8.868275762327987977e+00
2.418797084321225555e+01
6.385945157780342996e+00
3.899673290402231629e+01
1.307239100069366611e+00
3.454368133340834390e+01
7.266217219687522544e+00
8.440216547065578112e+00
1.227315778559260329e+00
3.051491089312626137e+00
1.129736899570150399e+01
7.292473939437205388e+01
9.195072550279203005e-01
1.409902318834194368e+01
1.292221221729369596e+01
6.552143665917059323e+00
6.051122672939207803e+01
4.669737150551961591e+00
2.915969961791115139e+01
5.432040417807073140e+01
2.288023375749217507e+02
0.000000000000000000e+00
2.029206507176015966e-08
4.113066646363159329e+00
1.943392190333038627e+01
7.577073835361006204e-02
1.254364512930760567e+00
7.062552859930844029e+00
3.124801450923633036e-03
2.968209202476275675e-154
2.083589807535181358e-35
1.620980073250330777e+00
4.956084577065454688e+00
0.000000000000000000e+00
0.000000000000000000e+00
3.768067473504261415e-97
7.638108937244419787e-60
7.807421693397860463e-02
2.595455514208214242e-91
0.000000000000000000e+00
6.463833725657235618e+01
7.468335724692110665e-155
2.050074710302029857e+01
6.430413569933166684e+01
2.322861826860657786e+01
1.389606610658926833e+01
4.988114375438524917e+02
5.529604089297457392e+01
1.198755526033487513e+02
4.386529156801146456e+01
3.534344066396686657e+01
2.392415156318260472e+01
1.908358377751445190e+01
2.924430287727817301e+01
5.039110765755459909e+00
4.146697865449750253e+01
1.117116205144156993e+00
7.024988615256904723e+01
4.899990243539578572e+00
3.214087854856272353e-01
1.680481923869283278e+01
2.017547677725958266e+01
2.939367582219863380e+02
1.288580355686383072e+01
1.929420527203549204e-04
8.456517360059555444e-07
8.438374993118523681e-01
2.089718709387226259e+00
7.467812708310496816e+01
6.485612727574562086e+01
1.375904891746354333e-07
2.679081731359960723e-138
0.000000000000000000e+00
1.259522039013674970e+02
2.832206832281048701e-77
3.330503109164555942e-01
0.000000000000000000e+00
5.597057856238107476e+00
3.227765343004318055e+00
3.294171019789096100e+00
2.672282295747943515e+00
4.836867293801140555e+00
3.684554702900173057e-05
5.053041091663840412e+00
1.113548325042603615e+01
1.986836908654205855e-02
4.478731432258198808e+00
6.890676395697034273e+00
2.857429787120240761e+00
9.091051586928729833e+00
9.678797684707973303e+01
6.014186774369890465e+00
7.145783429854424185e+01
2.706714153164900605e+00
3.224828571466998284e+01
2.619294588982100436e+01
5.307156588834464728e+00
8.109556118409555481e+00
3.692006531302521682e-04
5.090176020731433937e+00
5.517835033956653312e+00
2.242811882478205204e-02
7.141860573384986033e+00
1.879015145276984455e+01
1.006729301579437186e+00
3.343261054873827476e+01
7.372157409091931513e+00
1.412912521844325120e+01
4.284139981175383127e+01
2.224733749177592590e-01
3.064356680733737193e+01
9.736373903149905473e+00
4.470917355407237892e+00
4.582649729433863683e+01
2.626713209566712504e+00
4.010140485576960678e+00
1.688826327272584749e+01
8.849290302294141952e+01
8.527729865572272416e+00
5.521101181687237514e+00
4.803203020385506811e-02
4.551112815982915061e-01
5.438123640766321820e+00
1.726361045871525945e+01
1.559511316496473704e-02
3.186049847594884188e+00
1.433918227929699896e+01
1.358242618041651895e+01
5.255710163335037066e+01
1.844180876806020208e+01
1.217786687461505091e+00
2.121912531657828183e+01
2.086661842814107501e+02
1.577122878296650583e+02
2.384963389476777138e+02
7.100418953410002132e+01
7.183042729269361907e-40
7.145081487382502188e-63
3.084739552074509158e-67
1.364313045257337933e+02
1.202120817696666251e+02
1.764207635692623966e-06
1.444924101026210522e-02
1.337651538204788970e+01
5.541923495868041755e-04
3.119347385099750781e-275
1.220746729912288093e-04
0.000000000000000000e+00
9.185913930338676300e-03
5.086658701596728349e+01
6.548319948797549728e+01
3.367103707810122556e-06
0.000000000000000000e+00
0.000000000000000000e+00
1.964714979285704288e+01
3.583442071102103943e-02
6.997331709701282909e-46
3.498001828016298731e+01
0.000000000000000000e+00
5.284571261388693143e-237
1.037806745548868470e+01
3.769742457569383480e-100
1.505498836460121678e-04
4.911308051770524705e-18
7.159537639432761002e-09
1.654687314153709387e-63
2.011474840567937239e+00
9.511084548784973225e-02
1.881825810629459423e-17
5.077710972956551994e-02
9.072957763465695769e-02
6.926524921700624304e+01
9.550084639868140712e+00
2.151005150448206837e+00
7.208514058158071336e+00
2.832006856013705232e+01
9.485872667977049985e-04
5.400952719538927919e-21
3.867676596364053410e+01
4.133738590810901314e+01
3.347260490379844100e+01
4.867603994104775623e-39
2.995135028611587993e-233
2.994676128027618471e-05
6.096486786052183683e-12
5.688726141835752648e-01
4.153105863666827407e-05
2.606960746107738619e-02
9.774418100688402489e-04
7.771647675280492218e-02
9.525873444398560002e-117
2.126961519946792195e-31
1.447278312012440504e-01
5.346337696935922698e-24
1.846682978229097292e-65
4.301706147738222706e-232
0.000000000000000000e+00
4.940656458412465442e-324
3.306657596027071295e-05
6.506161894025037029e-101
1.482563403381772859e-65
5.183059201383816150e-02
0.000000000000000000e+00
5.552185489434985913e-184
0.000000000000000000e+00
2.124925199069137658e-125
1.704185129941326338e+01
8.991968418814403341e-01
1.618894940418802789e-02
9.629072951168002816e-195
6.547477963699469683e+01
1.401805353057845771e+01
2.508089912936175558e-01
0.000000000000000000e+00
1.399530006005364774e-10
6.403833423219473471e-195
6.640368704119215693e+01
1.140439507197552160e+01
8.932231507835272311e+00
1.815197142531487018e-192
9.120427819264973834e+01
6.847595967454711552e-03
2.900550887956894128e-02
1.923454182357601665e-11
1.596248251866406453e-01
1.079715785166206754e-01
4.380041422129269613e+00
4.726080908194839023e-48
3.296668829452266548e-09
8.479129061315009668e-57
2.567786148799797595e-19
4.116137451045859913e-42
2.826089656194851938e-21
2.922569953949178558e-13
6.716508957649068395e-13
5.938728703582135893e+00
3.625018188420631171e-02
1.709086834265473254e+00
9.084330760842723507e+00
3.186245455067749884e-18
6.267441386495483369e-36
2.261343051699725166e-114
0.000000000000000000e+00
6.953816504663345999e-01
5.770154350049844538e+01
4.380223849729196672e+02
5.533325177689405194e+01
0.000000000000000000e+00
1.451116224944983529e-20
7.010582422386083579e+01
7.529341822393458870e+02
3.001262322376161862e+01
2.038943513203537705e+01
3.254352774048244612e+01
2.669725596672914847e+01
1.448139866801675701e+01
3.643227595299739274e+00
5.329815788193779590e-17
1.448810641934769272e+01
2.059054478526725518e+02
1.915706602586181011e-05
0.000000000000000000e+00
3.719045187348530362e+03
1.036666372744997735e-03
7.663524627065797290e+01
1.076170991619267348e+01
2.817652237613390298e+02
1.187455991464016769e+01
6.667745994979881630e+01
5.972570858195856568e-86
9.389120180733395671e+01
3.067624381258625021e+02
9.888118685904011329e+01
2.537321947870807293e+01
2.459158322678764463e+01
3.271763206820256897e+01
1.164773412828842680e+01
2.004202276387389570e-01
1.849891854948293357e+01
5.559191554929059119e-07
3.411538292550852502e-01
1.638679951237525501e+01
7.790940298012485887e-03
7.170847400081506711e-04
2.485090908742779803e+01
5.112301305703363220e-21
5.685158159332369365e+01
1.335785922212118294e+03
1.391001799557622931e+00
2.821053962064045198e-03
1.803202796147541291e-04
1.065584126367902237e-38
4.428692529984122233e-56
1.555827382805497265e-106
8.648068606399326660e-03
2.969434661950091203e-33
1.243009978184229786e-01
3.306918597021344312e-11
4.666902764826113548e-01
1.967583379865481160e-43
0.000000000000000000e+00
4.011544809777829561e-03
1.138601728457332385e+01
2.046170648200711639e+01
5.563789829194317161e-50
2.630482859738855154e-04
9.606006104380670152e+00
1.905583524683135188e+00
2.610210350876885599e+01
0.000000000000000000e+00
3.306207391759307523e-69
1.049278031592966575e-171
1.424483877722265142e-06
7.282898428938474389e+00
5.637705780249700815e+00
2.482588889733788307e+01
4.359675360727499083e+02
5.143005162131675811e-22
2.645259458656206064e+01
0.000000000000000000e+00
0.000000000000000000e+00
3.520269477894108921e-30
3.524987793380988031e-13
1.357120102869029664e-263
0.000000000000000000e+00
0.000000000000000000e+00
0.000000000000000000e+00
0.000000000000000000e+00
7.323720604162378318e-48
3.488943678649207122e-172
0.000000000000000000e+00
1.295851172228812053e-300
6.555563471231748348e-26
1.172458523004931122e-211
1.351849874130467985e-130
6.221322343108565828e-02
5.799049713861456290e+00
2.124869652810871970e-04
7.721160978806005345e-98
7.573544336967164076e-152
1.774924724547697407e-263
3.558237772542417972e-205
9.447621972335404905e+00
1.991325725227712553e+02
2.033101102033740523e-161
9.008143064261881099e-35
5.725935635264435427e-149
1.707886154056339123e+01
5.414716259556051394e-11
7.357871709123912731e-96
8.264910358772064569e+01
4.383748741953314440e-309
2.413946915989260570e-41
3.592433167584787527e-132
2.291389303590758431e-01
3.505912749079327672e-04
2.808143578466306423e+01
8.646475722493726774e-08
6.445043256144662724e-02
0.000000000000000000e+00
0.000000000000000000e+00
8.080184093587832371e-27
5.632851162675643083e-71
1.219711322029607992e+01
5.203874459802086864e-72
3.349826563708196199e-75
5.095828243613579361e-11
7.013294911908722895e+00
1.260180937794569218e+03
0.000000000000000000e+00
0.000000000000000000e+00
0.000000000000000000e+00
4.492108083165355449e-305
0.000000000000000000e+00
0.000000000000000000e+00
9.037124558711789437e-65
0.000000000000000000e+00
0.000000000000000000e+00
0.000000000000000000e+00
0.000000000000000000e+00
0.000000000000000000e+00
0.000000000000000000e+00
7.868128293816717308e-35
5.558133960442388469e-165
0.000000000000000000e+00
0.000000000000000000e+00
0.000000000000000000e+00
3.918442850881887462e-194
6.617289563990073538e-49
1.560157889551133828e-19
1.610031573019235820e-212
2.889531242468426149e-16
2.300107448276665374e-03
6.767430548522922757e-58
4.707678447865832065e-64
1.412221586859663520e-101
5.197684064439173416e-154
0.000000000000000000e+00
7.994772025771965475e-45
0.000000000000000000e+00
7.198098616079827491e-176
0.000000000000000000e+00
3.436266997737597974e-17
1.888976655012372419e+01
4.125901038312326102e-02
1.058148315519355620e+01
1.399996186818923450e-64
0.000000000000000000e+00
0.000000000000000000e+00
6.205354637864142238e-83
6.442016295204411244e-13
0.000000000000000000e+00
3.119636010442428287e+01
9.343595076722388977e-129
7.002653818460807984e-03
3.994792018370649234e-03
0.000000000000000000e+00
0.000000000000000000e+00
1.748102400774968146e+01
1.015635738395671266e-37
4.227022336009442910e-03
7.380165190908634080e-48
3.014545697641911204e+01
1.202885090122109233e-119
1.395013961869509518e-112
9.070884363077527895e-192
0.000000000000000000e+00
0.000000000000000000e+00
1.288679591580264982e-252
0.000000000000000000e+00
0.000000000000000000e+00
1.337978713064690805e-39
2.081366609157021111e-21
8.963972096093858924e-264
0.000000000000000000e+00
0.000000000000000000e+00
0.000000000000000000e+00
1.014513849199354231e-250
0.000000000000000000e+00
0.000000000000000000e+00
8.533274366215908612e-195
0.000000000000000000e+00
2.845281148153272019e-179
0.000000000000000000e+00
4.553894076249699894e-24
2.031090504027404351e-188
9.422960189694383381e-265
2.244982441885776347e-89
1.248355941599211150e+02
4.338219663328714520e-55
3.698539285142581178e-73
0.000000000000000000e+00
0.000000000000000000e+00
0.000000000000000000e+00
5.974527568507303954e-127
2.237508613214962318e-285
1.097982474532842538e-171
9.017371703039120143e-43
1.401807698856540298e+02
3.868739742258346899e-10
1.684930179563528441e+02
1.251406179678385513e+02
2.247361092694356854e-02
0.000000000000000000e+00
1.281193235383751118e-07
3.805333554193610527e-102
1.844092799175216214e+03
0.000000000000000000e+00
0.000000000000000000e+00
2.282585867823137773e-06
2.870281470187414471e-123
8.245164547705859234e-201
2.986832420711394669e-279
1.182909802034409553e-41
0.000000000000000000e+00
5.709652341746325787e-97
0.000000000000000000e+00
5.131762161602096306e+00
0.000000000000000000e+00
2.608772437215496454e-141
1.336865030612268052e-73
5.562450895437344649e-56
0.000000000000000000e+00
6.166020970403736438e-55
2.373523166831129317e-187
5.791678167847912338e-51
1.985785873884056804e-284
0.000000000000000000e+00
8.224750712194230912e-252
8.818083195339027809e-36
3.862857284757050300e-05
5.400097486591621024e-51
6.935213327812188133e+00
4.139626615327021972e-07
2.509516191187909939e+01
1.991309721247133275e-54
0.000000000000000000e+00
5.744291124030154183e-01
2.362292145314130929e-84
1.180283179545053296e-01
8.245110125071607740e-04
2.873870606784847194e-242
0.000000000000000000e+00
5.449532471644324083e+00
1.814206565419764229e-12
0.000000000000000000e+00
1.924408695614128195e-222
1.249700775814435291e-29
7.374129379622855289e-54
0.000000000000000000e+00
2.584801763256450194e-81
1.062044175965100939e-180
1.593382621707492820e-101
4.089537777697350052e+00
1.471426634949574092e-66
4.935487943931554594e-17
2.730553880263694512e-100
9.820777949198852130e-200
4.500241901833058833e+00
5.449486125022317658e-111
2.332247492047337736e-03
3.805160317991341693e-80
1.830668787854742815e-24
1.793940715973214332e-107
5.638484339915425636e+00
8.346694831280485616e+00
2.968316929059218270e-12
0.000000000000000000e+00
4.097908731085433964e-02
7.781572469626397304e-79
4.267550608268147652e-07
1.446600302141855187e-30
4.058020808761460232e-33
2.406901071113459185e-61
3.611039438166273794e-50
2.186225621991418723e-181
4.048656722473662484e+01
6.668547842226914209e-19
1.659808443053452767e-13
9.545673527001238279e-01
1.348945025767001660e+01
3.668193202169523729e-05
1.767360317900384371e-12
1.230741639979837885e+02
5.240656430477187087e+02
2.273326807489389084e-89
1.594512312969806152e-32
0.000000000000000000e+00
3.688286621907586936e-140
2.487034469151767095e-41
3.563489731875484388e-225
2.806564243739373251e-18
5.095821107193900239e-07
1.666178373630109849e-11
3.667825293869419801e-12
2.315533700991745251e-73
5.445373821480960478e-28
1.342171686967849103e-07
6.728779030028506428e-03
8.113333661375745414e-26
1.548702866001489542e-01
1.641276029443846730e-94
8.191037536753425741e+01
0.000000000000000000e+00
1.100998006519266920e-116
0.000000000000000000e+00
3.002090094218721251e-16
2.226209966969225214e-57
2.278502023007201505e+00
2.713322430414428707e-02
1.602823691080283300e-18
7.462266623853055503e-01
2.266075977334480046e-03
3.280902323397070795e-07
2.210420253595795214e-08
1.829862402555292727e-02
7.267496031289073244e+01
8.143581005014186758e+01
2.023832505819464778e-01
2.287577259312365925e+02
1.806827667670830584e-01
8.166487739272183521e-01
2.734704899956525423e+02
1.340116975713051239e+01
3.385145968707162556e+00
1.315392148592897925e+01
2.546776483533295554e+00
1.145823129640233472e-12
9.865314609844199722e+00
6.739153085326865851e-12
9.306727813243834133e-28
7.352452279959496585e-143
1.350992061580437657e-47
2.806043824296684681e-34
1.662802096523750273e-01
0.000000000000000000e+00
1.076331783166238409e+01
1.927405524691413521e-158
0.000000000000000000e+00
6.161763814128989278e-23
4.029823842767007863e-23
5.966650958640119424e-50
1.149920071863404808e-63
1.482201660446954119e-62
0.000000000000000000e+00
0.000000000000000000e+00
2.344745033208052256e-05
4.911900766334117053e-08
1.795510966737914033e-23
7.293028004886731782e-180
3.258945304830391839e-16
1.329775453671447055e-59
1.259748530212960986e+03
2.455373930014707884e-02
2.919211174134880186e-08
5.651351601831103490e-12
3.692471935423357736e-05
4.270262889501055525e+01
8.963072556625222376e+01
2.869646436272499379e-01
9.099352093593390028e-06
7.558880403837365236e+01
2.067350595942845162e-02
5.971245167129623684e-25
3.242013981936475231e-36
8.301144581131993938e-01
2.299127331097661653e+01
8.753223925841008645e-11
4.197279527911150221e-01
2.662342451848525826e+01
4.513183541994600904e-05
3.440889571304158068e+01
5.452164428961881016e-37
7.029957535264699490e-95
0.000000000000000000e+00
0.000000000000000000e+00
5.232098757182593651e+00
3.836421160706373179e+00
2.278388966948274685e+02
2.377108278911359458e-03
1.715045585221545458e-06
3.386345538839477598e+01
3.327982073523778374e-03
4.872821941123615375e+02
1.791617073050848991e-18
2.946106552801410317e+02
5.760499258455371993e-04
1.528323895294898055e-19
1.559037997261362989e+02
4.292849833551242278e-09
7.617200061233071934e-70
1.227470959978103774e-03
1.947801564332631908e-113
4.095405810712745426e-02
1.873264879657809745e+00
4.861187617830029376e-10
9.464306157803821506e-02
1.414207193120412676e+01
3.294956568386642494e-24
6.538193554907725108e-03
2.805717214494184956e-10
2.981370363364599126e-08
4.404845078766075517e+01
1.376270516039459402e+01
1.105453315003397208e+01
6.214015892841428190e+00
3.850744889494221113e+00
2.052305009121547195e-03
3.773076982555806147e+00
1.773871593372969790e-05
2.661130976311874008e-01
7.577864035447713642e-02
1.461027415966288601e+01
2.615484110258476935e+00
2.556239144135070251e+00
4.025557851110885821e-01
1.603780704699604698e+01
5.937872386786213319e+00
4.248100575452638417e+00
3.987005705115197474e-01
2.781608975850765296e-04
3.883530517898356565e-34
1.648683339044396925e-14
1.644258499904569237e-01
1.000196924408307958e-02
7.106442634015621707e-01
3.458438430315570744e-01
1.069184161392407475e+02
1.538053929314486465e-02
6.123643857796269874e-38
6.408894681386323455e-02
2.285220337945030877e-01
1.403374576187288003e+00
9.096671669661542169e-05
1.109879507276160110e-01
1.775502346363794004e+01
4.992047595636605467e-02
2.215230306534571314e-01
2.055378018610280222e+01
3.603171879828429708e-02
6.834935571897113871e-01
2.962591036674840778e-02
7.942891644635880155e+00
3.275263083846301475e-03
2.493165766553427787e+01
7.929858239327408631e-01
3.784214417459271118e+00
7.706443873744916573e+01
1.194973038517063557e+01
1.802145215245463561e+00
1.748199601646116363e+01
5.530205369801765691e+00
2.554408919433048264e-01
7.661037290175337411e+00
2.540114735069508300e-02
1.465222592238559152e+01
4.451931299745943704e+00
2.268158414842680770e+00
9.785901083432349878e+00
1.150390403564733599e-01
1.297823640394461009e+01
6.329748929026870918e+00
1.349678079715273643e-09
2.526311280232570413e-133
7.905810262425328036e-05
2.199434842215352237e+00
6.106355802781690187e-05
1.863199223646492264e+00
3.672146951244731383e+01
8.952070114965966774e-02
9.404472219378045498e-05
1.100508646727586919e-69
1.024012405085792114e-193
2.000650058847115026e-02
0.000000000000000000e+00
2.306311990364156384e-09
5.476144163517365199e-33
7.713024358308410083e-111
4.366108192646846647e-16
3.713292526700286614e-45
1.456868317585697796e-41
8.000537425020696853e-151
7.505919057696883950e-71
4.501301148736149003e+02
1.471605506716457288e-142
1.062650165133208467e-196
1.051309838800163606e-31
3.680491232797280213e-24
7.519075716608824678e+00
1.168168475268990278e+03
1.601673010844329664e-56
1.156783740976702621e-145
9.008593514423929305e-02
2.520021358447715667e-12
2.469544149869542338e+01
4.945998067997068242e-11
0.000000000000000000e+00
0.000000000000000000e+00
6.880522937472534524e-03
0.000000000000000000e+00
2.195572604801846268e-77
1.509101152777604089e-78
4.584281201468446650e-209
3.394544729238389142e-49
1.034027633903825993e+01
8.412587454420664531e-27
0.000000000000000000e+00
2.316333292861347053e-04
1.236900362022053734e+01
1.303802330118402431e+01
4.732875355637605356e-60
2.048239954260517735e-50
1.342938831154548315e-99
4.282440101835127328e-15
8.902472559852274969e+01
4.793751335839538321e-06
2.522201409646544157e+00
1.648516479238591792e+00
3.178753576360373364e-03
7.122778383486232101e-02
1.072151294790934656e-01
6.489628609648951496e+00
6.168223694315436489e+01
3.605690418666501529e+01
4.057271837735511610e+01
1.738720685756732109e+03
4.904573682701229700e+02
3.935999117380714551e+01
8.685198475791933603e+00
2.792676041456602221e+01
1.132072830764378540e-03
8.605288608909319237e+00
6.769255256529916664e+00
5.661755821439238723e+00
6.625910763871557529e-01
3.345228140836408404e+00
9.532782814930902404e+00
7.699455299940421327e+00
6.753857191873647636e+00
4.084822003262907628e-04
9.175068052535605441e-69
1.819020044415119121e-03
5.836749923521347580e-35
3.612992188112154959e-04
4.628565793997761091e+01
5.891586698308095293e+01
4.023713304258190633e-03
5.285352037990672613e+01
2.858643650460682295e+01
8.460665475083385401e-01
1.100078208560325876e+01
1.023385496024176433e+01
1.041165268801246384e+02
1.992039661076104551e+02
1.878154757324112722e+02
1.094986799063419198e+02
6.175414214078175945e+01
2.121913447502371852e+01
1.067196821148992843e-03
2.129237972547598190e+01
1.742325725397732583e+02
2.820965375164867783e+00
9.081255889452504171e-01
6.235352227631568489e+00
3.706768491228854856e+01
1.011861842154376107e-01
2.901512519546932690e-29
2.620157382292010479e-175
3.410072772324473088e-10
3.838812338641779240e-10
2.450972036069464736e-03
2.424991057084704664e+02
1.647146450303612397e+00
3.134082810236700279e-06
4.703894578690524896e-08
3.764602054274985904e-05
4.305231543342118335e-03
1.975148464221453126e-01
1.296467450724029779e-10
1.481967513116206225e+00
2.938268149342131608e+01
3.313776070711743671e+01
5.446026295895228971e-03
0.000000000000000000e+00
1.287606378831800923e-171
2.075425871688568918e-22
5.584517255820926388e-138
4.500649623458892745e-01
1.336803314945653653e+01
5.289315953732582329e+02
2.098743099246634616e-14
3.941168440074386270e-01
1.880001329460894181e-03
7.821994596491736085e-12
1.670203274436208218e+01
1.771779161190398864e-10
3.883955081682021415e+00
2.464721574459464293e+01
2.014767003988666635e-02
3.048480110126290504e-22
1.014209702017628167e+01
7.377585451233966296e+01
9.867837867281988196e+00
9.262581245117635262e+02
6.131070691775128978e+00
2.927777767610793185e-04
1.873377401015537580e-04
1.124738570962044991e-42
2.604714186943715128e-66
1.950735509700355808e+00
6.554068854413230838e+01
1.164914188301536591e+00
1.171498311540005766e+01
1.571951357959528295e+01
2.053178852124042386e+00
4.164957603855339130e+01
8.886232846795213192e+00
1.000879785418617440e-01
4.139099653997153183e+00
8.153503223160284185e-05
1.467078178988665726e+01
1.056657926335006770e-01
2.587241700097191099e+01
6.503882556838799012e+00
1.264067016666819931e+01
1.961937192426688270e+01
6.515080366313412403e-40
5.702064239290837833e+00
4.311468678097775786e+00
6.519276618906996168e-01
3.671327387009150640e-07
6.113465962103705603e-02
1.856908010285760113e+01
1.508184308521112770e-05
9.596130572658403413e-01
4.732502905027443418e+00
1.189768895148033501e+01
1.084705454018921422e+01
1.078336210915036052e-10
1.103129127015688882e+00
6.669530325138890881e+00
0.000000000000000000e+00
1.221056326010022630e+01
5.778311819246448877e+00
2.053380459988335183e+00
4.691080841532750678e-02
4.606874328723555578e+01
8.196371068478125466e-02
3.359298712166263634e+00
2.107919732682144343e+01
3.861671082226405982e+00
2.178496850913617777e+01
2.056164095042490203e+00
1.709691537973665376e+01
1.010591544639004269e+02
6.432616702113772078e+01
1.519971966797279208e+02
6.819706630176320061e+01
4.170521660005833020e+00
4.507727888940949867e+01
8.415594569067151198e+00
4.935525216436430496e-01
4.518976634860518260e+01
1.468673927575456339e+00
8.505594645411131971e-01
1.246806392253092355e+01
1.477980881631022214e+02
3.923908978831135528e+02
2.111822037827635370e+02
9.090730621644603104e+00
1.361704306428862665e+01
7.207321096047670572e+00
4.388395228339797427e+01
5.687044746406972706e+01
5.627580574401064517e+00
2.117328071542803514e+01
1.410504867318081494e+02
9.347562680769916810e+00
5.076247370119348545e+01
1.166303228340096041e+02
5.646985369339066096e+01
1.914815580559346841e+01
2.092794808485330549e+01
4.830215611491509264e+01
2.651903606590449414e+01
1.225982546482087656e+02
4.619423247044880299e+01
2.324479090766994049e-01
3.757007630675578724e+01
1.216381748898120776e+02
3.115104320837331784e+02
1.563837367481592011e+01
1.117603625408632126e+02
3.848366898522584165e+02
1.247257420218874415e+02
4.186850853598303956e+02
1.283809390407963313e+01
1.173876058061860590e+02
1.660900396793285948e-26
7.486533191463080072e+01
9.186114431741192021e+00
2.802443508539741046e+01
3.190124210812052752e+02
3.466290657177879098e+01
6.731742626524174966e+01
1.334576522170558235e+02
1.441363818612887981e-01
4.170806100244452974e-01
4.065636717779782389e-02
5.596679460560918784e+01
3.319756299854718407e+01
7.151353310611703595e-02
1.129931482211879867e+01
5.016155611846503604e+01
5.049587026734108974e+01
6.497444352252831834e+01
5.156247008749920724e+01
3.683855807043606490e+01
4.088614722799234613e+01
2.127921409087080349e+02
3.902424702965885217e+01
5.591418326211528624e-07
4.412141866692506891e-05
1.514615657596999938e+02
2.533448304873070001e+01
2.260381402631467651e+01
2.401475404907881170e+02
7.252641732534897301e+00
2.221546269331230761e+01
6.587828081484344978e+01
2.299018438080032212e+01
1.994185213043367000e+01
5.797017203754488435e+01
2.980666313908481868e+01
1.724275774629780500e+01
3.972434229072924694e+01
2.468835821870946903e-04
6.103597850308443817e+00
2.657691958551867373e+01
6.930477432981820129e+01
1.354692725724668456e+01
2.017876725277415773e+01
4.481828034558029117e+01
1.612051089925611436e+01
1.567026464538147401e+01
1.291762098969517325e+01
3.811141075442191095e+01
2.070514571406497595e+01
2.124619218099110185e+01
2.922099027051218201e+01
3.816862437230160943e+00
5.268242555741792480e-08
7.719475109313351721e-03
3.481474891880817490e-01
1.270396878710792210e-01
7.354159997751006372e+00
2.066917353020920167e+00
1.220273343754292930e-02
1.242609156504731693e+00
6.568208309144877299e-01
4.386120598694132156e+01
4.035148870096873396e-10
2.742806029079774555e-01
5.237359840806024458e+00
6.218144643879315225e+01
2.715099749805032978e-02
9.570537723509652039e+01
4.075458455098658561e+01
6.112272973901287543e+00
1.892024180375055096e+02
1.337228849621690419e+00
1.259769473034312526e+00
4.151024780161298167e-01
7.945542824606389054e+00
1.626397319016831489e+02
1.017061299094739070e+03
5.154780018363026248e-14
9.213704652089228730e+00
4.256039444515628721e-31
1.073609593901884723e-24
1.705359154753093742e+00
1.006150741229009959e+01
1.859009396147204143e+02
4.906006964246309151e-24
1.008878097777070194e-06
1.229161519867563592e-11
5.967886872501382811e+01
3.029377111580341975e+01
1.457497863634199753e+01
3.599055702635872223e+01
2.828936413675350536e+00
1.612925552036191590e+01
1.797561933171936488e+01
1.646733244035079480e+01
6.223918743750126659e+00
1.929095735435122805e+01
1.759350920586949307e+00
5.962149590933584875e+00
4.414486124554503732e+00
1.220425002223906006e+02
6.042800263782360126e+00
1.744903688021270938e+00
1.300323481052695074e-01
1.386429507965229790e+00
2.368239822315307919e+01
1.411276259208732711e+02
1.954762039775082627e+01
2.874016840042540366e+01
4.733406131535301320e+00
1.626620645504370444e+01
1.611932983522640361e+00
1.262629160557696650e+01
1.478516388616761112e+01
5.315810868361933034e-02
2.954178554671191836e-01
7.334174643389604675e+00
5.583810732200395144e+00
8.964925862204971452e+00
1.879632637291606301e+01
1.206110422743936716e+01
1.199160732569603027e+01
2.637163251995508517e+01
1.949640808917984813e+01
1.835584712529693263e+01
2.336473469718947538e+00
3.623938920092911076e+00
4.091540182288255778e+01
1.364959214959647893e-01
1.001305919660385157e+01
9.811134119853724300e+00
2.011137312412206057e+00
1.699957775326611797e-01
4.504689658431925636e+01
5.036089435640265233e-01
1.148332714440347457e+00
2.241111994288815801e+00
2.058660191050600829e+01
1.395897068847354028e+01
1.351055717712939241e+01
6.798100207183364496e+00
9.647433544297763319e+01
2.306519985137766326e+01
4.305340955802703462e+01
2.488773476727166667e+01
4.333762396264756944e+01
2.034190304214704697e-76
1.921892415409807375e+00
7.182845154971997204e+01
3.890679840763844823e+03
2.510430807476149653e+02
2.252160544885332179e-03
1.384844317021794211e+02
1.098394852438944636e+00
8.045898632795792649e-01
3.752025382668647069e+01
5.759219356282399560e-02
0.000000000000000000e+00
2.390851368597090488e-49
3.918215887081869937e+02
7.984173753119288276e-202
1.154560565972784152e-72
1.494230248588786055e-07
7.866854872442492810e-238
1.279073490063741785e-21
4.816645517528437517e-25
1.417143960603897256e-03
7.340719805823074244e-25
6.201084861521129980e-04
7.790255841734664011e-03
4.040795738014094952e-03
2.379834112344885177e+00
5.290482208572363371e-03
3.179659210018570104e+00
2.504246125065208162e-01
5.910845990663774613e-02
2.353891294869783768e-01
7.784851388257602034e-01
1.412911468432078309e-32
2.900976514569378040e+01
5.204894767283253287e+01
4.129544233478716819e+01
1.477507615549286513e+01
8.471877477833588799e+00
4.421776877235474718e-02
3.339106431251320561e+00
4.090797115591393407e+01
4.823734885190034305e+01
1.668895405563854126e+02
1.962081273297499484e+00
2.526056109019346074e+00
2.922440135812816031e-01
3.314844468876508188e+01
4.039647923923785555e+01
2.483650610433868877e+01
1.678609238324636621e+01
1.852979953434093829e+01
2.323243879416768465e+01
1.223048608497509404e+00
1.289389368423730886e+01
1.082878305042415512e+01
1.331505235660783271e+01
3.036147543712850894e+00
4.965766528410935798e+00
6.655912619340774050e+00
3.712130940153607117e+00
4.001131426752484010e+00
1.464142637017694781e+01
5.154798710826487884e+00
5.952097289657997692e+01
5.125270900205119532e-12
8.160961154260109929e-17
8.971611490409105727e-20
2.379712353981693618e-01
1.642337147251783165e+02
5.024747213980539362e-01
1.757222941469587241e+00
5.329334681207074986e+00
6.974462014869094417e-22
1.137916409998565470e+01
5.024969359906749345e-55
3.846848774457029663e+01
1.030855705050774418e+02
2.288409712237028160e+01
2.526623687567592036e+00
9.099113702645499346e-01
5.418914342156953268e+01
8.721411131021339358e+00
1.359284808285858936e+01
3.363604813065279586e-02
1.533637763662139220e+00
7.514664296127482324e-02
6.244300724962679183e+00
9.991702640350934208e-05
6.503868246517506557e-02
4.041303852640774075e-01
2.019879748414953013e+01
5.339755477073620682e+01
3.660292171331133204e+01
4.686196898854549175e+01
1.175401796587277836e+01
1.181660685199462257e+01
2.528553821323213935e-01
2.479279993959503159e+00
1.678729019301854460e-05
9.929321683467157156e-02
6.085315517736455959e-01
4.074601931407593192e+00
1.225970890223385013e+01
1.018511442896270403e+01
4.722802514932035223e+01
1.280623857084097672e+01
2.409103766519890044e+01
1.694743323890458342e+01
2.153546818885874359e+02
4.694947081128250232e+01
3.941617717958639133e+01
1.715344862797902437e+01
1.797716889730789802e+01
4.764750455182039879e+00
1.150583070291828847e+01
2.893994275094285840e+01
6.614663216495429765e+00
6.109714263425928271e-01
2.704660542795604972e+00
2.546889822196751396e+01
1.017685170302541797e+00
4.941619306092534636e+00
1.121681017773450151e+01
1.669035973057057531e-01
8.042512844610680833e-01
8.580446442186140388e+00
3.263970504811901652e+00
2.280989377184045708e+00
2.806878995013154299e+00
2.402351794859443856e+01
3.881983596439123829e+01
2.943256422297624297e+00
1.318797972421137921e+01
1.089898926635268772e+01
1.467387151958990898e+01
1.615791418191131035e+00
4.433428181488082487e+00
7.744374993281101638e+01
5.252129619171580499e-01
1.580818705579470395e-04
1.643661600664084119e+02
3.100084208529063403e+02
3.390208780944269140e+00
2.851932964773704754e-02
2.596657996258018741e+00
4.931166168003377592e+00
3.862337097614435000e-01
1.276136512480900542e+01
3.332223821216103232e+01
1.079397417614121335e-01
7.037584231885335440e-02
3.393856158613586249e-01
9.731412969786186196e+00
1.805166731593504537e+01
1.428717179688728314e-02
1.199275299727705357e-01
1.894587257084790721e+01
8.781246156506540501e+01
1.507906888515280494e-03
4.758077011656772015e+01
1.939075793109018120e+00
1.851418046277936602e+00
3.326363240433837376e+01
4.330858300338681488e+01
1.329808352587184750e+01
1.113193854073447220e+01
9.776365337563092339e+00
2.576958835118201208e+01
8.833998889126567278e+00
1.660798690015208123e+01
1.442492322634754842e+01
1.320663989721211884e+01
5.070955040070489162e+01
8.767655877469890058e+00
2.544262323716989016e+01
2.852618153505558851e+01
6.702633443242919498e+01
1.409492200102685899e+01
1.464261476545174290e+01
2.041432418559802286e+00
7.925378372591758147e-01
2.084055268213756751e+00
1.944414843678812232e+01
8.342449408546142919e+00
1.323526506348485654e+01
1.001192555974751208e+01
1.177883675844443623e+01
1.759552738821762929e+01
4.773423464360852186e+00
1.989069321693500854e+02
2.162988805480767240e+01
9.088666367866207740e-02
3.075359808125642136e+00
1.110779767396952167e+01
1.520503050365497799e+01
1.294873203845636738e+02
3.573710034225258791e+00
6.821402433603843463e+00
8.226917510712266068e-01
1.318688884252962090e+01
1.221677357894970406e+01
1.691954686855549994e+02
9.464355108343310974e+01
3.250589476031070291e+00
2.373431050196568304e+00
8.066419552124393988e+00
1.644234510210502265e+01
4.017109980171102990e+00
2.947579590369186775e+01
5.547355613406151909e-01
2.492904860109847187e-02
3.859280004155997701e-01
2.705561843647615664e-301
1.676023646731555772e+01
2.065793792948444202e-02
6.474122291292745857e+00
4.199675014423610159e-02
8.619534798542458631e+00
1.230124039216456708e+02
3.139122063308541044e+01
8.257573133426450340e+01
3.369612188971566411e+02
2.016020368813993002e+01
3.956630328893635085e+00
3.627654830239584527e+01
1.613216295646437004e+01
5.567683479021826032e-02
2.014590287535786217e+01
1.677937369285572800e+00
1.129284157909958911e-03
2.333772816404450837e-118
0.000000000000000000e+00
2.641074713493545278e+00
