# residue i_ratio gamma_2
1.000000000000000000e+00 nan nan
2.000000000000000000e+00 9.905707386940261205e-01 8.646513861687069036e-02
3.000000000000000000e+00 9.908695211055090768e-01 8.370230283174059926e-02
4.000000000000000000e+00 9.899109747468194387e-01 9.257135516164749500e-02
5.000000000000000000e+00 9.821072172320798321e-01 1.653639213466753799e-01
6.000000000000000000e+00 9.664638703145624898e-01 3.145073282012372795e-01
7.000000000000000000e+00 9.445132225393163550e-01 5.313563128639053890e-01
8.000000000000000000e+00 9.216839523180944127e-01 7.668259210287617922e-01
9.000000000000000000e+00 9.346992672522421719e-01 6.313005137341339834e-01
1.000000000000000000e+01 9.137935243185971723e-01 8.506915365980881605e-01
1.100000000000000000e+01 9.446091894343960904e-01 5.303883201490507959e-01
1.200000000000000000e+01 9.656512295327831508e-01 3.223752783913117481e-01
1.300000000000000000e+01 9.561338242195808190e-01 4.154283469868077505e-01
1.400000000000000000e+01 9.764100809502388456e-01 2.191759406391283749e-01
1.500000000000000000e+01 9.802246682914869114e-01 1.830823459599099645e-01
1.600000000000000000e+01 9.827792617991440993e-01 1.590536782678100280e-01
1.700000000000000000e+01 9.761491176462546715e-01 2.216545707843062818e-01
1.800000000000000000e+01 9.609352876126405762e-01 3.682739730934097011e-01
1.900000000000000000e+01 9.150824949269594777e-01 8.369017122303944456e-01
2.000000000000000000e+01 8.262136093904731693e-01 1.878202522348901837e+00
2.100000000000000000e+01 8.264271286071088740e-01 1.875459376312080151e+00
2.200000000000000000e+01 8.066575647027032225e-01 2.134970627618396399e+00
2.300000000000000000e+01 7.877860559325472467e-01 2.393573659558032141e+00
2.400000000000000000e+01 6.250503852006796812e-01 5.189614848402134051e+00
2.500000000000000000e+01 2.757125106768354983e-01 1.976496491710350867e+01
2.600000000000000000e+01 7.504603513697546413e-01 2.939201014605468121e+00
2.700000000000000000e+01 6.301976688341413002e-01 5.081801610600665597e+00
2.800000000000000000e+01 6.675367948483013070e-01 4.343675393438540588e+00
2.900000000000000000e+01 5.243719908856989687e-01 7.663555089373770279e+00
3.000000000000000000e+01 5.744541941709058186e-01 6.338650601503487358e+00
3.100000000000000000e+01 7.852611156783315671e-01 2.429017978749345108e+00
3.200000000000000000e+01 7.782673598335230203e-01 2.528268507228287110e+00
3.300000000000000000e+01 7.031844172175641949e-01 3.703920751741214268e+00
3.400000000000000000e+01 8.385539227126376227e-01 1.721727902265530519e+00
3.500000000000000000e+01 8.895739829186462000e-01 1.116522046138270108e+00
3.600000000000000000e+01 8.783365636794754350e-01 1.244362549740141377e+00
3.700000000000000000e+01 6.948675922657921999e-01 3.847978609291751617e+00
3.800000000000000000e+01 5.257301250181140029e-01 7.624760443935175935e+00
3.900000000000000000e+01 7.293626507608286236e-01 3.269571832701918090e+00
4.000000000000000000e+01 8.231767076643810022e-01 1.917357041113687766e+00
4.100000000000000000e+01 6.948160413934910684e-01 3.848881060147177458e+00
4.200000000000000000e+01 8.126659828340643266e-01 2.054899739498246891e+00
4.300000000000000000e+01 8.775917632932859203e-01 1.252940209454290521e+00
4.400000000000000000e+01 8.526637550431729329e-01 1.547822263782745900e+00
4.500000000000000000e+01 8.447912725977446691e-01 1.644206131076418664e+00
4.600000000000000000e+01 8.282875533952882563e-01 1.851611778409802733e+00
4.700000000000000000e+01 6.478934864341129307e-01 4.722655616471844731e+00
4.800000000000000000e+01 6.210009734669768022e-01 5.275532925770697545e+00
4.900000000000000000e+01 7.110918376566930377e-01 3.569728886527116618e+00
5.000000000000000000e+01 6.852612010970319245e-01 4.018222199077248646e+00
5.100000000000000000e+01 3.681206706482844093e-01 1.368955106399107891e+01
5.200000000000000000e+01 4.109170584648188518e-01 1.165789462554051070e+01
5.300000000000000000e+01 2.616493198782763319e-01 2.098457472826292403e+01
5.400000000000000000e+01 2.786476126856246016e-01 1.952283599655484636e+01
5.500000000000000000e+01 2.948225082172509781e-01 1.825822606001596782e+01
5.600000000000000000e+01 2.594418357519474028e-01 2.118549027671817342e+01
5.700000000000000000e+01 2.437977763345808846e-01 2.269078972834761032e+01
5.800000000000000000e+01 1.468443236949250885e-01 3.702621521326238252e+01
5.900000000000000000e+01 9.747708731826573714e-02 5.137387566350035684e+01
6.000000000000000000e+01 8.925031679975073406e-02 5.478387193137012190e+01
6.100000000000000000e+01 6.879420237023672891e-02 6.550379622910139688e+01
6.200000000000000000e+01 nan nan
6.300000000000000000e+01 2.586916362383000559e-02 1.138343732831113897e+02
6.400000000000000000e+01 1.067222378406837979e-01 4.798780650261156211e+01
6.500000000000000000e+01 9.771210430968972627e-02 5.128233308046626604e+01
6.600000000000000000e+01 2.051509001885895300e-01 2.715354295684727859e+01
6.700000000000000000e+01 3.356628802335283601e-01 1.551127067103080215e+01
6.800000000000000000e+01 3.921236328535088744e-01 1.250455332485159055e+01
6.900000000000000000e+01 4.538934499194067773e-01 9.945821591623406732e+00
7.000000000000000000e+01 5.456945666007646523e-01 7.073768350019277840e+00
7.100000000000000000e+01 4.968611762507562646e-01 8.488434326955752951e+00
7.200000000000000000e+01 4.493242604704612009e-01 1.011466098396021707e+01
7.300000000000000000e+01 4.964668089962254172e-01 8.500827576018338050e+00
7.400000000000000000e+01 5.056536790393192371e-01 8.216432029244177926e+00
7.500000000000000000e+01 5.209699500698482533e-01 7.761497222363173520e+00
7.600000000000000000e+01 6.126498227197462176e-01 5.455860421536403493e+00
7.700000000000000000e+01 6.814799280115769742e-01 4.086397296278193814e+00
7.800000000000000000e+01 6.964407487001124109e-01 3.820495814579687899e+00
7.900000000000000000e+01 7.782740061671203913e-01 2.528173429364243052e+00
8.000000000000000000e+01 8.201794655546952306e-01 1.956255777824622344e+00
8.100000000000000000e+01 7.878261878838050958e-01 2.393011942981646545e+00
8.200000000000000000e+01 8.266671624312057487e-01 1.872377110991233717e+00
8.300000000000000000e+01 8.895050352211577582e-01 1.117297504443072409e+00
8.400000000000000000e+01 8.989076780293260294e-01 1.012540132513535474e+00
8.500000000000000000e+01 9.517919093982316614e-01 4.584422317274053915e-01
8.600000000000000000e+01 9.624138557016030937e-01 3.538394839130392100e-01
8.700000000000000000e+01 9.571292835989410053e-01 4.056167225856027181e-01
8.800000000000000000e+01 9.595740235394485396e-01 3.815990879640269173e-01
8.900000000000000000e+01 9.610948278975828263e-01 3.667145182931059733e-01
9.000000000000000000e+01 9.416206570573601997e-01 5.606170326479045229e-01
9.100000000000000000e+01 8.784961968365292417e-01 1.242525810015177923e+00
9.200000000000000000e+01 9.282131110317122236e-01 6.984079487264108765e-01
9.300000000000000000e+01 9.288833644874916473e-01 6.914339079818925260e-01
9.400000000000000000e+01 9.144465457725332591e-01 8.437008954243991887e-01
9.500000000000000000e+01 9.565348861333954344e-01 4.114730932536519448e-01
9.600000000000000000e+01 9.764030576728355282e-01 2.192426319312913430e-01
9.700000000000000000e+01 9.826009902853578559e-01 1.607268128744296365e-01
9.800000000000000000e+01 9.824833262673918766e-01 1.618314303049130098e-01
9.900000000000000000e+01 9.882375379366865609e-01 1.080926327540877030e-01
1.000000000000000000e+02 9.865974886009117872e-01 1.233508451707051035e-01
1.010000000000000000e+02 9.809276915575981803e-01 1.764582825688283119e-01
1.020000000000000000e+02 9.830685963834333574e-01 1.563393596329070989e-01
1.030000000000000000e+02 9.845255195665871817e-01 1.426937194655037711e-01
1.040000000000000000e+02 9.753258599363383574e-01 2.294817977026390177e-01
1.050000000000000000e+02 9.362496855649056204e-01 6.153846071365085546e-01
1.060000000000000000e+02 9.635355991453605773e-01 3.429154013998565453e-01
1.070000000000000000e+02 9.902822385943542693e-01 8.913433779020470127e-02
1.080000000000000000e+02 nan nan
1.090000000000000000e+02 9.957263892016806617e-01 3.900323012338164502e-02
1.100000000000000000e+02 9.948863743135055726e-01 4.670562042084942800e-02
1.110000000000000000e+02 9.920774306123457675e-01 7.254826685809849518e-02
1.120000000000000000e+02 9.935610001995862639e-01 5.888261490062641351e-02
1.130000000000000000e+02 9.912571453216468820e-01 8.012021357721127446e-02
1.140000000000000000e+02 9.930559978772055540e-01 6.353017501124151589e-02
1.150000000000000000e+02 9.902340679437173776e-01 8.958015029826019160e-02
1.160000000000000000e+02 9.854614825189621508e-01 1.339468456749312586e-01
1.170000000000000000e+02 nan nan
1.180000000000000000e+02 9.827903802806997602e-01 1.589493461377987915e-01
1.190000000000000000e+02 9.747149185190633336e-01 2.352981905914248995e-01
1.200000000000000000e+02 nan nan
1.210000000000000000e+02 9.121748633237407589e-01 8.680585475973957577e-01
1.220000000000000000e+02 8.781294965415007425e-01 1.246745964452008471e+00
1.230000000000000000e+02 8.216176071059104746e-01 1.937559481215703094e+00
1.240000000000000000e+02 7.266630408631477023e-01 3.313076286347484967e+00
1.250000000000000000e+02 6.690533892170613672e-01 4.315232567617849568e+00
1.260000000000000000e+02 8.640445545555368589e-01 1.411289185981606797e+00
1.270000000000000000e+02 6.936797453816543335e-01 3.868803252473047127e+00
1.280000000000000000e+02 nan nan
1.290000000000000000e+02 7.874944810260918748e-01 2.397656298230630867e+00
1.300000000000000000e+02 7.377565478208288896e-01 3.136115296782035156e+00
1.310000000000000000e+02 6.823178961391193065e-01 4.071231381762154378e+00
1.320000000000000000e+02 5.864370700284832205e-01 6.050914997534397877e+00
1.330000000000000000e+02 6.911897521905012720e-01 3.912661999643396893e+00
1.340000000000000000e+02 5.965645990049890379e-01 5.815600612584923113e+00
1.350000000000000000e+02 6.675477274022809659e-01 4.343469951811738561e+00
1.360000000000000000e+02 7.430546456260358479e-01 3.053263136918784593e+00
1.370000000000000000e+02 7.104604105244985979e-01 3.580347029764918698e+00
1.380000000000000000e+02 nan nan
1.390000000000000000e+02 2.548879580698940606e-01 2.160862565093363230e+01
1.400000000000000000e+02 1.136709527642884854e-01 4.570187205301462541e+01
