# residue i_ratio gamma_2
1.000000000000000000e+00 nan nan
2.000000000000000000e+00 4.634380720884309635e-01 9.602262286132908997e+00
3.000000000000000000e+00 5.591712887011915933e-01 6.721130527101683683e+00
4.000000000000000000e+00 5.436749966489563546e-01 7.127914965548133530e+00
5.000000000000000000e+00 7.433239803510514054e-01 3.049079371577044117e+00
6.000000000000000000e+00 7.680392004235672143e-01 2.676328008420451265e+00
7.000000000000000000e+00 6.179024819782936717e-01 5.341940910136501408e+00
8.000000000000000000e+00 3.740221100190192494e-01 1.338652891997045380e+01
9.000000000000000000e+00 3.321468968008615130e-01 1.572601815009405790e+01
1.000000000000000000e+01 5.058582793928575461e-01 8.210199160649937156e+00
1.100000000000000000e+01 5.424042741292987024e-01 7.162162857645554048e+00
1.200000000000000000e+01 6.482622472250080259e-01 4.715354981390146527e+00
1.300000000000000000e+01 5.403014837521675773e-01 7.219141897056238655e+00
1.400000000000000000e+01 3.295844313797580138e-01 1.588487990735373323e+01
1.500000000000000000e+01 2.909632929502020682e-01 1.854969612806643653e+01
1.600000000000000000e+01 2.243808098217552061e-01 2.478395377346529926e+01
1.700000000000000000e+01 5.445713118386059648e-01 7.103841035729488773e+00
1.800000000000000000e+01 4.896313211433608314e-01 8.718347536584985846e+00
1.900000000000000000e+01 5.606644618983595008e-01 6.682964479516140699e+00
2.000000000000000000e+01 6.482062587579380253e-01 4.716462956599841938e+00
2.100000000000000000e+01 7.582371004519816715e-01 2.821565782894306373e+00
2.200000000000000000e+01 7.923750759196523941e-01 2.329672839918687011e+00
2.300000000000000000e+01 8.666077681519287479e-01 1.380985699488331830e+00
2.400000000000000000e+01 8.766484853678118139e-01 1.263822587951154430e+00
2.500000000000000000e+01 8.997002532099134253e-01 1.003800480055043520e+00
2.600000000000000000e+01 7.827489753929761651e-01 2.464485779317088010e+00
2.700000000000000000e+01 8.714504750917245746e-01 1.324172607500567533e+00
2.800000000000000000e+01 9.419096262908881467e-01 5.576865218241415789e-01
2.900000000000000000e+01 9.363556673458491852e-01 6.142983939747925781e-01
3.000000000000000000e+01 9.046345273892172356e-01 9.497028457703790005e-01
3.100000000000000000e+01 9.290823166124725363e-01 6.893655539409214716e-01
3.200000000000000000e+01 9.316284994197708835e-01 6.629656732869355640e-01
3.300000000000000000e+01 8.990525335235479698e-01 1.010941782223228502e+00
3.400000000000000000e+01 9.572917540597856156e-01 4.040171153088426004e-01
3.500000000000000000e+01 9.728277602911903355e-01 2.533066930362766200e-01
3.600000000000000000e+01 9.710243570868574148e-01 2.705755474041361963e-01
3.700000000000000000e+01 9.793289403229189505e-01 1.915346842930835403e-01
3.800000000000000000e+01 9.748641719894741708e-01 2.338766278439356749e-01
3.900000000000000000e+01 9.777576768072935298e-01 2.063956691321324477e-01
4.000000000000000000e+01 9.711876138011427129e-01 2.690098438409579962e-01
4.100000000000000000e+01 9.164431891353291837e-01 8.223827452369232294e-01
4.200000000000000000e+01 7.253487109302660940e-01 3.334361055138158392e+00
4.300000000000000000e+01 9.340933067785628374e-01 6.375340808769505152e-01
4.400000000000000000e+01 9.559419619312848893e-01 4.173215519474899327e-01
4.500000000000000000e+01 9.446874288540048070e-01 5.295992721218816257e-01
4.600000000000000000e+01 9.211268273956929598e-01 7.727046961224579569e-01
4.700000000000000000e+01 9.441922828524281774e-01 5.345948463416558827e-01
4.800000000000000000e+01 9.611354145016572925e-01 3.663178725465269792e-01
4.900000000000000000e+01 9.352598467772260671e-01 6.255403194369579811e-01
5.000000000000000000e+01 9.056896302994013048e-01 9.382044013995860521e-01
5.100000000000000000e+01 7.524669802556509524e-01 2.908640020115726532e+00
5.200000000000000000e+01 6.114318207672240213e-01 5.482520972269389503e+00
5.300000000000000000e+01 7.828014434568537627e-01 2.463742921953294029e+00
5.400000000000000000e+01 7.573945266440686996e-01 2.834206827228286318e+00
5.500000000000000000e+01 7.887231562600549584e-01 2.380470671713620145e+00
5.600000000000000000e+01 9.107489759763662818e-01 8.834036105354609036e-01
5.700000000000000000e+01 9.292666740266387615e-01 6.874496479495776358e-01
5.800000000000000000e+01 9.253128774170171766e-01 7.286908159762449655e-01
5.900000000000000000e+01 9.501241376030801211e-01 4.750593461496144809e-01
6.000000000000000000e+01 9.492123446288965871e-01 4.841665998563449702e-01
6.100000000000000000e+01 9.074394646645067564e-01 9.191882469761770702e-01
6.200000000000000000e+01 8.608141317818313043e-01 1.449712707070530904e+00
6.300000000000000000e+01 8.887632956166293674e-01 1.125646773732269068e+00
6.400000000000000000e+01 9.413635812004037540e-01 5.632254792594696413e-01
6.500000000000000000e+01 9.436405839926130801e-01 5.401666017695435640e-01
6.600000000000000000e+01 9.643504734774409615e-01 3.349942731165136411e-01
6.700000000000000000e+01 9.549086788930217784e-01 4.275293972689710453e-01
6.800000000000000000e+01 9.200666844237991304e-01 7.839091536392224224e-01
6.900000000000000000e+01 7.775649595541629377e-01 2.538324759698803224e+00
7.000000000000000000e+01 8.073926297912190631e-01 2.125117385640051371e+00
7.100000000000000000e+01 8.090603943800208642e-01 2.102821309323615662e+00
7.200000000000000000e+01 8.193231897922097495e-01 1.967415653508841844e+00
7.300000000000000000e+01 7.055281452364344785e-01 3.663868611565400446e+00
7.400000000000000000e+01 4.252879497782163787e-01 1.105301453573611425e+01
7.500000000000000000e+01 4.146583062645579631e-01 1.149703819620085632e+01
7.600000000000000000e+01 4.058611185833467250e-01 1.187921668660135133e+01
7.700000000000000000e+01 6.083601124532967974e-01 5.550171400711443326e+00
7.800000000000000000e+01 5.020308992831583605e-01 8.327516072821572024e+00
7.900000000000000000e+01 4.054204523394716597e-01 1.189872542225218055e+01
8.000000000000000000e+01 3.431598531765148175e-01 1.506543166676973655e+01
8.100000000000000000e+01 2.561720992917241868e-01 2.148810464169362788e+01
8.200000000000000000e+01 1.732417883305140127e-01 3.194035774565175601e+01
8.300000000000000000e+01 1.303822867972867505e-01 4.093396261533607117e+01
8.400000000000000000e+01 8.464133988152071353e-02 5.688872122567296685e+01
8.500000000000000000e+01 1.164695788611220667e-01 4.483611850583727687e+01
8.600000000000000000e+01 5.056166405576346251e-02 7.940122857024000780e+01
8.700000000000000000e+01 nan nan
8.800000000000000000e+01 5.045948181539337829e-02 7.949674462816807363e+01
8.900000000000000000e+01 1.388561584263391657e-01 3.883843010417372454e+01
9.000000000000000000e+01 9.724142948033867584e-02 5.146597509206593202e+01
9.100000000000000000e+01 7.534860972366999587e-02 6.164673347597589270e+01
9.200000000000000000e+01 1.387981077422247855e-01 3.885215220462357877e+01
9.300000000000000000e+01 1.539460102153790144e-01 3.553209506703705500e+01
9.400000000000000000e+01 3.231028076586988651e-01 1.629585369311647725e+01
9.500000000000000000e+01 5.146385526642429653e-01 7.946735045113224594e+00
9.600000000000000000e+01 6.003478752184190359e-01 5.729475026446341879e+00
9.700000000000000000e+01 6.908376090082856136e-01 3.918887240521699677e+00
9.800000000000000000e+01 7.764002821397628651e-01 2.555035300581300461e+00
9.900000000000000000e+01 7.607756291757543643e-01 2.783631680202495406e+00
1.000000000000000000e+02 6.614094607778645551e-01 4.459760609905417894e+00
1.010000000000000000e+02 4.866646710172715107e-01 8.814376445476767685e+00
1.020000000000000000e+02 4.730302258725739284e-01 9.268894923825994780e+00
1.030000000000000000e+02 4.972473397095858449e-01 8.476315197968656179e+00
1.040000000000000000e+02 3.839896353811165786e-01 1.289232238095145888e+01
1.050000000000000000e+02 3.199207137333953677e-01 1.650256511951230110e+01
1.060000000000000000e+02 3.448634074696555474e-01 1.496634072047257469e+01
1.070000000000000000e+02 4.975480219408192628e-01 8.466889916554587003e+00
1.080000000000000000e+02 nan nan
1.090000000000000000e+02 6.390328164818473988e-01 4.900302800364637612e+00
1.100000000000000000e+02 7.356218155680320780e-01 3.169798757605968298e+00
1.110000000000000000e+02 7.564827446254407395e-01 2.847914511860929920e+00
1.120000000000000000e+02 6.879721552469966195e-01 3.969752810236188534e+00
1.130000000000000000e+02 5.864704272715991484e-01 6.050128316937650297e+00
1.140000000000000000e+02 7.791645788655412463e-01 2.515446639944634022e+00
1.150000000000000000e+02 7.822713264097753694e-01 2.471252568572908537e+00
1.160000000000000000e+02 6.568386332178839382e-01 4.547599538240706174e+00
1.170000000000000000e+02 nan nan
1.180000000000000000e+02 5.676877486966680486e-01 6.505785950733868006e+00
1.190000000000000000e+02 6.637099875326845089e-01 4.415954424755708096e+00
1.200000000000000000e+02 nan nan
1.210000000000000000e+02 8.488697318915497947e-01 1.594071808240950183e+00
1.220000000000000000e+02 8.830297688136864442e-01 1.190613269692382792e+00
1.230000000000000000e+02 8.847848052762393722e-01 1.170646095704244383e+00
1.240000000000000000e+02 8.674126180764493155e-01 1.371503762422792816e+00
1.250000000000000000e+02 8.927177359810398727e-01 1.081279282540417608e+00
1.260000000000000000e+02 8.984636072036722432e-01 1.017442964141087147e+00
1.270000000000000000e+02 9.057393077379579660e-01 9.376636182955738752e-01
1.280000000000000000e+02 nan nan
1.290000000000000000e+02 5.667321308767722110e-01 6.529669493094458765e+00
1.300000000000000000e+02 6.497439745912315656e-01 4.686093644793018598e+00
1.310000000000000000e+02 4.399160734674419926e-01 1.047163136196363098e+01
1.320000000000000000e+02 7.212858277242585325e-01 3.400592895902063262e+00
1.330000000000000000e+02 8.526689379405808511e-01 1.547759337594653672e+00
1.340000000000000000e+02 8.761701186098868055e-01 1.269349487759549699e+00
1.350000000000000000e+02 9.219274444175795669e-01 7.642586204478766243e-01
1.360000000000000000e+02 9.160478686333836107e-01 8.265968872514740662e-01
1.370000000000000000e+02 9.025099768547593104e-01 9.729299648963859459e-01
1.380000000000000000e+02 nan nan
1.390000000000000000e+02 9.632289223445543724e-01 3.458996676999264719e-01
1.400000000000000000e+02 9.641158313816992065e-01 3.372739024753919623e-01
