5.733936594592402791e+00
6.902510984467959965e+00
1.009871976889018441e+01
1.896063582715098406e+01
4.031554171291807620e+01
1.691169323899846866e+00
3.805778892365371746e+01
2.337985821375922768e+01
3.301877827363878248e-01
8.427978357598936654e+00
3.114856565713715497e+00
5.166867920736323505e+00
9.767298381032928356e-01
1.998317328883019002e+02
8.736445484272088891e+01
1.564505789817918924e+01
3.513700412125842121e+01
1.694776000555100381e+01
4.449968604332610767e+00
1.716889874695353146e+00
7.073233935135982087e+00
3.092234939109636116e+02
2.844817987745065935e+01
8.356249683695457620e+00
1.698462131242652973e+01
2.383832309393200433e+01
0.000000000000000000e+00
3.874829896508612707e-12
8.565333337446098483e+01
5.330130014831624408e+01
1.625406674071473745e+01
6.783165135339372931e+00
1.152926815856793930e+01
1.197240125172592329e+01
1.035236281008704573e+01
1.652785695289587764e+01
7.379396204118572555e+00
1.310561106547198307e+01
5.983935124999133492e+00
7.299924647061011740e+00
1.269063390742684705e+00
4.181854869504342709e+00
1.286455973401512942e+01
7.818132696478911292e+00
1.064263712476245072e+00
2.067237602904450000e+02
1.470764718454206883e-150
1.657072089446807439e+01
1.084009593255071380e+01
4.391584399511187620e+00
7.315777320134692729e+00
1.093735358401077207e+01
1.091472825774744848e+01
5.744524112870232813e+01
4.738126341026918453e+01
6.957118966259204562e+00
1.070963627136616836e+01
1.539250741172527270e+01
3.621447592245969141e-03
4.007750934376180396e+01
1.087302200788147211e+00
1.413184224643786990e+01
4.918628094851039023e+00
9.923669243009996421e+00
1.036858909381446914e+01
4.215922514641464147e+01
6.203649331009891910e+00
5.503271498783595206e+01
3.081059112866948624e+01
1.008802946082002677e+03
3.257760509987164710e+01
3.231031236290755828e+02
1.005681937352934874e+01
1.011962759275963769e-01
2.480295294644970454e+02
3.274728168197752325e+02
7.122486263425148536e+02
9.466499782969807627e-13
1.160710932125172690e+01
4.739194979050862955e+00
3.982938217719218077e+00
1.579683697937327302e+01
4.200649408451603839e-01
2.166745358703474067e-01
1.111511041880027140e+00
1.435758821082073666e+01
4.929651913582811851e+00
1.240605454788251194e+01
8.312936711075915142e+00
1.737633659432836097e+00
6.467677833446658919e-01
7.871916718826803105e+00
1.708594943748007466e+01
6.017987528390233365e+01
1.659630759592959331e-77
3.208693142895947759e+00
0.000000000000000000e+00
0.000000000000000000e+00
0.000000000000000000e+00
0.000000000000000000e+00
0.000000000000000000e+00
0.000000000000000000e+00
0.000000000000000000e+00
0.000000000000000000e+00
2.290429002904676861e-42
0.000000000000000000e+00
8.898175480421509095e-08
3.965088396073144281e+02
9.162687187539704325e+01
2.825581739431674677e+01
3.286740137245198413e-25
1.059162841386664944e+01
2.594043837565137096e+02
3.181311347651655197e+01
1.845364018201689049e+01
2.999204107215548731e+01
5.571308768929597477e+01
5.360916672203244815e+01
5.157100375727259234e+02
5.937730280544285755e+00
1.420361482494567973e+01
1.064650203578537155e-15
6.819080809859521784e-17
0.000000000000000000e+00
2.333006765749934885e+01
6.496611921107403020e+01
8.974367050566588233e+00
1.692295158299726410e+01
1.033287036995692176e+01
1.966998620891521909e+01
1.172224709064271196e-03
1.799476299779885125e+01
7.417993665556584126e+00
1.244629734899109366e+02
0.000000000000000000e+00
1.806312460181203408e-02
5.649998225154470255e+00
2.132179021967301935e+01
6.755749663159082097e+00
4.941654340863391082e-27
7.713907036405332747e+02
3.526381206576394334e+02
0.000000000000000000e+00
0.000000000000000000e+00
1.480630998921737728e+03
0.000000000000000000e+00
0.000000000000000000e+00
0.000000000000000000e+00
0.000000000000000000e+00
0.000000000000000000e+00
0.000000000000000000e+00
0.000000000000000000e+00
0.000000000000000000e+00
0.000000000000000000e+00
0.000000000000000000e+00
0.000000000000000000e+00
0.000000000000000000e+00
1.153949951935536973e+02
1.057013223728537952e+02
5.604132340730536299e+01
0.000000000000000000e+00
0.000000000000000000e+00
6.895030138974634326e+01
4.187424814731821243e+02
6.263213996984884954e-04
2.000022498391568888e+02
4.260445898791127775e+02
5.384027602942048629e-01
0.000000000000000000e+00
0.000000000000000000e+00
3.420899428436383687e+02
0.000000000000000000e+00
8.300989677555149945e-08
1.076601143873086697e+00
6.760392105236815041e+01
2.360613573074920623e+03
2.033973540108514388e+00
2.505301459363232084e+02
2.779056387672058577e+02
3.547981060232758921e+01
5.379122562176196951e-235
0.000000000000000000e+00
3.572770644566578829e-52
4.027334778650195858e+03
1.224344501868049864e-05
1.185040499326578782e+02
1.141897934983618939e+02
6.547125417656032731e+00
3.500493472994883781e+00
7.029193856938354301e+00
6.001977182169525804e+00
3.257569459918210786e+00
1.006598041266026478e+01
6.970258931289915694e+00
8.110287567867651433e+02
5.034050915723724984e+00
5.478546537361377033e-02
3.309296155823136409e+00
4.869945376698956996e-01
5.949740981818760019e+02
2.560501947886459462e+00
8.910646339413274220e+00
8.408631655010568857e-06
0.000000000000000000e+00
0.000000000000000000e+00
0.000000000000000000e+00
1.502287222417231760e+01
2.901658383608439529e+00
1.602801600283277139e+01
1.281159322168908155e+01
2.888930574912757265e+01
1.256601847413615047e+01
5.195777858273075145e-01
5.506315214611548470e+01
5.354983439105408527e-01
3.142196492540288659e+02
2.598651323274472791e+00
1.504867925521590877e+01
3.304379504466574608e-04
3.138262593036119080e-04
1.207949556683543275e-03
8.197674676678811778e+00
6.120333475083305358e-02
1.014408617627084563e+00
4.329132577203294204e+03
5.275555845898472285e+01
1.535275410357205716e+00
5.132801628775680076e-197
3.163573092699123634e+01
9.943150428910954173e-100
0.000000000000000000e+00
0.000000000000000000e+00
0.000000000000000000e+00
4.536056774151098630e-28
0.000000000000000000e+00
1.145916172816073342e+01
1.424321943198049389e+00
2.788247384205425838e+00
3.340217798030393936e+01
6.207513117638916356e+01
1.055266787925097205e+01
5.962377266882193938e-01
1.036369355521170199e+01
4.235824868845906588e-01
2.692730838247969061e+01
1.777306193264933043e+01
9.976083852208633473e+00
1.391840407485148212e+01
2.057021126411705580e+01
5.745524126158256450e+01
6.267475605060563737e+01
1.761574988423174196e-28
1.297422505758715516e+01
1.993432981130280979e+01
4.257173740289947261e+01
1.063252411348663173e+01
2.053869579650370591e-01
6.838539089112830993e+01
1.661633772712462331e+01
7.747993436437151615e+01
1.439395473864065822e-03
4.463745582958480007e+00
4.536099304418172551e+00
2.793096799122404966e-22
3.200179318636597436e+00
8.666051396346511469e-88
0.000000000000000000e+00
0.000000000000000000e+00
0.000000000000000000e+00
0.000000000000000000e+00
0.000000000000000000e+00
8.727389115871173053e-02
1.202674362228665084e+00
2.688037321696739035e-01
1.862628028209115172e+01
6.617491771823934277e-02
5.472688038527310228e-01
1.907319204457910977e-01
2.236298810617429363e-03
3.099902490459268734e+01
6.450003165419367079e-02
1.104287014815665735e+01
2.789718842345959349e+00
2.912611710426845080e-01
7.855149844091034339e+00
2.526986629828606445e-01
1.202082255033797509e+01
1.060712712949740109e+02
2.498735508610842704e+00
2.467392394508878439e+01
1.544995000920721395e+00
2.273771235232965893e+01
1.098870455698141457e+00
1.548588056758402498e+00
1.222224920550848970e-01
2.299283148249695596e+00
2.946629459368451620e+01
1.294186365871669580e+02
2.613154286782934932e+00
1.582429948533708597e+01
3.856785760271672103e+01
1.272071449398775655e+01
1.260366457750740632e-01
1.606065106879276883e+01
0.000000000000000000e+00
0.000000000000000000e+00
6.766489087330015764e+02
8.820146685578848178e+01
8.067722006417089631e+01
3.492257588219237715e-183
0.000000000000000000e+00
0.000000000000000000e+00
0.000000000000000000e+00
1.328871040079108354e+02
7.638329303426833073e-136
4.116199267995556355e+00
4.911216732541475380e+02
7.967404652741885229e+01
4.394859801044487568e+01
0.000000000000000000e+00
0.000000000000000000e+00
0.000000000000000000e+00
0.000000000000000000e+00
1.439911596795547468e-119
0.000000000000000000e+00
0.000000000000000000e+00
4.834947331915114096e-302
2.031893385558099965e+02
1.539713926852239467e+02
4.524050094958771240e+01
5.938924821256295949e+00
1.188761682343927717e+01
0.000000000000000000e+00
4.570105281074730463e+00
2.105435766541224751e+01
8.530220654554804938e+00
5.973492467367378822e+01
1.994416941992448500e+01
1.620803036765089544e+01
2.936323375297866482e-40
3.810370893910720608e-03
1.116793840116407353e+02
4.362495295027986941e+00
4.881837225230081234e-01
6.650638612162872221e+00
9.833921338551205338e+01
1.417361032205315894e+02
4.951139353682269473e+01
4.962828868931175919e+01
3.496375170172178581e+00
3.424916973372934227e-60
4.777771851719363028e+00
1.636769103140011367e-22
7.661787471999249810e+00
1.975872143274198578e+01
2.625929474495944049e+01
8.472723486437269136e-01
1.563608208748154880e+02
1.960419973489749736e+02
3.376909378002759686e-31
1.021989407509716727e+02
1.747340062119917093e+03
1.256830742131570844e+02
5.302818388174282305e+00
2.020206907906439309e+00
9.179076631372439010e+00
3.957268307362536319e+01
3.595872764179868675e+00
2.114849399747670233e+01
7.240270850067979103e-01
6.720458452312649516e-150
1.061782214778605926e+01
1.039800736134981373e-179
2.167045522402376037e+02
7.504061695226836548e+01
3.047028387107043379e-08
6.637582270719133248e+01
1.798989288580864531e-12
8.520214001766277079e+00
1.697343340367060693e-02
4.000699599078287427e+00
1.604630104987426620e+01
4.778029294621766176e+00
3.532017594982990172e+00
1.196112087652926981e+01
3.114865662086590409e-02
1.851190087296491527e+01
6.785199287608613128e-01
3.166941615245454367e-01
3.530614333111015668e+01
1.263902553853037514e+00
1.053790256289402016e+01
1.620204541791882846e+01
1.417019400361377302e-01
5.512079012113375785e-75
4.727224572278351800e-03
5.166993344386632270e-01
9.888209524260521022e+00
3.297122234090598888e-03
1.426594155259344006e+03
8.163916813902092784e+00
5.927180866346404997e+01
2.323951109996782805e+01
1.140212413287341325e-01
9.835700193436344921e-08
4.404562141818176002e+01
1.041590220222511576e+01
1.526749387134177960e+00
1.896093136516355804e+00
6.317790042685711427e-01
3.395300113305684420e+01
7.696087815573756430e+00
4.003260598638172496e+01
3.357497430016081807e+00
9.889649591281514938e-06
2.293846931951881984e+01
1.450640847405698963e+01
5.141343865976963201e+01
1.227738487536029766e+01
1.552739071051755460e+01
2.258315270574501099e+01
1.365957144008044111e+01
5.148977152488598108e+01
1.789834937339607279e+01
3.494818267654570910e-05
3.894714187076812450e-03
5.239275849407452945e+00
5.047189044019041226e+00
8.147768559063875315e+00
1.702616701779063391e+01
1.863787870061640178e-02
1.000466465350286143e+02
1.603520321360073453e+01
3.067376881395636618e-28
7.370822889755173080e+00
7.125092162121680062e-01
8.323560117152782212e+00
4.564921710151567780e+00
1.872619045984895081e+01
2.326110539242681519e+00
7.947125271432144977e-01
5.221021352472018373e-01
2.761926539710826489e+01
2.860261554604185186e+00
2.412859189715291208e+01
1.973355136692831024e+00
9.616883233627605776e+00
3.248686904302445777e-01
6.820396815792931555e+00
3.561851974751833723e+02
1.059700664290826433e+00
1.008720291789838436e-01
5.201906279790808441e+00
1.669155423617593118e-03
1.162250508634908215e+02
0.000000000000000000e+00
2.732156972078717077e-16
5.786971854271466498e+01
5.596558333432446908e+00
2.798050916305432345e-01
2.554785177737651125e+01
5.756273693934587099e-01
7.279566396239785933e-06
5.610103061339044928e+01
1.918468191661393661e-06
5.605243568545026811e+00
5.346000303693832834e+00
4.226358361053438273e+01
1.004094675047604390e+01
1.431084220002743166e+02
1.004745151793949809e+01
5.762145014476013785e+02
8.295247154652193444e+01
1.787013940314490767e+01
1.274948529294155897e+01
4.957169677611068166e-78
1.822890788054369438e+01
1.632993739648897158e+00
0.000000000000000000e+00
5.278409378196898594e+00
6.027310127090913794e-02
1.266635000212608997e+00
2.283615058248230446e-05
3.783727939596603917e-02
1.633621766915813456e-01
2.103306610159159096e+00
2.005193385478984780e+01
6.301472491319460190e+00
5.963127912785318507e+00
2.497078319126551649e-01
1.154397880944466834e+02
5.963805126832469328e-02
9.628395462686514250e+00
1.540172568812028971e-03
4.918010232250110136e-01
3.154259490590899384e-02
2.752786790616218449e-02
5.935342991151097980e-01
2.687616633538738448e-02
1.306811126370353016e+01
5.666640772027495387e+00
2.637538327779045955e-01
1.006517579149564801e-01
9.230622231015567225e-02
7.545682708412721016e-05
1.062806181211295581e-01
6.842489633457228498e-07
2.107626871583281880e-02
2.027995656645416311e-02
1.950024111329753396e-01
5.310502310727253320e-04
1.023033762574540456e-01
9.152689340594205580e-02
1.329657480558971372e+00
2.135946395359210326e-03
2.030039882050739486e+00
7.057616327171897241e-01
2.917142193328368938e-02
1.026502577308232439e-01
5.305350631497252105e-05
2.958839260675227845e+00
3.103502337710730252e+00
6.175755524913511429e+00
1.030821869567288651e+01
1.312242807858217786e+00
6.641378885622908790e+00
5.638257353507840186e+00
1.027478366761064876e+01
6.855335751423766055e+00
1.710806219011038909e+00
9.710931081019485589e+01
1.567866435903755828e+01
3.010467682671906431e+01
3.608264157746206626e-67
1.956029932027205120e+02
3.562877148647178728e+03
2.477840443466811848e+01
5.668821211580310049e+00
5.025618688406298773e+00
7.911664008301629636e+00
6.055978472021541492e+00
2.040767956117040427e+01
3.796708292779053551e+01
2.955754222026623665e+02
1.238296691233841500e+02
1.475676577094421646e+03
3.703912982203328990e-32
1.730146414651062869e+01
1.361429309879032701e+01
8.005269508035009807e+00
2.264180874224157591e+01
2.482240472063682901e+01
2.080174441994290913e+00
6.872344079299503861e+00
7.249850173746402504e+00
1.113300271219937443e+01
6.660439674464909032e+00
7.934975061857030276e+00
5.166951589713210780e+00
1.784359869696768897e+01
2.332630952773275812e+00
7.417032253538726749e+00
4.415158346020278159e-03
1.646711708425785958e-01
5.696502485628244307e-08
7.868469266262897577e+01
1.935260010190034352e+00
0.000000000000000000e+00
9.095240232679730396e-04
3.059463828881646141e-01
1.895132460144395026e+01
8.681729171023329528e+00
1.799260391397757619e+00
1.909839601348755167e+01
3.350460236560954286e+01
6.337403715498923784e-01
0.000000000000000000e+00
0.000000000000000000e+00
0.000000000000000000e+00
0.000000000000000000e+00
0.000000000000000000e+00
2.868198235658379502e+00
1.717478579235380209e+02
6.180629923940985648e+00
2.007546632924165664e+01
2.515450659279692047e+01
1.520106538759656800e+01
6.979389893221210173e+00
1.549975202352862347e+00
2.286978260958481446e+00
3.394031592317892319e+02
2.187659560413742987e+00
1.716761471057181154e+01
3.181181823518209884e-01
1.124877494213295570e+01
2.389933494873171860e+00
1.485502426779379270e+00
5.058086887188787983e+01
6.093639454628288377e+00
5.349514572257316303e+00
6.713597171978543443e+00
1.077253386570400906e+01
6.455492415491488778e+00
3.955200187132863300e-110
1.409079533258954298e+00
3.569495315641545830e+01
4.097764714763313165e+00
2.560517997114981270e+01
6.774228785761977178e+00
5.500881035043365230e+00
1.443475093938131160e+01
8.846739545585226239e+00
5.232914731866713964e+00
4.199753101892697571e-01
2.318490398875311165e+00
3.236873485310718834e+00
8.627378321630232202e-93
1.318989796042545848e+01
9.530571231884877648e+00
3.789811568628129179e-01
6.796206006698678692e+00
1.454564126517181144e+01
7.118563630687401833e+00
3.876477078764412454e+01
5.839048167268011014e+00
8.150846400431889549e+01
5.103038715268870362e+01
0.000000000000000000e+00
7.366230015646047769e-18
2.217969949665776281e-12
7.331701295840159283e+00
8.970507778868624271e+00
6.356343241556703383e+00
1.228114886990853307e+02
2.915000586202521049e+01
8.582466742331909870e+00
6.569796718592617424e+01
1.259907504798239188e-02
2.282656965060272469e+01
1.121082821222886651e+03
1.169486980330183279e+01
3.934956037516064598e+00
4.415206493588280878e+00
6.658854605236095736e+00
4.603401730595814811e+00
2.315363803483916882e+01
1.148739769719326098e+01
2.480134186416200848e+01
1.061926021941000009e+01
4.615551938791877973e+00
7.210760860400347383e+01
3.661068805265527715e+01
5.888780823221659233e+01
7.972099469826925226e-43
1.259390976762886183e+01
0.000000000000000000e+00
8.874387666454046197e+00
1.326860002279415518e+01
1.855514071463155901e+01
5.809535377774627563e+01
9.381224719842961690e+00
3.561686340411451823e+01
3.189228218559567196e+01
1.362467727696376404e-13
7.170144132321921878e-90
2.198559401519400158e-01
2.737466513448934611e-102
5.352547139312248703e+01
1.290929217376503282e-48
6.528113818780568067e+00
2.804945682864993017e+01
7.141390387382521077e+00
6.809532777403545012e+00
7.618423613868864130e+00
6.754492153315037051e+00
7.595110961442262720e+00
3.668640995398765625e+01
1.195617899317797423e+02
0.000000000000000000e+00
2.797990285238859443e+01
1.505850084877265438e+01
9.218443596450336841e+00
1.038904960666682253e+00
1.195772457600916638e+01
1.246967885149276754e+02
1.326882362592136033e+01
2.166434251215327549e+03
4.248526856593219492e+00
2.024138412725323022e+00
1.049748173122176986e+01
1.687171872127661842e+01
1.024169087735251367e+02
1.060053929418374707e+01
0.000000000000000000e+00
0.000000000000000000e+00
2.347667937930359055e-122
3.541619106106041260e-70
0.000000000000000000e+00
4.683966969305352990e+01
0.000000000000000000e+00
1.918896658323808779e+01
1.004228420292497345e-270
8.593170983556511639e-41
3.624682281976681111e+02
3.503137954908237930e+02
2.626556568448555837e-24
2.809136249307889319e-123
0.000000000000000000e+00
4.663305406727690006e+00
4.029855248522644659e-89
3.056356959189816027e-13
1.906063693119046590e-81
2.214670476474757947e+02
2.565530083554342013e+02
5.823941803322890820e+01
2.388997194570012184e+01
3.522637969016603421e+00
9.462883918249607618e+00
6.148906405247244855e+00
6.388871927624799607e-01
1.667940229689589415e+01
4.583243348307771470e+00
1.899022905473954381e+01
2.071321815279020839e+01
4.665048840166643629e+01
2.113061020457302064e+01
5.995182308986278519e-02
2.386577895538267935e+00
7.483449805880415973e+00
3.369522742320718134e+00
3.301343102716058908e+00
5.710724369536128719e+00
7.588543588690471964e+00
1.033762838074378720e+01
1.021416077131185851e+01
1.862355502073660407e-01
1.499690652010824188e+01
4.697947963985464881e-01
2.492164397338851589e-02
1.143075426446712406e+01
2.092448836989217688e-04
3.650926594179864093e-01
6.661802750687014808e-03
4.577738288066202088e+00
1.535371439535220504e-03
6.842996660287748512e+01
1.277265398907269922e-01
3.786517825058139941e+00
5.454801395986783064e+01
2.944754507532395493e+01
1.640221788762529511e-21
1.454536659546613213e-04
5.490317476945749675e+00
5.718639518051257253e-01
2.452586177620729391e+00
2.261572935323176640e-46
2.908722141789195703e+01
2.233018930341483355e+01
2.055757870213241745e+01
1.230423123215692840e+02
3.945106959536461400e+00
2.813830758360811046e+01
4.025919359574452017e+01
1.626746665604809650e+01
1.389833322700681606e+02
3.038351020063291831e-309
2.749636431591646328e+02
1.765537576024697941e+01
1.154691883704579780e+01
2.971187638260147423e+01
1.065149164395582773e+02
9.471330428191154738e+01
1.425047833231634087e+01
1.746021193062161814e+01
8.399721855797366743e+01
9.582182961678833877e+00
2.618185885078063180e+01
9.022004459264511000e-01
4.585384007999495637e+00
1.087916463951432267e+00
6.821283198920066813e-05
1.663516557086854308e-01
5.480978801304392789e+01
1.180493890035560156e+01
9.016326544878826565e-01
9.295440852359794448e+00
1.195246457177054999e+01
4.505251066299722496e+00
5.535613997301448430e-01
2.434744026195011408e-03
4.143521729392122488e+00
2.898516383200688892e-06
6.553362979565464409e-04
2.436966160771208631e-02
2.990416889456077310e-01
7.448768495216553888e-04
3.231282250867253403e-01
3.859380835482534522e+00
6.223323844520010972e+00
4.787702671476606220e+00
6.477610185679373522e+00
8.756630835264195056e+00
1.359359510562009277e+01
1.581089884498604015e+01
1.507423292004504134e+01
8.275520276467504743e+01
7.282942500243696493e-01
3.180912103999955843e-25
3.686359511921752374e-02
2.118961850949358734e+02
1.848830271760490140e-01
1.311514761338671065e+02
0.000000000000000000e+00
1.068109443110253309e+01
5.859058150462268522e+00
4.315779113964721247e+00
9.294405663259146522e+00
4.623738387496048929e+00
2.268658857953266761e+01
1.494805004715515639e-01
0.000000000000000000e+00
5.447864730445361126e+00
0.000000000000000000e+00
5.646236323741921082e-01
1.127456007785249881e+01
7.673986236770330649e+00
0.000000000000000000e+00
0.000000000000000000e+00
2.446801044355156316e-96
1.262108370987874847e-207
2.644720348695683943e-11
1.893081071308839056e-16
1.261246904354964421e-02
3.807865702585726725e-05
7.731428632942850820e-02
7.574895956898803462e+00
1.232461435910009406e+01
2.765121907734568563e+00
9.001849687131505476e-03
5.077950479934122824e-02
3.572500581575795753e+00
8.855002820384418657e-04
1.796972652293846506e+00
2.040074004665994067e+01
7.218995470257126845e-01
1.157151619152674193e+01
4.606093689660192325e+01
5.689887917758850477e+01
2.093858314731981807e+00
1.189543299409752031e+01
1.655435196184193325e+00
1.115728440853347934e+02
4.424667509215060335e+01
7.956838617911113687e+00
1.934697021989950372e+01
3.854235781032598618e-02
3.068175754097031813e+02
7.109829613862146402e+00
6.013450413378364168e+00
7.418549009196951260e+00
9.699288621131792354e+00
6.922761461427528573e+00
4.709055857634774966e+00
1.918332265700104955e+00
5.914266679062730070e+00
4.982687966965995141e-01
2.296392862678328650e-01
6.157913999356833301e+01
2.273718410726155170e+01
8.373156874836627850e+00
7.389015227845115774e+00
4.253399304911249956e+00
5.924853409132518678e+00
2.017514398536175424e-01
1.464825317337958621e+00
9.411693717322441310e-01
8.417950799158080226e-08
9.568819066419810282e-01
2.015971763584585174e-20
4.187134978602157886e+00
7.997465179013762793e+01
5.364173065991975520e+00
1.891672802284427753e-03
5.672641255288730200e+00
2.099931365679097084e+01
1.221005119578782505e+01
4.167811218042752230e+00
8.625519543785806320e+01
4.065943124913724144e-02
3.775779234290705944e-01
1.343134411994434674e-01
7.309577749097942956e+01
1.512218296919707683e+01
7.115786479930421958e-07
4.585225877553714656e-03
2.057149566925766393e-01
1.182027857129011394e+01
1.209256109911007471e+01
1.105406107923397441e+00
4.059877987703861102e+00
4.384238342229693219e-02
3.622063672914885846e+00
6.717954186013479045e+00
1.846801341028243115e+01
7.581204262335844435e-01
1.182060331703292455e+01
1.176061674378480193e-01
0.000000000000000000e+00
5.265341468318369492e-06
1.063460468021018013e+00
1.580021945009318252e+00
1.106367512611017467e+01
2.207036570755804661e+01
8.077475352120263352e+00
7.917345894476738088e+00
3.566594703707267655e+01
1.306970970933095622e+01
1.486927319124447422e+01
4.326912316606544991e-10
5.468338122805959323e+00
3.169415684601885719e+00
6.284528866627460353e+00
6.591589509843593042e+00
4.198420430890224431e+00
5.310508982953034085e+00
4.115882299590742477e+00
5.515107169284765298e+00
1.831947683456318714e+02
4.846151042752924631e+00
9.401662614097860526e+00
1.206837110779001687e+00
4.255970086424005316e+00
5.724390440068153652e+01
5.963748478954058463e-01
4.177924293764016639e+00
6.109883115760201377e+00
7.381530839226640772e+00
4.766145745289674274e+00
4.675831528085558908e+00
3.423339023687624660e+01
4.187640993322465022e+01
3.392895249349937359e+00
1.182369583025571786e-03
6.566628144594361061e+00
5.553602804497550949e+00
4.602349567014065279e+00
1.254594323027325764e+00
8.219040805408305284e-01
1.623352157721420497e+00
3.981134224542112410e+00
2.854577389052112668e+00
1.103148444994380739e+01
2.836255906349664624e+00
1.333828170362262025e-82
4.482756485147864289e+00
4.917422204106060946e+01
2.217187452866778152e-01
8.178887042136379293e+00
0.000000000000000000e+00
1.283628656677393280e+02
7.185597551444815323e-02
5.164411092599714266e+02
6.853868060669263969e+02
4.303823938090909351e+00
7.406217753998575182e-01
1.475324680227876772e+00
6.209317637150786595e+01
4.686374081607131359e+01
9.819264129423556753e+00
1.873109694373357925e+01
3.666545997139886826e+00
5.087474291681926886e+00
2.423432675138281311e+01
3.244512598056140690e-06
7.145944644037940918e+01
4.161542087411583566e+02
1.859102767531650409e-12
3.138535713520618131e+01
3.656340512616922196e-25
3.106251402172093279e+01
7.716693377568222501e-119
1.948594834070753734e+01
1.574882021244565244e+01
5.359787173754732237e+00
0.000000000000000000e+00
9.615345683009120847e+00
1.188255837683831118e+01
2.122994063436937040e+01
8.968184364470533865e+01
8.655442800132190939e+01
3.256536384154963315e+01
3.529650309377859685e+01
2.453636378447070499e+01
1.310095791542530286e+01
6.532684669529307264e+00
4.809221655098582460e+00
7.153598021602294743e+00
5.582613020009758564e+00
1.383297724866714873e+01
9.578612225198419594e+00
3.209352944619880788e+01
7.257095793026802077e+00
2.825517321402211568e+00
5.990139244632540994e+00
1.416310534423784695e+01
1.453588468565056360e+02
8.407241967584075937e+00
2.358621118953053042e+00
5.188067690066525017e+00
9.649167070471323271e+00
5.334376361938939048e+00
6.978161392103494620e+00
2.731680955451880166e+01
1.273457639415920184e+01
5.087413305544263409e+00
5.570407588270815324e+01
1.188240958457510210e+01
7.163988248333018838e+00
6.266976000161608162e+00
1.221855285884102074e+02
7.872624789562078718e+01
2.640146174208054504e+02
6.191337357086302262e+01
9.413902643907599455e+00
9.497404292117817022e+02
2.244795865136731550e+02
5.836463469952111609e+02
2.802601331471788981e+01
2.227953129868800630e+01
3.376505124513568603e+02
1.075714611802291358e+02
1.006530306356595439e+01
2.241383052246072083e+01
2.801086226620018849e+01
2.432686167000872501e+01
3.134961375948786610e+01
4.310595043203726817e+01
4.013020089356299280e+01
1.264998926526485974e+02
1.717381208542138893e+02
4.359613556252705280e+01
3.705762223525069032e+01
1.448749304653533088e+01
2.933721361972676522e-01
2.052493766483295090e+01
9.874646798398571264e+02
3.409888424823240172e+01
5.687967964507136287e+01
9.744476611835226265e+01
6.150936070949634313e+02
2.746723058766771715e+02
2.661726891995694132e+03
6.641664963262115862e+01
2.562669784899645009e+01
1.180543727441978632e+02
6.638729918660153828e+00
9.938021224891457450e+00
5.661720689428828024e+01
6.547437893364035233e+01
1.804821990467384737e-06
3.590758523213888331e-02
9.937396195785116315e-06
2.812402706273581021e+00
9.772703893685102827e-284
7.719311829771682287e-01
1.347522531632405159e-17
1.270729428575683777e-26
6.996592634392425225e+01
3.812100497181260168e-32
2.200637128769978537e-20
1.535430225313232029e+02
3.781312528903126235e+01
5.234045452896482153e+00
4.403612699999740698e+00
2.684384671317197490e+00
2.331087784256845552e+01
6.761407764973117497e-04
2.787747149622015286e+02
1.304394159139596354e+02
5.405146186971045097e+00
4.815723021423863024e-14
2.524712821987867145e-02
0.000000000000000000e+00
1.050388023639771973e+03
0.000000000000000000e+00
5.671200156476400167e+01
4.006623010044533267e-09
2.377559716972488287e-148
0.000000000000000000e+00
0.000000000000000000e+00
0.000000000000000000e+00
0.000000000000000000e+00
0.000000000000000000e+00
0.000000000000000000e+00
0.000000000000000000e+00
1.185524576212548453e+01
2.628467637651704081e+01
0.000000000000000000e+00
0.000000000000000000e+00
0.000000000000000000e+00
2.282971223500445008e-22
5.017554907405322607e-14
4.764977211183741019e+02
9.561754295669326886e-01
3.188702456690795657e+02
2.591631232491878905e+02
0.000000000000000000e+00
7.752762700035260650e+02
4.689879923331911868e+02
1.350329956185412250e+01
4.303129556036721226e+01
2.480122951975321025e-02
9.362033061245854881e+00
2.511817984606947163e-01
2.432672948623017817e+01
2.643677736098877773e+01
4.587909017542170886e+01
1.291832407466368338e+01
2.580954054090938143e+02
1.098730746712599737e+00
3.991002899978949614e+01
1.024058283741874931e+01
4.534929474471605104e-01
9.691977129137156055e+01
1.082618876259628280e+02
1.539365588248960648e+03
1.501365426479265843e-19
1.946072078173028075e+01
5.848254306983577955e-01
1.723298702810017709e-03
1.349199970675516624e+01
3.574466175278619845e-02
9.604593120327734823e+00
8.785021790804670161e+00
1.156608824742913022e+01
2.888299766175954630e+01
7.744482717705200692e+00
3.201321758131561723e-01
3.034731885274268848e+00
1.334086432754303109e-01
8.626292640082913743e-02
1.061244744361867998e+00
4.187541229434567214e+01
9.885633032187524094e+00
3.890532860216410871e+00
5.739762598762277790e+00
3.807609696549783429e+00
1.574883537977119197e+01
7.895116627549680466e+00
2.167818570160472191e+01
6.029896884855576029e-129
0.000000000000000000e+00
2.069287435209259490e-140
3.546563523646159348e-62
0.000000000000000000e+00
0.000000000000000000e+00
4.169069049500879164e-03
8.550090443123755377e-07
1.072459934646111379e-54
0.000000000000000000e+00
5.033563877691638565e-03
0.000000000000000000e+00
3.567310447891362202e+00
1.979055430603240495e+01
4.265906257997903026e+02
4.058621311973191759e+00
1.127840992964109823e+01
6.624890026362269424e+00
2.453644861751799411e+00
6.818410954128033552e+00
4.719373676487419900e+00
3.229462284870828981e+00
7.074749745211427410e+00
2.504112195235850269e+00
2.901436022852252439e+00
4.380794842701834391e+00
3.244585519801572726e+00
5.012734241817720715e+01
6.408587860548659876e+01
1.123986474028264659e+01
5.501770194990643681e+00
6.826927750455750399e+00
2.789412370923908036e+00
2.923693262760539233e-03
2.699931475836672146e+00
7.968933257360357736e+00
8.869427054800883836e-02
2.751396229926765802e+00
1.312495186864620678e+01
2.374017635677895255e-01
8.840638451021193944e+00
3.879002822415483775e-02
3.520344386509329238e-01
6.846599664363641757e+00
2.467770647590148136e-01
4.193548215149125014e+00
2.486422539988278335e-01
2.526796564803476386e+01
3.401024897823898829e-01
9.817688608749184365e-01
5.331331807576363246e+01
1.001924416166072689e+02
5.085913153408481691e+01
3.074602151610532630e-01
6.442074181585347503e+00
1.072346449251631384e+01
1.811588649419337216e+01
1.250164895743284532e+01
4.103940432409221988e-200
0.000000000000000000e+00
8.822222588297144739e-102
0.000000000000000000e+00
0.000000000000000000e+00
1.152568982924010019e-12
1.269678881769065225e-225
4.853203187441076238e+01
2.946433726953057164e+00
4.892096867227602175e+00
2.193752773967231562e+01
1.327627030381581186e+01
6.756271375860792183e+00
7.257514200674761184e+01
0.000000000000000000e+00
6.789346794313505598e+02
3.481314977244606325e+03
0.000000000000000000e+00
2.079368490996398577e+01
1.800783828670257236e+01
1.275309850265702494e+01
5.153310625011313650e-01
1.048876442987088486e+00
6.732301544148500625e+02
1.599897025347870704e-159
1.364349750868994704e+02
7.919695399536143786e-04
4.388132545190162404e+01
3.037357938299896887e+02
1.428530297407450860e+02
4.087043305830121085e+02
2.783517076201969758e+02
3.775015650050977456e+02
3.420531249991815059e+01
2.211664155871379123e+01
4.520250068735986559e+00
1.742650348150261266e+02
3.123418314217659031e+02
1.284109287947775329e+02
1.410132417391418080e+01
9.712297627458612581e+00
6.293972789068266138e+03
7.072370991737030010e+01
3.654212536627716190e+02
2.189983447223765760e-06
4.773709592430491853e+02
2.802740824922658192e+01
1.015400617220360679e+01
4.885828783459416513e+00
3.419848458998558982e+01
3.856301520541170191e+01
8.734766699800378120e+00
1.186239723221962805e+01
5.556637751598684893e+00
8.940629927584934578e+00
7.933539427336675054e+00
7.989883322568876345e+00
2.042175662082176402e+01
1.043461682871708121e+02
1.098786053337154414e+02
3.278233299824165670e+01
3.007685345294055068e+01
2.149295421984485301e+02
7.103703371682563272e+01
5.959464706194613370e+01
1.520459550624126133e-01
3.085869232853728050e+01
9.938549075467732052e+01
5.388222939569728709e+01
2.296630226894379803e+02
1.476266285976941123e-02
1.673718474927097688e+01
2.518549608860134370e+01
1.371735684541742373e+01
4.055349686888958871e+01
4.341265710947453016e+01
2.475202875157823712e+01
5.261373746170113463e+01
2.925179736043528465e+02
1.553405060215686717e+02
1.804856141875789604e+02
7.559798340938154126e+01
4.060201717570006252e+01
4.322552201415369666e+00
2.927109361721495162e+01
4.306606625706336899e+02
1.186709116908274808e+02
6.184526256348173234e+01
2.280343740054906121e+01
3.708510375625571953e+01
6.647151251162087604e+00
6.480649518038333667e+01
4.826506134974221851e+01
2.963352716042543022e+01
5.569993985528207503e+01
4.473986230980656842e+01
4.974899035267165459e+01
6.261672139051436270e-01
1.434805625041189217e+02
7.205218539929779675e-01
2.916631515303926335e-09
3.998405657487078546e-01
1.047085726934036529e+02
3.255344234147946736e+01
4.728453130431852713e+01
1.698703852475211620e-02
6.331158390244849749e-10
4.258013367619934115e+02
3.624699179996433429e+01
1.312030074463035740e-05
6.309791734567225774e+01
7.033463545846187515e+01
4.232498617093460780e+01
3.690645916801471316e+01
1.090152169853842068e+01
4.802427436567185737e+01
2.024111961957570145e+02
2.171691924898428994e+01
4.981952571107596555e+02
1.472944553558910457e+02
9.946513730875554415e+01
1.254651089158413235e+01
1.579840619433818802e+03
3.374516696384832315e+00
4.733561793176239973e+01
3.464073793074383047e+02
2.254970895725658675e-01
2.299165173196277223e+01
8.795633774096137358e+01
2.040082489989362386e+02
2.645882116402243156e+01
4.297283096571338490e+01
2.431959791028473887e+02
1.951572558933252211e+01
2.519109671723944643e+02
6.678880526586451083e+01
1.615942755298702593e+01
3.281189627305370493e+01
3.268369724395232367e+01
2.454606300078310355e+01
2.185196364287974313e-01
2.481166195417382525e+01
1.541009439082416854e+01
1.371438089324508098e+02
4.402056922903795453e+02
5.034464100959537802e+01
6.052261429526399183e+01
3.674784353182919716e+01
1.193579109269212735e+00
1.336631139737763760e+02
1.310767455697784385e+02
9.695152177048344200e+00
1.636875666446255195e+01
4.925296628812274946e+01
7.583741034047582821e-07
1.458884929701388877e+01
7.664741338096972356e+01
7.905664502448448161e+01
1.674422499579587509e+02
1.064387041316344380e+02
1.763094930331956078e+01
4.524235238349948673e+01
4.144463310451039462e+01
1.768270611451922747e+01
9.470374946943387329e+01
9.938548118418364652e+01
1.272158210363675011e+02
2.193011479121056709e+03
1.466142433040022297e+02
2.106821439341837277e+01
3.412232981081608330e+01
4.667617626176662782e+01
2.205649087125645735e+01
7.342754847042945698e+01
1.487944464504302289e+01
1.781677527266727168e+01
2.478645023068317244e+01
1.889248325863438771e-01
2.158544079196323651e+01
4.127704816194446846e-01
2.098966365109641075e+01
2.224428185396783775e+01
1.671446662680153281e+02
6.289990796253007943e+01
1.553124517974856360e+02
2.389679000336069059e+00
5.680684205712704937e-01
2.520328645180310048e+02
3.347976159735512169e+01
3.736493003885041730e+01
1.136686791760425663e+01
9.138105067082415189e+01
4.128944810166924051e-01
7.481018413370512121e+01
6.628159538456148248e+00
5.089557091252570586e+01
7.963668171274377983e+01
3.784626934317269331e+01
1.131931317656365188e+01
1.391624520471119375e+01
2.609227265006693415e+02
2.943592355720004772e+00
1.776080730206217950e+01
4.039868870987302074e+00
7.367479669528846387e+01
3.523926518392497798e+01
4.566552623940224720e+01
2.963364929519956092e+01
3.574079635143989159e-15
4.783691272771087455e+01
4.689578473331232544e+01
3.253401215563359017e+01
4.025043852188570526e+01
7.335684318257698067e+01
8.910779715697255687e-01
7.606110775464256335e+01
1.373577507175890989e-08
1.328052369007426847e+00
1.198304313684951126e+02
7.905014091336566295e+00
2.614827570847845783e-01
2.330178000862166954e+01
3.554755640066325384e+01
2.424251719749134182e+01
1.027694019975592710e+01
1.445304363453953442e+02
1.153782551133342764e+02
4.995439328932465639e-04
4.394951982096141307e+01
3.988550508553749552e+01
4.226747905427498608e+01
3.414062702671851923e+01
4.529165281778748664e+01
4.157495659947040423e+01
1.124296682220178134e+01
3.317223619737333706e+01
9.171682342328284676e+01
2.574767461056908857e+01
4.768704547256749038e+01
2.245983621063913560e+01
6.964428065239175680e+01
2.029251662555897440e+01
3.853282674622230530e+01
4.528280587935346091e+01
7.404374942923173109e+00
7.758968520883686892e+01
2.416098684960639176e+01
2.756204231330057652e+01
6.477563863075275208e+01
1.497685521929942709e+01
3.402335106673150023e+01
6.293834639229380201e+01
1.259665127640254525e+02
2.220620723740611524e+01
2.092103518568485470e+02
1.892495814691395424e+02
8.596585973865568064e+01
9.865067650477075745e+01
1.648686989330420960e-01
1.043937388237419555e+02
4.001172153681205401e+01
9.766183545412451039e+00
1.717805512146950266e-03
4.860279651891732389e-01
5.557923048123996779e+01
7.961546965628839700e+01
2.180251886746967500e+02
6.676833653231663845e+01
1.251150323041862755e+01
4.999687895624540346e+01
1.558911113194248621e+01
9.283544575850611880e-01
7.802383590588857487e+01
1.341548158203700609e+02
2.139621476908976376e+02
1.057482966003179461e-15
7.163280554356614032e-17
2.331987572806480280e+00
1.193930487614149030e+02
3.337641514167808623e+02
1.522318858051827135e+02
3.767875635730077555e+00
4.813548854510457144e-03
1.263565292801252760e+01
9.006834347381682093e+00
3.014119848128416379e+01
7.406167765978944217e+00
8.778706426430577636e+00
1.808088926964063248e+01
8.653758097127537496e+01
9.684517846859392876e+01
1.318620293665873646e+02
2.776425750319477288e+02
2.128004777528134639e+02
1.155571580597000150e+02
6.014783297256371242e+01
1.197927018584119878e+02
4.693185933007412558e+01
3.327061424994162167e+02
1.571564898275537914e+01
2.259410062965726951e+01
1.771491778299419906e+01
9.449912523653017615e+01
2.044462902358182248e+02
5.435145565139941226e+01
5.265620576446854528e+01
7.939177932863552201e+01
2.988449540335306054e+01
4.784867207438718140e+01
8.096278078272233358e+01
2.038013818765917051e+01
9.181024722551262585e+01
2.983641716122027105e+02
2.416596271150266872e+00
5.506330440245056224e+01
6.315678271824735901e-02
2.912907258782596998e+01
6.572718688851534807e+01
3.712591572357994352e+01
2.364017943335916172e+01
8.664126252231211822e+01
7.927149617217874034e-02
1.979360139034522206e+02
8.526781554578509486e+02
8.958100433535551588e+01
3.079726992589551315e+01
7.712459323310933712e+01
9.786157220070752061e+00
0.000000000000000000e+00
9.360379882631069196e-03
3.670406188045186466e-35
9.966512746467838042e+02
3.582506567404574298e+02
4.720042756276053098e+01
7.642564498424331276e+00
9.550053843091339811e-02
0.000000000000000000e+00
4.340458399810639207e+02
1.266088885456358426e+01
3.406988668751845353e+02
2.649919171008955914e+02
1.315451975191464498e+03
1.924514126186859073e+02
4.143575905908576260e+02
7.952223587551156015e+03
1.108847888511741928e+02
1.418572940294074840e+02
2.168916559204868875e-13
3.271451006886341588e+02
0.000000000000000000e+00
6.299067302260005522e-236
4.606015689213713848e+00
2.844133080414230790e+02
2.624531476911906221e-181
1.375510287891558514e-50
1.432609329040924334e-03
0.000000000000000000e+00
2.365365102586375912e+01
1.278311661547724097e-02
1.435721995463075245e+03
1.031698509659388988e-02
3.002340038892608050e+02
1.025288409293082395e+03
1.308382623953320723e+00
0.000000000000000000e+00
4.481661327475859228e-151
1.247400507512883365e+02
9.618601763481397882e+01
1.773057073579005438e+00
1.072728962051113740e+03
1.373521918401508532e-84
4.526993074489557201e-13
3.778690814821935679e-14
5.477806060916437900e+02
0.000000000000000000e+00
0.000000000000000000e+00
0.000000000000000000e+00
0.000000000000000000e+00
0.000000000000000000e+00
0.000000000000000000e+00
0.000000000000000000e+00
0.000000000000000000e+00
0.000000000000000000e+00
0.000000000000000000e+00
0.000000000000000000e+00
0.000000000000000000e+00
0.000000000000000000e+00
0.000000000000000000e+00
0.000000000000000000e+00
3.579629990879462866e+02
0.000000000000000000e+00
0.000000000000000000e+00
3.264508745707305579e-36
0.000000000000000000e+00
0.000000000000000000e+00
3.258150403746669533e-20
0.000000000000000000e+00
0.000000000000000000e+00
4.345990101800049077e-01
2.381026791308105146e+02
3.391863562310620637e+02
2.763234036140060825e-03
8.120183050181195128e+00
8.242172695160718376e+02
5.978340677834640928e+02
6.947833953393540014e+02
1.420303127170190294e+02
8.212527201596363966e+02
2.226156947257102843e+02
1.633519895388643857e-68
9.006320935827134722e-12
1.132706016614038844e-16
1.992433204495658288e+02
2.850538976056999445e+02
7.093641171493344473e+02
6.457653930980325185e+02
7.331133265136124066e+01
4.282107911958935915e+02
5.042014324614424368e+02
1.295775914406571587e+02
1.659912459400404259e+03
1.795524815654943325e+02
7.149030926181332291e+01
1.011452063041953579e+03
5.134060299765865238e+02
0.000000000000000000e+00
3.173471953644881864e+02
5.050258568033462581e+01
4.072528601622667566e+01
3.074007429985477984e+02
1.685621538594647584e+00
4.249625753738501288e+01
1.306067727100167133e+02
1.971460448105275702e+02
6.079108002225751539e-01
7.410511694802048055e+01
4.415543749679364396e+02
6.471019616923846343e+02
5.381742440276672568e+01
3.994931181949631593e+01
3.092058956434112247e+02
1.120725530826440206e+02
3.044510125266115974e+00
3.149319422566187541e+02
3.065036980967778945e-03
4.383214385030681504e-02
3.723195088830739792e+02
1.665673386051904288e+02
2.212040876773804712e+02
2.896118492057834146e+02
7.407798842025718408e-05
4.324690136728174394e+01
4.099689023122706431e+02
1.357745566106695151e+03
9.675446285007230074e+01
1.267915616312574940e+02
4.278356019632948914e+01
5.831596075163682826e+02
3.242395804791945011e+02
3.016801444866749762e+02
3.964759582586164584e+02
9.853275764479656118e+01
2.109078294232108811e-02
1.836660326829542669e+02
3.866318040426214679e+02
1.878544761209246872e+02
1.171416157262382001e+02
1.804861829076413571e+01
6.627883398443527767e+02
9.481885391352921033e+02
2.404321747757331104e+04
1.601154940236657183e+02
4.328206658426638569e+03
1.181351990487752346e+03
2.042053127936555370e+02
3.323380585290482259e+02
4.209936410477370146e+02
1.684702783763171041e+01
6.192593871902290914e+01
6.521834295718309704e+01
8.938573071264883083e+02
3.616506005137646298e+02
1.248350737376561881e+02
4.637983620115929284e+02
1.954281859571759981e+02
4.076039929246455813e+02
9.646514134691177578e-01
1.249692299177956301e+02
1.253354592603912465e+02
3.779766150979002077e+02
2.776411633789949747e+02
2.456680070505942695e+02
4.263690923441121328e+01
1.243305639632072790e+01
4.189220595825577789e+02
6.865838169715890160e+01
1.688653340691060407e+02
4.148041635316134546e+01
1.364443386069899589e+03
6.951175477250930612e+01
4.177323817487664570e+01
3.611638136718848955e+02
1.886063117691931268e+01
1.187893763028357625e+02
5.766276887642849260e+02
1.969240020155095294e+02
1.658436094097469171e+00
1.795449868312524089e+01
1.650783892223150268e-11
1.068107856240177078e+01
1.522936462599511209e+01
2.247312617243936041e-08
2.096190646988690259e-02
2.262029377146053477e+01
5.681841801708451545e-01
2.873000478583825057e+01
1.524633177798545489e+02
4.425448271026010794e+00
2.147500535165138899e+03
1.658393152641904749e+02
3.083227169206956181e-102
4.836034310901230329e-12
2.089950844780396814e-13
2.045026266250490472e-203
1.911343580993076898e+02
2.677397572929338025e+02
8.256846185072182820e+00
1.305714236752887558e+01
6.239654324740112834e+00
2.648000691560662858e+02
3.598941233054782085e+00
1.825324529678325221e-312
1.240140305749021386e-09
2.028442571252179505e+01
9.634305636025137137e-18
4.923745550508582980e+00
6.308319589990722065e+00
1.867941024403634742e+02
9.323129362042959656e+01
3.204284106594454951e+00
9.748555241287324691e+01
3.330879503374098403e-16
8.462049349251854437e+03
6.493111798777025001e+01
4.214802451762630881e+03
2.189560280568791859e-23
1.088695310959119943e-15
2.632970335263657872e-129
2.932006624817243079e+01
2.637445073307182497e+02
6.328140877692960231e+01
3.383823703281545647e+01
5.672788593210304458e-06
3.699188519036619596e+02
3.315930952528650550e+02
3.201155973275623623e+00
8.637470167080597605e+01
1.639061949630057669e+01
1.123363659127736582e+02
7.005833683754154890e+02
3.001281271295942474e+02
5.178055439615790334e+01
1.464710037233655449e+01
1.535372063156305877e+01
2.582453694629368357e+01
6.999481473031834988e-02
0.000000000000000000e+00
3.356031519600955963e-289
1.833911259844291521e+02
6.732325031769282475e+01
1.396757008202310736e-301
1.003818898242559925e+02
2.192774972869957821e+02
0.000000000000000000e+00
3.185673139331472813e-208
0.000000000000000000e+00
1.061424324417682035e-53
3.549711377855269654e-72
0.000000000000000000e+00
0.000000000000000000e+00
2.865949460269097163e-08
9.122789414178024787e-297
1.515900117446806891e-220
1.709982802360933068e-24
5.600591721514399663e-110
0.000000000000000000e+00
4.142600921911846479e-01
3.705332898489555049e+00
0.000000000000000000e+00
2.439010763882678055e-104
0.000000000000000000e+00
0.000000000000000000e+00
3.578180992952065062e-283
0.000000000000000000e+00
1.319799531007687542e-210
8.023130588881856705e-122
3.306032069524304674e-43
4.010175160151621579e-17
2.019482288473993821e-25
0.000000000000000000e+00
3.329359728773584732e-12
1.003118536033314001e+02
6.390430216498745042e-02
5.981016221147495046e-34
4.280028828144605058e+01
9.425871955960327853e+01
9.815435449451381280e-28
1.133972524816506677e+01
4.546872968461338260e+00
1.900789779077477476e-10
2.313363077908410543e-39
4.205076892832570934e+01
8.202032501433862794e-15
2.335718558661081090e+01
3.901868955972663855e+01
7.709645022052852070e+00
9.857564123158523373e+00
6.981922860422217880e+00
6.355898266489654169e+00
1.567184973855130536e+01
1.851420965000474439e+01
5.434292113202654484e+00
2.426921647982419827e+00
1.747728531234893579e+00
1.531671690832757449e+01
2.817706822832832247e-01
8.088464984758484633e+00
2.636091430763750054e+02
1.471488068965354046e+01
1.631246507692849519e-08
8.920122029940124264e+01
8.303412884210270040e-191
1.066064426355518791e+00
0.000000000000000000e+00
7.467538935144686640e-02
4.470395856153582592e+00
1.137198940139244636e-266
4.244522343256322997e-31
9.159675145169467214e+02
1.989605504892884638e-02
2.043194428440240173e+01
2.067874487280613494e+01
4.793586174499943553e+01
3.411696237205867304e-102
8.526682849204516401e+01
3.759096728608616331e+02
3.786874595393041432e+01
3.051768959098217238e+01
7.494085257640938380e+01
5.644259987502542231e+01
0.000000000000000000e+00
2.693601502352942489e+01
4.588572558433819637e+01
1.530916969338206002e+02
4.759017681106787734e+01
2.468326906322390255e-02
7.985062146175375747e-09
1.453068462059948896e-14
3.246494820287535532e+01
2.864644716650342648e-07
3.165061823334947348e+02
5.884452401332279647e-01
3.233863293962937746e+01
9.223090377668723510e-19
4.866641251186065631e+01
6.090930853386641418e-19
7.921205075760969015e-05
4.077733341091825587e-107
3.984888003077909246e+01
1.740537829094433420e+01
9.456750932738944471e+01
2.576382599671073920e-07
3.988385348836605976e-02
1.246203053464509936e-01
2.760350393633348802e-198
7.784461714140816468e+01
5.261319434088218922e-09
6.344475979983482716e+01
4.501102817030113101e+02
4.141651704945763868e+01
7.699546173814130157e+01
8.316109296228279149e-11
1.780148990419253323e+02
8.495137694012280463e+02
7.986173262617494994e-02
2.900620767355215435e+02
1.875916378252723575e+02
8.528350423707401262e+01
1.247116448859983606e+01
1.490496401234279844e+01
3.734580910052957847e+01
7.194418777652340652e-06
0.000000000000000000e+00
6.458978748690222460e+01
3.706073365116287732e+01
4.814635523340221823e+01
4.821058321199445373e+01
5.131718354608135968e+01
1.242477652564487585e+02
5.592142315062354818e+00
2.266708368253189747e+03
8.508989998646908361e+02
1.944180866353831334e+02
5.173542104921623798e-117
4.216981712385451146e+02
8.781088357721326076e+01
0.000000000000000000e+00
0.000000000000000000e+00
3.904943208360874110e+02
5.333470666159760964e-20
5.160120532494322701e-52
0.000000000000000000e+00
4.361751342064297565e-317
0.000000000000000000e+00
3.385090686337967725e+01
1.350768297231363704e+03
3.723643650985230530e-09
5.456482248237334298e-01
1.388092113603531708e+01
1.233925738597463777e+02
1.608554654789868721e+02
3.132615659656336788e+02
3.959769451760419656e+01
5.128639105552347033e+00
1.737627037186644259e+02
4.017537847387739447e+00
1.880952119796893030e+01
5.804934590231766833e+00
1.704229835290188078e+01
9.419992782261321906e+01
4.838551339515517191e-01
5.549841542857797143e-86
1.018995149404715361e+00
4.245228710921137463e+02
1.769183718738983169e+00
0.000000000000000000e+00
1.457753797532263325e-14
2.552649612723412956e-03
1.946271494428984949e-01
7.758974845379170482e+00
8.222550672419973239e+01
1.737485128859485073e+01
5.208571882511165541e+02
8.553127939841719560e-24
4.707297633315798535e+00
5.503438585314213150e+00
6.469220337083012140e+00
5.990153691448356632e+00
8.682761040666768793e+00
4.945371662326070172e+00
1.424915233041436524e+00
1.513658572056002516e+00
2.793126404331569645e+01
5.618684621282187680e-02
2.573295511231724930e+01
5.450730084107207052e-01
1.056737054742326976e+01
1.261414821347136596e-02
7.180849176603829153e-08
1.596333621039676665e+01
2.951927487373901676e-02
3.153885515208241785e-01
1.217873884409607754e+01
4.373513856118668719e-01
1.766853807544383936e-37
1.452730260426625009e+00
4.047612142916304223e-01
7.747797410688463948e+00
8.424948325948800232e+01
1.899752037707663987e+01
1.078381007377194400e+01
1.385755860409588092e+00
2.917976088949625080e+01
4.725232836840716821e+00
2.811849008710577635e+00
3.953703388663604823e+00
3.852424380447403873e+00
2.647390214775687811e-01
2.915289140482927310e-01
1.256443986434345961e+00
2.122833083058518477e-01
1.324143136366565088e+01
2.357115448782012024e+01
9.999638088314084072e+00
4.197147406944871761e+00
2.538568522794001581e+00
7.700832313050887112e-01
3.149890545672219249e-233
6.796138979824113413e+00
2.593187731295310527e+01
6.410166479969965359e+00
2.441571580946621367e+01
0.000000000000000000e+00
