# residue i_ratio gamma_2
1.000000000000000000e+00 nan nan
2.000000000000000000e+00 8.380005784474275909e-01 1.728655402981218003e+00
3.000000000000000000e+00 9.024795759583597032e-01 9.732630484480121469e-01
4.000000000000000000e+00 9.331473999973537437e-01 6.472794047465405542e-01
5.000000000000000000e+00 nan nan
6.000000000000000000e+00 9.350190393449836490e-01 6.280139499205713571e-01
7.000000000000000000e+00 8.766862468809221154e-01 1.263386535414261047e+00
8.000000000000000000e+00 8.322122584282739544e-01 1.801618260445867037e+00
9.000000000000000000e+00 8.525608282829196805e-01 1.549072053008616834e+00
1.000000000000000000e+01 6.230442383378709259e-01 5.232057753167054237e+00
1.100000000000000000e+01 6.927027961295812997e-01 3.885977955971911868e+00
1.200000000000000000e+01 7.877066998884876270e-01 2.394684536580982126e+00
1.300000000000000000e+01 nan nan
1.400000000000000000e+01 6.117994691100665516e-01 5.474463819762966921e+00
1.500000000000000000e+01 6.005812881992136365e-01 5.724192461616573802e+00
1.600000000000000000e+01 nan nan
1.700000000000000000e+01 3.935267957320028875e-01 1.243901272178259454e+01
1.800000000000000000e+01 1.760149578197489628e-01 3.147296423096324958e+01
1.900000000000000000e+01 1.149145957238309618e-01 4.531347021557825627e+01
2.000000000000000000e+01 8.542059979673607972e-02 5.652201457429178078e+01
2.100000000000000000e+01 4.425733909300393065e-02 8.580276315503104456e+01
2.200000000000000000e+01 1.490660039220386389e-02 1.459195870832888886e+02
2.300000000000000000e+01 nan nan
2.400000000000000000e+01 nan nan
2.500000000000000000e+01 7.172187809269372008e-03 1.927939293179724984e+02
2.600000000000000000e+01 7.545208039194724325e-02 6.158946657508509048e+01
2.700000000000000000e+01 1.275316307740066435e-01 4.168358082193689285e+01
2.800000000000000000e+01 1.493743553174991523e-01 3.648198807782323883e+01
2.900000000000000000e+01 1.337910515958669611e-01 4.006796743743812783e+01
3.000000000000000000e+01 1.658209611439033226e-01 3.324802184204772715e+01
3.100000000000000000e+01 3.076741647561026527e-01 1.733030169112831942e+01
3.200000000000000000e+01 3.425119575035019404e-01 1.510332991579656259e+01
3.300000000000000000e+01 4.152060189386441724e-01 1.147369316259648642e+01
3.400000000000000000e+01 3.228820516739862589e-01 1.631008718255907297e+01
3.500000000000000000e+01 2.217392475507857508e-01 2.509057279537620744e+01
3.600000000000000000e+01 1.774535812951552327e-01 3.123482192808336677e+01
3.700000000000000000e+01 7.482124516409049964e-02 6.194025366880876504e+01
3.800000000000000000e+01 1.617361703639556836e-01 3.400563189585227519e+01
3.900000000000000000e+01 2.328500431502751045e-01 2.383752685747748501e+01
4.000000000000000000e+01 5.492818529399026151e-01 6.978439492057277427e+00
4.100000000000000000e+01 7.055296342543433408e-01 3.663843240657512546e+00
4.200000000000000000e+01 8.426069816423481518e-01 1.671236244006393701e+00
4.300000000000000000e+01 9.100265613286865340e-01 8.911947052835013094e-01
4.400000000000000000e+01 nan nan
4.500000000000000000e+01 9.301666279456030084e-01 6.781069171535234474e-01
4.600000000000000000e+01 9.537223962826305579e-01 4.392735490066265736e-01
4.700000000000000000e+01 9.530639214851583940e-01 4.458039048053020204e-01
4.800000000000000000e+01 9.258264797965098936e-01 7.233154726558702619e-01
4.900000000000000000e+01 9.705542931451198729e-01 2.750863473375045332e-01
5.000000000000000000e+01 nan nan
5.100000000000000000e+01 9.650489898391695354e-01 3.282139209113915657e-01
5.200000000000000000e+01 nan nan
5.300000000000000000e+01 nan nan
5.400000000000000000e+01 9.318568456446630899e-01 6.606044878123058517e-01
5.500000000000000000e+01 9.788992986395769202e-01 1.955939075068056643e-01
5.600000000000000000e+01 9.864915971197643074e-01 1.243375980788893331e-01
5.700000000000000000e+01 9.953967510271121144e-01 4.202438302507170709e-02
5.800000000000000000e+01 9.976136044126343583e-01 2.174188814300377984e-02
5.900000000000000000e+01 9.982951737178319407e-01 1.552258782409473778e-02
6.000000000000000000e+01 9.987643210687543460e-01 1.124613560062515637e-02
6.100000000000000000e+01 9.987245443738531625e-01 1.160857259779244331e-02
6.200000000000000000e+01 9.987476422906504947e-01 1.139810595936838027e-02
6.300000000000000000e+01 9.986718131144972643e-01 1.208908954119244580e-02
6.400000000000000000e+01 9.985985984612723021e-01 1.275633954525748348e-02
6.500000000000000000e+01 9.983561183732296840e-01 1.496684726418319629e-02
6.600000000000000000e+01 9.976358259792015293e-01 2.153899462454509847e-02
6.700000000000000000e+01 nan nan
6.800000000000000000e+01 9.947703139872811073e-01 4.777075181862409925e-02
6.900000000000000000e+01 9.913676741605430554e-01 7.909926962380155191e-02
7.000000000000000000e+01 9.832124871898132445e-01 1.549900272003216506e-01
7.100000000000000000e+01 9.835833542048206812e-01 1.515138911551833500e-01
7.200000000000000000e+01 nan nan
7.300000000000000000e+01 9.527510571623865054e-01 4.489095826244867138e-01
7.400000000000000000e+01 nan nan
7.500000000000000000e+01 8.870853667924917252e-01 1.144580712669053035e+00
7.600000000000000000e+01 7.920842825756639893e-01 2.333702362422099608e+00
7.700000000000000000e+01 6.462012533535670400e-01 4.756252020894054411e+00
7.800000000000000000e+01 3.986535216181343877e-01 1.220282347695197167e+01
7.900000000000000000e+01 nan nan
8.000000000000000000e+01 4.910058941892888051e-01 8.674189735807866342e+00
8.100000000000000000e+01 4.982165124210550244e-01 8.445970110460377711e+00
8.200000000000000000e+01 3.997338622813486064e-01 1.215369755480895542e+01
8.300000000000000000e+01 3.975814453538316640e-01 1.225179382385253390e+01
8.400000000000000000e+01 3.760241825311688157e-01 1.328552013700209145e+01
8.500000000000000000e+01 nan nan
8.600000000000000000e+01 6.044818904861296027e-02 7.118380149339685659e+01
8.700000000000000000e+01 3.464246938723199443e-01 1.487622764158881061e+01
8.800000000000000000e+01 5.156265600144512851e-01 7.917571424316720119e+00
8.900000000000000000e+01 5.437375694910988599e-01 7.126232107825311246e+00
9.000000000000000000e+01 5.326187660936368973e-01 7.430617544755459214e+00
9.100000000000000000e+01 4.846411769114299384e-01 8.880451605611765942e+00
9.200000000000000000e+01 4.887593278108102179e-01 8.746470123114034934e+00
9.300000000000000000e+01 5.675335587526103565e-01 6.509634860125370182e+00
9.400000000000000000e+01 7.651292908906160983e-01 2.719097111752231122e+00
9.500000000000000000e+01 6.864991282387100657e-01 3.996047172259755698e+00
9.600000000000000000e+01 nan nan
9.700000000000000000e+01 7.444630204968433196e-01 3.031415698071117326e+00
9.800000000000000000e+01 8.286279448514555224e-01 1.847258943979321444e+00
9.900000000000000000e+01 8.128777859899880553e-01 2.052096556554336981e+00
1.000000000000000000e+02 8.933050411398210100e-01 1.074720244897965360e+00
