9.517737417555302670e+01
2.054371721302784337e+01
7.841617608646618010e+01
1.760198895811920394e+01
3.764573583786957300e+01
1.761747838017813761e+00
1.067794797164440439e+02
9.012496302873947229e+01
1.767980169077182584e+00
1.114927260032197509e+01
8.338922373785546682e+00
8.106654444824188843e+00
9.947803135003849775e+02
2.836992598992906167e+01
1.506168948412749131e+01
1.738765304390596622e+00
2.343615245352960841e+01
2.648223072523370636e+00
6.999357620621081821e+01
5.756456383429333812e+01
6.652705778627928659e-14
9.951031912921438904e-03
3.724586351894644487e+00
5.001802500836338083e+01
7.667403285008609792e+00
8.672519264697562402e-01
9.222256204362240339e+01
1.051886065032535100e+01
2.839352002940743702e+01
7.048214274668332280e+01
6.722555873130137627e+01
4.021756475332685099e+00
2.758580267254722429e+01
1.003262801295024786e+02
3.502942468000749443e+01
1.968090341622704287e+01
1.746746005515537092e+01
1.426921676130733963e-08
3.322654744124266646e+00
2.125268369271154090e-01
1.014496784243501359e+01
5.826617674701000027e+01
2.537364017309205337e+02
1.549911676767888302e+01
7.540245964824424618e+01
7.098472563161199733e-02
4.043449069038399735e+00
9.539563067674590613e+00
2.551043749657446469e+01
2.702846178837489077e+01
1.147955978655143028e+01
1.133297583732787750e+01
1.523862438383037166e+01
5.593900615335614113e-01
9.102454687589766280e+00
7.357133323970039829e-01
2.453838323307553804e+00
4.500588686390368132e+00
6.106917030857050843e-01
1.254781014757814894e+00
2.212046308975254405e+01
2.231368077646229153e+01
3.772704537383995138e-01
2.269493036231508665e+00
1.795130431372035762e+00
8.217183153078236879e-01
1.252738072301461081e+01
4.042953761351981967e+01
1.422902676121902132e+01
7.954286187751050896e+00
1.727510922878134680e+00
9.915726724507123890e+00
2.334748025346116140e+00
1.626957038474001038e+01
5.262789718933223071e+01
1.134186659393335539e+01
1.920000376699228894e+01
2.319169333108064002e-01
3.088304256028490968e+01
2.932204713322040579e+00
1.238147894024010265e+00
3.610341164794161983e+01
1.369935768224318018e+01
1.054153681354973848e+01
2.018101661239943923e+01
4.214326169738054517e+01
1.153298635518823723e+00
2.190544304723117452e+00
9.154095086468780451e+00
3.070347701471907609e+00
1.592329524502877295e-03
1.245754923151773141e+02
2.354295439330779338e+00
1.263482597360357040e+01
7.460064881073863452e-01
8.878899778300807638e-05
7.152151055612464559e-01
2.099412514040473354e+01
2.836853669943365297e+00
6.997243047648123593e+01
1.488880287431972782e+01
4.666768750735658955e+01
3.642446847360307771e+00
1.982473148746016323e+00
3.198145885700530933e+00
2.430824624325794048e+00
4.735674212615086809e+00
6.231502869473667383e-01
7.425117384965767542e+01
4.085339084129161336e+01
5.182825561381779883e-03
5.669250406987285551e+00
2.717989129830936434e+01
2.210203753645267852e+02
6.319041523892897361e-02
2.177224325130484028e-01
2.696500938143385540e+00
1.430311395794106044e-01
2.202460203532022831e+01
6.894529033477033053e+00
8.736244778575880332e+00
1.559738406995238336e+01
4.823708367896369253e+00
4.741930891209593213e+00
9.067423624762835033e+00
5.980128758138527019e+02
4.730187721079582843e+02
6.845692108921844543e+00
1.080274550553996171e+01
5.740314003553880440e+01
1.361795780717944027e+01
2.095215717648313714e+01
5.575886421953098449e+01
1.538643115125511507e+01
3.165797749996623978e+01
4.644109731325201551e+01
3.085337260790259251e+01
1.292971612950014837e+01
3.094432336578116249e+01
2.812715201153829270e+01
3.189363374250637762e+01
1.670507693078599942e+01
2.942456965440068473e+01
2.818405228151981845e+01
2.102841423516491659e+01
5.101476547797716421e+01
5.258506254347048525e+01
1.753936497505781489e+01
2.618785452887018295e+01
1.394850140262974270e+00
2.215327567817159604e+01
1.334835241128272898e+01
1.957278521256311869e-16
3.602407249100278364e+01
1.433982531553108970e+02
4.597992257090395896e+01
5.850372479539201268e-03
6.936354391106417161e+00
7.550859489143938674e+00
4.663080567071446580e+00
1.420029150594271705e+01
8.996364437812163217e-01
1.611428269515627321e+01
1.606936689824170372e+01
8.612635886861808032e+00
1.712236686612701897e+00
2.060830566465036817e+00
1.091306553491556386e+01
2.893270710528580203e+00
5.507677171456925436e+01
4.523987747883150945e+00
6.429716353482690938e-02
5.264305657292889151e+01
1.019606162189628122e+02
1.728019444072027397e+02
2.729150408195779391e+02
1.623589361438169476e+01
1.395690751607241964e+02
1.575142382586217193e+00
4.413652225536621287e+00
1.324638339670706877e+01
1.964699550539621420e+00
5.939301045029163895e+00
3.303360524000946707e+00
8.402940793435622169e+00
5.441533398360630436e+00
2.798638339782808071e+00
6.722098464813850427e-01
1.535973295203507449e+00
5.990305654385410072e+00
1.058825956609212415e+00
3.600348024899425781e+01
2.548855959718753894e+01
5.299612784737532678e+01
3.477427259481336463e+00
4.219930609411632759e+03
3.940228186244616460e+00
8.963733126699958120e+02
1.777131189691592539e+01
6.788430107505679700e+01
1.529058422289439250e+02
4.997152640083587016e+01
1.974138218693065028e+02
5.881433253004208161e+00
9.111444422082638539e+01
9.304224622866357208e+01
5.568876272772673275e+01
1.511033208681697104e+01
1.363508876717904457e+02
2.194344312213698345e+02
4.521487072764720949e+01
1.751328226570067059e+01
2.966250464380726370e+00
4.436972557792214644e+01
3.162997095159764349e+00
3.863788367527954629e-04
2.481473263502977034e+01
2.830796356673801384e+01
5.132691284096731010e+01
6.589560175147935084e-08
1.840488496573159660e-01
1.087743023171666401e+01
2.279026388895207589e+00
1.180166536014188416e+01
1.955823272059824802e+01
2.243628081326162942e+02
1.166520035918386933e+00
1.541865909870146822e+02
3.834282840491785027e+00
1.978571411336314156e+02
2.333795623266959218e+00
5.175605786574326572e+00
3.294021798279487712e+02
1.955311681883652142e+01
1.211414282436218031e+02
2.658051645710817112e+01
1.762179712953205240e+02
5.103913602493190815e-01
1.177276175545161152e+02
1.274623605463029164e-34
2.341709253002840908e-07
0.000000000000000000e+00
0.000000000000000000e+00
7.679417201641255986e+01
4.247026469371524371e+01
7.422516090981113734e+01
1.003763539946479796e+04
4.559289659358571498e+02
4.422226542930589858e+03
1.587909186121450267e+00
4.701341541558739664e+03
3.946254050410041847e-01
1.973523711353197314e+03
2.971052011578818565e+03
2.934107389491261415e+02
2.497983141872324495e+02
8.713601863063236124e+02
4.183893572485093841e+02
1.883434731184757993e+02
1.028829567214126968e+02
3.553995280362159725e+00
4.841039226510819304e+00
2.247294963067422202e+01
2.463048280391540723e-01
6.594695966470552229e+00
2.232545448248829612e+00
3.171688330177694752e+03
8.727114975837944986e-65
1.887672592532871249e+03
1.741521502881199012e+03
2.050284406143220925e-03
5.941419604245661645e+01
5.386247381834910364e+00
1.253949676132485365e+03
4.685275407590285113e+01
4.475624998537759893e+02
1.050520241361822400e+03
6.688257939758811688e+01
8.992644331298500902e+02
4.776796352988464278e+00
6.313815783687474001e-21
4.578668857539288155e-11
1.051367851094089190e+02
4.713438111748671133e+01
4.282615411859378440e+00
1.163857919360687276e+00
2.154722336490406259e-02
4.334461435806295031e-148
6.124179428915877565e+01
2.183241662008400112e+02
7.154827396642023984e+01
1.082599854841418932e+02
1.567989362864406377e+00
3.679240815008929530e+02
2.737976923641366375e+04
3.792023643797780323e+02
1.391252261379819829e+05
1.899292031997981894e+03
8.066494255038192642e-26
1.561437386055603005e+00
1.192590074920624854e+00
0.000000000000000000e+00
0.000000000000000000e+00
0.000000000000000000e+00
0.000000000000000000e+00
8.255018471957236728e-186
5.049659661929515617e-84
0.000000000000000000e+00
0.000000000000000000e+00
2.241288029691586047e-126
2.558004253748698886e+01
1.008178411040579931e+03
0.000000000000000000e+00
1.288827880904150694e-02
3.539145865313040993e-71
1.273572289402726598e+00
1.321397949249916588e-121
1.833998985343156818e+01
2.456437741274192206e+02
2.174067964813894832e+03
0.000000000000000000e+00
8.811292407698288480e-67
0.000000000000000000e+00
5.069648452112930777e-51
0.000000000000000000e+00
6.499399090289419689e+01
0.000000000000000000e+00
8.532487348092986283e-11
4.441311029814774111e-66
1.110082895718276590e-48
7.204607657680629583e-163
0.000000000000000000e+00
0.000000000000000000e+00
9.848802740342202378e-02
5.246759158515836816e+02
1.258968648004892685e+02
3.597374205430872394e+02
2.078918816579115969e+01
2.801964967568154830e+00
3.184170521420566047e+01
6.502581365995526497e+00
5.247953775816652754e-03
6.052802233097887024e-05
1.542509427703758149e+02
1.292143153472823456e-24
1.158866112206295185e+01
0.000000000000000000e+00
4.468125736911004453e-01
8.154889700185485749e-11
1.037214958091083606e-54
3.397453361509345532e-167
0.000000000000000000e+00
0.000000000000000000e+00
0.000000000000000000e+00
1.122980336616931577e-65
4.801015829767000963e-14
1.058275197160149047e-45
5.782998733179446033e-55
9.554058584040982592e-32
3.434224043332449851e-292
1.983534224665841235e-179
1.275798608135637058e-01
1.085121952815015863e-26
4.177779744387555283e-02
1.267002186231021099e+01
0.000000000000000000e+00
0.000000000000000000e+00
3.512106544952736158e+02
2.632434685181990974e-37
2.811587761059324876e-03
7.766127382848523686e-307
1.932354130335854102e-13
1.721097630808974181e-17
6.088440836910748241e-236
6.291439365129074561e-04
2.131250419248512742e+02
2.686204743504523762e+01
3.332195533091805828e+02
6.588327998570068189e+01
4.761760229570816350e+00
4.940357339993699497e+03
2.035652464944831195e+02
2.330639721078229698e+01
1.523437622942162584e+01
1.756365497826288622e-03
8.355886936405384802e+01
2.056846749698058537e-32
0.000000000000000000e+00
3.149535242858115258e-01
1.684286186440697005e-09
5.892130632394218082e+03
7.344031775944740909e-128
8.732210805143934829e-03
1.205120881699388747e+03
1.518489778519205025e-01
1.193899694666823279e+03
4.542305166190141676e+02
1.132594541726728721e+03
2.259163459183154850e-07
0.000000000000000000e+00
3.273822961758529753e-233
2.716201202743094996e+02
2.961062757165967146e-02
2.531441804159055307e-90
6.321369595222405512e-03
3.844962917034088403e-66
6.057714916692036411e+01
1.026000935808654901e+02
7.498105020592074652e+02
2.941891326515505156e+01
1.532505691320079677e+03
5.584061113828131581e-26
1.489533210147848405e-06
7.553633835968549874e+02
5.760894535527256011e+01
7.454604175760523588e-02
7.911795449983608819e+01
1.228392800150886810e+00
2.554999425389669554e+01
3.107929654769033050e+02
4.997689299914257788e+01
8.827975665504138192e+01
3.026971512980050534e+02
2.139264850217649041e+02
1.127282472473474684e+02
7.089005866242119629e-11
6.143825430424168843e+01
3.259032384223822731e+01
2.768302568768568506e+01
5.149682898154483580e-07
3.299146606781572473e+02
7.410543417809083167e+01
3.726868332415924812e+01
1.985740993393872031e+02
5.309442987106221395e-02
3.473838230829022322e+00
1.475880155885773704e+00
1.549360510834436688e+01
1.554433262580155342e-232
0.000000000000000000e+00
0.000000000000000000e+00
0.000000000000000000e+00
0.000000000000000000e+00
0.000000000000000000e+00
0.000000000000000000e+00
0.000000000000000000e+00
3.190717149949940432e-162
0.000000000000000000e+00
0.000000000000000000e+00
0.000000000000000000e+00
0.000000000000000000e+00
0.000000000000000000e+00
0.000000000000000000e+00
0.000000000000000000e+00
0.000000000000000000e+00
1.956761186170951466e-293
0.000000000000000000e+00
0.000000000000000000e+00
0.000000000000000000e+00
0.000000000000000000e+00
3.137186573099346948e-104
0.000000000000000000e+00
0.000000000000000000e+00
0.000000000000000000e+00
0.000000000000000000e+00
0.000000000000000000e+00
0.000000000000000000e+00
0.000000000000000000e+00
0.000000000000000000e+00
0.000000000000000000e+00
0.000000000000000000e+00
5.343862708479956995e-101
0.000000000000000000e+00
3.417167261844756882e-74
0.000000000000000000e+00
0.000000000000000000e+00
0.000000000000000000e+00
0.000000000000000000e+00
0.000000000000000000e+00
0.000000000000000000e+00
0.000000000000000000e+00
0.000000000000000000e+00
0.000000000000000000e+00
0.000000000000000000e+00
0.000000000000000000e+00
0.000000000000000000e+00
0.000000000000000000e+00
0.000000000000000000e+00
0.000000000000000000e+00
0.000000000000000000e+00
0.000000000000000000e+00
0.000000000000000000e+00
0.000000000000000000e+00
0.000000000000000000e+00
0.000000000000000000e+00
0.000000000000000000e+00
0.000000000000000000e+00
0.000000000000000000e+00
0.000000000000000000e+00
0.000000000000000000e+00
0.000000000000000000e+00
0.000000000000000000e+00
0.000000000000000000e+00
0.000000000000000000e+00
0.000000000000000000e+00
4.292513976925460301e-47
0.000000000000000000e+00
0.000000000000000000e+00
0.000000000000000000e+00
0.000000000000000000e+00
0.000000000000000000e+00
0.000000000000000000e+00
0.000000000000000000e+00
0.000000000000000000e+00
0.000000000000000000e+00
0.000000000000000000e+00
0.000000000000000000e+00
0.000000000000000000e+00
0.000000000000000000e+00
0.000000000000000000e+00
0.000000000000000000e+00
0.000000000000000000e+00
0.000000000000000000e+00
0.000000000000000000e+00
0.000000000000000000e+00
0.000000000000000000e+00
0.000000000000000000e+00
0.000000000000000000e+00
0.000000000000000000e+00
0.000000000000000000e+00
0.000000000000000000e+00
0.000000000000000000e+00
0.000000000000000000e+00
0.000000000000000000e+00
0.000000000000000000e+00
0.000000000000000000e+00
0.000000000000000000e+00
0.000000000000000000e+00
0.000000000000000000e+00
0.000000000000000000e+00
0.000000000000000000e+00
1.761184055350947993e-274
0.000000000000000000e+00
0.000000000000000000e+00
0.000000000000000000e+00
0.000000000000000000e+00
0.000000000000000000e+00
0.000000000000000000e+00
0.000000000000000000e+00
0.000000000000000000e+00
3.618162396758030603e-56
0.000000000000000000e+00
3.197940417270074447e-226
2.473153525006409132e-131
2.622927878533130809e-26
0.000000000000000000e+00
0.000000000000000000e+00
0.000000000000000000e+00
0.000000000000000000e+00
0.000000000000000000e+00
0.000000000000000000e+00
0.000000000000000000e+00
0.000000000000000000e+00
0.000000000000000000e+00
0.000000000000000000e+00
0.000000000000000000e+00
0.000000000000000000e+00
0.000000000000000000e+00
0.000000000000000000e+00
0.000000000000000000e+00
0.000000000000000000e+00
2.901842007137499400e-27
0.000000000000000000e+00
0.000000000000000000e+00
5.550546753759807443e-273
0.000000000000000000e+00
0.000000000000000000e+00
0.000000000000000000e+00
0.000000000000000000e+00
1.060434382752270790e-50
0.000000000000000000e+00
0.000000000000000000e+00
0.000000000000000000e+00
0.000000000000000000e+00
1.451448633142920350e-291
0.000000000000000000e+00
0.000000000000000000e+00
0.000000000000000000e+00
0.000000000000000000e+00
1.833797313058958538e-280
0.000000000000000000e+00
0.000000000000000000e+00
0.000000000000000000e+00
0.000000000000000000e+00
2.803348210308435779e-222
0.000000000000000000e+00
0.000000000000000000e+00
0.000000000000000000e+00
3.711700426766637696e-06
1.058108932539990995e-85
0.000000000000000000e+00
0.000000000000000000e+00
9.887471127214862321e+00
0.000000000000000000e+00
0.000000000000000000e+00
0.000000000000000000e+00
4.627238792927563756e-145
5.766345739009989257e-01
8.170776254426921525e+01
3.768301549673485490e-02
1.500147298503225121e-08
4.444730411213686239e+02
0.000000000000000000e+00
0.000000000000000000e+00
0.000000000000000000e+00
1.783261615533146482e+01
2.468110371025609027e+02
3.460614366347130044e+01
4.618727583810739112e+00
0.000000000000000000e+00
1.029311935089727174e-110
2.452906142224803432e+01
7.616976979966722183e+01
5.091925116628771519e+01
0.000000000000000000e+00
1.055998160850447314e-58
1.695398831445323040e+01
0.000000000000000000e+00
1.634038500296478371e-192
0.000000000000000000e+00
1.267626851278314234e+03
2.741822220723099690e+02
0.000000000000000000e+00
0.000000000000000000e+00
0.000000000000000000e+00
0.000000000000000000e+00
0.000000000000000000e+00
0.000000000000000000e+00
0.000000000000000000e+00
0.000000000000000000e+00
0.000000000000000000e+00
0.000000000000000000e+00
1.494746451701516599e-01
2.470867187560220715e-214
0.000000000000000000e+00
6.916668772433089043e-115
0.000000000000000000e+00
7.932860154996677693e+01
7.642201651572068499e+01
0.000000000000000000e+00
5.588933758282401683e-296
0.000000000000000000e+00
0.000000000000000000e+00
1.218277380354364605e-134
0.000000000000000000e+00
0.000000000000000000e+00
0.000000000000000000e+00
5.433571595391777009e+02
0.000000000000000000e+00
1.969228476462482164e-97
1.443152520367592047e+02
0.000000000000000000e+00
0.000000000000000000e+00
0.000000000000000000e+00
0.000000000000000000e+00
0.000000000000000000e+00
1.315039708614034630e+00
0.000000000000000000e+00
0.000000000000000000e+00
4.955149396339194823e+02
0.000000000000000000e+00
5.562658300167888683e+02
2.154821062727075898e+01
0.000000000000000000e+00
3.016070779407652924e-07
0.000000000000000000e+00
0.000000000000000000e+00
0.000000000000000000e+00
0.000000000000000000e+00
1.699950378617883700e-26
0.000000000000000000e+00
0.000000000000000000e+00
1.321329524794863346e+03
0.000000000000000000e+00
0.000000000000000000e+00
0.000000000000000000e+00
3.593377730490991961e+00
0.000000000000000000e+00
1.256075251365971589e-233
1.307172519250055399e-21
4.108419311981713840e+00
7.846050105644392608e-23
1.667025037575164970e+04
3.587052450567142503e-01
1.142347070822322396e-67
1.353545090067956524e-06
0.000000000000000000e+00
1.233096748861125161e+04
5.166404928450770709e-121
0.000000000000000000e+00
0.000000000000000000e+00
0.000000000000000000e+00
0.000000000000000000e+00
0.000000000000000000e+00
2.969894031933204671e-208
0.000000000000000000e+00
4.030665416372073686e-76
0.000000000000000000e+00
0.000000000000000000e+00
0.000000000000000000e+00
2.158791712764274956e-17
0.000000000000000000e+00
0.000000000000000000e+00
0.000000000000000000e+00
2.741479522725283532e-254
2.330043609966475986e-205
0.000000000000000000e+00
0.000000000000000000e+00
0.000000000000000000e+00
2.509527860538938158e-104
9.936406767044501324e-04
0.000000000000000000e+00
0.000000000000000000e+00
3.755238494374520730e+00
1.054958824396957480e-78
0.000000000000000000e+00
0.000000000000000000e+00
1.783669950656160381e+03
0.000000000000000000e+00
0.000000000000000000e+00
1.332805510195548673e-07
1.889151224348413029e-87
0.000000000000000000e+00
1.316659858846604266e+03
2.727145660750936960e-24
8.265940292254871342e-86
2.257986111512563184e+03
1.110671091990721834e+03
0.000000000000000000e+00
0.000000000000000000e+00
0.000000000000000000e+00
0.000000000000000000e+00
0.000000000000000000e+00
0.000000000000000000e+00
0.000000000000000000e+00
0.000000000000000000e+00
0.000000000000000000e+00
0.000000000000000000e+00
0.000000000000000000e+00
0.000000000000000000e+00
0.000000000000000000e+00
0.000000000000000000e+00
0.000000000000000000e+00
0.000000000000000000e+00
3.778713348281552324e-187
1.121372264774191468e-14
1.966337136296592161e-270
0.000000000000000000e+00
0.000000000000000000e+00
8.105318822113849992e-313
1.034366207754273399e-231
1.868088991625850617e-48
2.827970023998370497e+00
0.000000000000000000e+00
0.000000000000000000e+00
0.000000000000000000e+00
1.201356799598344988e-01
1.139778644849440907e-254
0.000000000000000000e+00
0.000000000000000000e+00
0.000000000000000000e+00
0.000000000000000000e+00
0.000000000000000000e+00
0.000000000000000000e+00
0.000000000000000000e+00
2.361729537835785041e-264
0.000000000000000000e+00
0.000000000000000000e+00
0.000000000000000000e+00
0.000000000000000000e+00
2.286297780121948279e-128
0.000000000000000000e+00
8.013870007809914568e+03
2.638820811756544913e+02
0.000000000000000000e+00
0.000000000000000000e+00
2.555487319222817462e+02
0.000000000000000000e+00
0.000000000000000000e+00
0.000000000000000000e+00
0.000000000000000000e+00
0.000000000000000000e+00
0.000000000000000000e+00
0.000000000000000000e+00
1.065756028804188899e-240
1.953873660326904566e-51
0.000000000000000000e+00
0.000000000000000000e+00
0.000000000000000000e+00
0.000000000000000000e+00
0.000000000000000000e+00
9.432741311768002255e-142
0.000000000000000000e+00
6.930211888034601620e-272
8.084890009674323608e+01
0.000000000000000000e+00
0.000000000000000000e+00
0.000000000000000000e+00
0.000000000000000000e+00
0.000000000000000000e+00
0.000000000000000000e+00
0.000000000000000000e+00
0.000000000000000000e+00
0.000000000000000000e+00
0.000000000000000000e+00
0.000000000000000000e+00
0.000000000000000000e+00
0.000000000000000000e+00
3.104968763782951959e-86
0.000000000000000000e+00
0.000000000000000000e+00
0.000000000000000000e+00
2.912037866323642998e-15
1.511223960366556867e-32
6.841750964735925875e-136
6.167247096744183636e+02
0.000000000000000000e+00
2.188897392772751971e+02
0.000000000000000000e+00
7.031971925371286716e+02
0.000000000000000000e+00
0.000000000000000000e+00
2.412197280119742415e-224
0.000000000000000000e+00
0.000000000000000000e+00
0.000000000000000000e+00
0.000000000000000000e+00
0.000000000000000000e+00
0.000000000000000000e+00
1.964287668753152246e-165
1.063663280114505687e+04
2.077826311802725286e+03
2.961072255066155105e-97
0.000000000000000000e+00
0.000000000000000000e+00
0.000000000000000000e+00
0.000000000000000000e+00
1.705034142703398942e-126
0.000000000000000000e+00
0.000000000000000000e+00
2.537730834160541813e-97
0.000000000000000000e+00
0.000000000000000000e+00
0.000000000000000000e+00
3.546114929722237430e-92
0.000000000000000000e+00
0.000000000000000000e+00
3.928727560032050787e-23
0.000000000000000000e+00
0.000000000000000000e+00
0.000000000000000000e+00
0.000000000000000000e+00
1.028607613682470955e-61
1.122965126321875869e+04
7.844252449393244270e-186
0.000000000000000000e+00
0.000000000000000000e+00
0.000000000000000000e+00
6.740939145917694603e-47
0.000000000000000000e+00
1.835014289610772754e-47
1.849485284210796365e+01
0.000000000000000000e+00
0.000000000000000000e+00
0.000000000000000000e+00
0.000000000000000000e+00
0.000000000000000000e+00
0.000000000000000000e+00
0.000000000000000000e+00
0.000000000000000000e+00
2.411057335242147230e-22
5.179874222584892323e+02
0.000000000000000000e+00
5.370874309742044517e+01
6.353637447388769033e+02
0.000000000000000000e+00
1.955861112327487938e-26
0.000000000000000000e+00
0.000000000000000000e+00
0.000000000000000000e+00
0.000000000000000000e+00
0.000000000000000000e+00
7.390783841409606292e-27
4.585664123138918136e-67
0.000000000000000000e+00
0.000000000000000000e+00
0.000000000000000000e+00
0.000000000000000000e+00
0.000000000000000000e+00
0.000000000000000000e+00
0.000000000000000000e+00
4.709690911130711015e+02
4.005826550864731495e+00
0.000000000000000000e+00
0.000000000000000000e+00
0.000000000000000000e+00
0.000000000000000000e+00
0.000000000000000000e+00
0.000000000000000000e+00
9.395333735612800887e-21
0.000000000000000000e+00
2.181477628948911460e-231
0.000000000000000000e+00
0.000000000000000000e+00
0.000000000000000000e+00
0.000000000000000000e+00
0.000000000000000000e+00
0.000000000000000000e+00
0.000000000000000000e+00
2.062348004882570986e-134
1.163037681150389664e-38
3.871076020936017913e-229
1.045530326310382952e-08
2.267214217614156979e+00
5.148681456660780402e-05
7.194512516655401804e-05
7.389830390716465339e-52
7.080038164590305221e-289
0.000000000000000000e+00
7.334076941800648797e+01
0.000000000000000000e+00
4.595763796397861825e+02
0.000000000000000000e+00
0.000000000000000000e+00
0.000000000000000000e+00
0.000000000000000000e+00
0.000000000000000000e+00
0.000000000000000000e+00
0.000000000000000000e+00
0.000000000000000000e+00
0.000000000000000000e+00
7.348671543762297264e-200
0.000000000000000000e+00
0.000000000000000000e+00
0.000000000000000000e+00
2.544349395610347813e+02
0.000000000000000000e+00
0.000000000000000000e+00
0.000000000000000000e+00
2.195339030365652810e-01
1.729229760444362905e-322
0.000000000000000000e+00
9.154635468259178310e+01
0.000000000000000000e+00
0.000000000000000000e+00
2.624637208867032245e-198
2.867283611102450759e-06
0.000000000000000000e+00
4.707646569094254119e+02
4.594102031978994067e-80
0.000000000000000000e+00
0.000000000000000000e+00
0.000000000000000000e+00
0.000000000000000000e+00
0.000000000000000000e+00
0.000000000000000000e+00
0.000000000000000000e+00
0.000000000000000000e+00
0.000000000000000000e+00
2.515530533100937637e-23
0.000000000000000000e+00
0.000000000000000000e+00
0.000000000000000000e+00
0.000000000000000000e+00
0.000000000000000000e+00
0.000000000000000000e+00
0.000000000000000000e+00
0.000000000000000000e+00
6.615065203135843418e-148
0.000000000000000000e+00
0.000000000000000000e+00
2.051207760662269767e-233
3.739887906080729863e+03
0.000000000000000000e+00
0.000000000000000000e+00
0.000000000000000000e+00
0.000000000000000000e+00
0.000000000000000000e+00
0.000000000000000000e+00
0.000000000000000000e+00
0.000000000000000000e+00
0.000000000000000000e+00
0.000000000000000000e+00
0.000000000000000000e+00
0.000000000000000000e+00
1.725827205522041925e-78
0.000000000000000000e+00
0.000000000000000000e+00
0.000000000000000000e+00
0.000000000000000000e+00
0.000000000000000000e+00
0.000000000000000000e+00
0.000000000000000000e+00
0.000000000000000000e+00
3.124450317630359712e-118
4.955390559097356958e-97
8.761882710397007867e-150
1.125436397580069474e-178
2.760582804408105631e+02
0.000000000000000000e+00
0.000000000000000000e+00
0.000000000000000000e+00
7.619428742019654521e+01
0.000000000000000000e+00
0.000000000000000000e+00
0.000000000000000000e+00
0.000000000000000000e+00
0.000000000000000000e+00
0.000000000000000000e+00
0.000000000000000000e+00
0.000000000000000000e+00
0.000000000000000000e+00
0.000000000000000000e+00
0.000000000000000000e+00
0.000000000000000000e+00
0.000000000000000000e+00
0.000000000000000000e+00
0.000000000000000000e+00
8.137618348412374899e-223
0.000000000000000000e+00
0.000000000000000000e+00
1.987580173531532914e-11
0.000000000000000000e+00
0.000000000000000000e+00
0.000000000000000000e+00
0.000000000000000000e+00
1.794958829036735608e+02
0.000000000000000000e+00
0.000000000000000000e+00
0.000000000000000000e+00
0.000000000000000000e+00
1.742052284425856357e+01
3.562705622587467089e-227
0.000000000000000000e+00
4.425424114281502662e-23
7.284530950226150381e+00
1.640466888647993171e+00
8.865426299111476283e+01
2.972252704715451443e+01
1.402119925565989718e+02
1.246636500388454394e+01
1.774708813060652091e+01
1.077141654807224768e+03
2.742071434980243438e+01
9.523343790103227491e+01
4.752527841191031399e+01
3.410604315528592778e+00
9.645058219442319114e+00
1.183847857530323111e+01
3.164560594355647183e+00
1.139916675839455773e-01
6.304215568885230603e+00
4.348674415059641518e+01
6.397975307612480123e-01
3.623845378502277802e-03
1.102870669480278032e+01
1.576715220644349635e+01
6.550376482595658523e+00
2.294855073788058419e+01
1.172777270502419498e+02
2.930520399804605347e+01
1.141070660639892864e+01
6.806495583702398378e+00
2.112364755867014310e+01
9.837303324578083874e-01
1.842936451144494558e+00
1.459835861088648912e+01
1.102657234691973745e-164
4.020097385719378167e+02
9.957469720448953510e+00
6.848176245392708950e+01
3.293264841210715943e+00
1.876139183196401916e+01
5.973744338967235024e+01
3.066420450562324973e+01
3.231177280307711186e+01
7.786006499410054005e+01
4.846766619778550478e+01
3.269127684294051051e+01
3.377263364076780050e+01
2.214710104510645542e-08
0.000000000000000000e+00
6.653160128078805258e+01
3.997071111639612582e+02
0.000000000000000000e+00
0.000000000000000000e+00
3.224086315023575455e-01
0.000000000000000000e+00
2.958854418837255196e+01
2.891033884818468636e+01
5.190036541360639433e+01
1.296701171731952407e+01
1.671741911901118982e+01
1.683747337893239404e+01
6.976944958847974476e+01
9.839463561597600005e+01
1.050919438122311504e+02
2.120261903097716427e+01
3.351943544781166793e+02
2.481251074814424840e+01
1.067020551593605049e+01
2.599062296115159723e-02
3.843949120761934779e+01
2.081149071308891152e+01
9.299978864225082020e+00
1.083687037644832929e-01
1.133150128023861836e+00
3.836014493211877152e+01
2.487091550154801567e+01
6.243819069976232444e-07
3.148998334281191524e-45
3.423017211620814493e+01
2.722810080630567242e+01
3.844828577183395879e+01
1.181312769355852907e+02
3.428530171517908087e+01
8.437067418749012326e-20
1.163169624479400450e-23
1.362567442105284410e-01
9.969151119188412926e-30
2.394343510478933355e-39
9.419549170686526280e-296
0.000000000000000000e+00
1.939088100431097317e+01
9.962961203811055988e-01
5.178469160784915921e-124
7.931534445627547170e-02
0.000000000000000000e+00
0.000000000000000000e+00
1.152843030357845606e+02
1.021913590641026843e+02
8.676287388540626568e-05
1.719689706458087812e+02
1.854439718107485533e+03
2.614158774972959520e+01
2.998105073147857524e+01
2.635092888700126590e+00
5.458950725803221360e+01
4.935990925110881888e-01
4.221528797274170586e+01
7.015147819673409835e+00
0.000000000000000000e+00
3.131745434861442234e+01
9.837895757727796737e-09
2.909310986088922490e+01
8.585976006211127470e-04
8.760566783150125048e+01
8.131311499795704378e+01
0.000000000000000000e+00
5.546662298905410959e-02
2.121502457613085113e+01
1.894287583089696270e+01
2.913288630531694139e+02
2.103339263356527766e+00
3.277838969795292831e-04
1.040031468453274332e-18
2.409985737142127959e+01
9.318627194396233335e+02
1.931230865652598254e+02
8.274314694447899576e-01
1.965410658816825418e+01
5.507152505742929907e-127
0.000000000000000000e+00
0.000000000000000000e+00
0.000000000000000000e+00
0.000000000000000000e+00
0.000000000000000000e+00
0.000000000000000000e+00
0.000000000000000000e+00
0.000000000000000000e+00
0.000000000000000000e+00
0.000000000000000000e+00
1.053353224682927589e+02
4.408154707758295103e+02
8.758058476723563501e+01
1.633440655886438719e+02
4.595251759249241275e+01
1.862665531721835919e+02
8.975411134371518074e+01
4.427541703314783206e+01
3.858660713750599314e+01
3.592543094107007846e+02
2.295884767079416685e-03
3.107046800067989807e+02
4.377430026170522126e+01
0.000000000000000000e+00
2.438893892003648034e+01
1.495776457952501781e-120
3.744085104831000876e+01
2.688197082317268283e+01
0.000000000000000000e+00
8.847167262216683889e-79
1.679627686761472773e+02
2.060740356161967384e+02
3.734856351725133550e+02
1.054955692140225523e+02
9.505446166889157666e+01
3.374886606895671548e+02
3.130636158855921265e-05
4.218876429031033837e+01
4.881093559519649148e+02
8.138088330120388036e+01
1.532349922859736369e+00
1.115046442387268598e+03
7.711211706692696453e+02
1.711011510640360598e+02
1.592915255654969942e+00
4.463839216430267953e+01
6.714030079407308449e+01
8.165237645190068783e-01
3.744755299380457814e+01
1.364777431587090405e+03
1.908226813245460818e+01
1.277718387200802539e+02
1.286483710689811044e+00
2.960164089347109950e+01
3.221015440734328106e+00
5.462339801726472643e+01
9.630386815675164414e+00
6.512653157218631250e+00
6.068968382544993290e+01
3.177658575367346326e-20
1.324494673834601883e+02
1.289252053912407519e+02
0.000000000000000000e+00
5.178258501974278616e+00
5.741437398916148140e+02
1.087672309597345475e+02
8.320171219627462733e+01
2.181860043815512995e+02
2.836798444178954810e+02
1.953646584840304286e+02
2.962233623288871968e+03
1.156120038451130685e-06
2.314850676365837501e+01
2.133249295609867957e-19
3.898149326446109342e+00
4.848238225043644434e+01
9.054361004832966131e+00
1.025522788762106075e+01
6.162753286918044893e+01
4.502516611451953565e+01
9.269394416050458574e+01
3.348047046376002811e+01
4.524614222134891151e+01
5.902988218675721654e+00
3.361959625735021007e+01
1.166125428016577388e+02
2.790614875624182645e+01
2.772171357687432547e+01
1.783973830802974447e+01
5.652795831044194586e+01
1.988416538253821031e+01
2.644196837680320655e+00
3.958288145570495686e+00
1.404017320649105505e-01
3.335456087872568531e+01
3.601908210152553380e+01
3.185867069670899454e+01
1.457384583572513925e+01
6.247086445701668111e+01
8.125018178270572378e+01
3.747308891958157773e+01
3.665945217613797524e+01
2.451185843934674935e+01
6.995107126399148001e+01
1.389492496744407646e+01
2.843680000769031224e+01
2.997828046466009866e+01
2.280041202782206611e+01
2.575330074311557738e+01
7.195130275416755694e+01
5.951383036677699323e+01
1.571760796783653014e+01
1.710655572965712423e+01
4.165975135872277946e+01
6.212505156896355629e+01
2.369149862015313346e+01
2.311653530197759920e+01
2.939599296917986138e+01
4.313345770346293051e+01
3.614030326013579497e+01
5.075611754286022403e+01
7.412157674899132687e+00
1.548624398162373694e+01
8.379416465184167606e+00
1.053114399264120493e+01
1.831668943969106955e+00
1.525211134119316370e+01
1.974406127860268612e+02
1.388992488088781840e+01
2.795596111869126155e+00
1.321168588072863859e+00
1.140811789473744575e+01
6.736881018541336807e+00
7.283587025016725613e-01
2.745669837685285941e+00
2.915572085514563838e+01
2.888167099990089692e+00
1.130317225705670126e+01
1.782836302753939561e-01
1.315476595211927702e+01
1.925657591735397745e+01
3.231343631430371399e+00
2.970007932749059609e+00
5.724981415309359889e+00
5.701048746830351632e+01
2.096146021999439029e+02
3.856847606296599196e+01
2.443571448319303272e+02
4.791425014886723233e+01
7.959022283532868869e+01
5.743329671432280037e+01
1.741644400380102979e+02
2.619947335718336845e+01
2.142460171936417339e+02
2.541468910403318660e+01
5.480858077205862173e+02
1.954065854995387639e-130
6.461730010684931224e-16
5.005208557370455225e+01
1.210480959998279786e+02
1.587697834769491863e+02
9.332220060241118095e-03
1.047430965773291547e+02
1.017357914809055330e+01
1.309315317972912673e+01
2.011209056336138090e+01
1.879737300001541485e+02
9.378950684888376088e+01
1.625898972332311132e+01
8.567670673476253285e+01
1.064426383451865661e+02
9.778468186939432982e+00
4.539371086762503893e+00
1.221863807704525229e+01
1.306837364456916362e+01
1.054793722465406525e+01
2.100649867470907139e+01
1.409913339599757087e+01
1.572267757844442748e+01
4.100284337600193396e+00
6.857483450555164062e+00
1.387324599575275741e+01
2.137648159467460562e+00
2.471546925512180692e+01
2.943071870772879350e+01
1.981963246279197621e+00
3.114525816331230956e+01
8.613202170803038626e+00
1.774830193956654512e+02
5.547292688008217176e+00
1.582732960961012907e+02
2.431126000549976851e+01
5.605625777676949244e-04
1.275501921939572236e+00
1.971046455026104738e+01
8.063118622589936280e+00
3.832598669752239816e-45
9.389818403446970052e+00
1.104623216864881741e+01
2.049559355970649577e+01
1.573339868833704536e+01
5.920029929049020723e+01
3.525539992668946798e+00
1.806630812467678595e+02
1.467908114514280840e+02
6.800015979729616333e+01
1.329207346870792783e+01
7.824985301287457062e-02
4.710620419863150232e+01
6.223102907549863616e+00
1.542387982917651534e+01
1.247130168640434889e+01
2.527012215921492100e+02
1.745301002691934755e+01
3.272776636596811617e+00
5.930517904089157355e+00
1.423981837039520428e+02
1.256164097801367285e+00
4.506605899107429281e+01
1.414376961279206313e+01
9.193194992748320971e+00
8.879992107502754806e+00
2.234188409823523735e-01
3.156198859216273966e+00
3.898350603008609028e+01
1.887306895661650060e+03
1.237620721389804501e+00
1.364044933625825573e+00
1.514610216528063447e+01
3.336704563237021137e+00
8.780862503241535499e-01
3.499611539448294906e+01
4.750494353460510411e+00
5.458669652024422447e+01
8.322448049317279128e+01
9.138908252836388968e+00
3.270874622420006261e+01
1.014428509885140883e+01
2.414784771549996822e+00
1.204837508382584765e+01
2.128020679339344579e+00
1.891924112041501127e+00
1.067107804526173886e+01
1.032420622728130510e+01
2.059256582176325523e+01
6.270845001383385124e+02
5.135719897004347168e+00
3.660415670579053682e+01
1.491742018725611452e+01
2.569755237514866675e+00
2.483749230611313141e+00
2.564498937660617273e+01
8.580767917818510782e+00
3.019086343754155521e+00
3.539768851024171425e+01
0.000000000000000000e+00
1.265302950114288727e+01
1.083251110802899575e+01
2.741637410162200528e+00
4.279460524328877469e+00
2.927387588502707061e+01
3.197464373383055758e+01
1.210962103549985791e+01
1.225558268656992311e+01
4.966743990191682201e+01
2.274342404650002258e+00
1.826980948767033430e+00
5.580548801020527350e+01
7.212682955976551513e-01
9.370394494095778626e+00
3.450098284474367460e+01
1.253602155356382974e+00
2.564360725449954970e+01
1.519495381228359587e-01
1.005380626265232635e+01
1.959021405269508875e+01
1.071258348130017524e-01
5.017223017546069030e+00
2.540042647591616465e+00
8.654877616099557969e+00
2.552491820463442362e+00
9.933778390335685771e+00
3.290896030321721177e+00
4.003756505940448278e+02
1.717832229670523958e+01
2.331574073740956434e-07
7.780828764528886447e-99
4.108481549996049862e-65
7.119290655594486444e-32
0.000000000000000000e+00
3.611666352011512231e+02
0.000000000000000000e+00
7.354936190796447899e-08
8.543932499118741930e+01
9.550519490942935286e-02
6.886577571243476825e+01
2.218555485011532724e+01
3.728777932795915007e+01
5.267793968271529792e+00
3.954380250392243568e+01
5.216340492554417096e+01
3.917397081469048459e+01
1.788672973896333063e-01
4.663613903565621399e+01
2.119511227950453769e+00
2.890437766681780474e+01
8.469387575823425607e+00
3.662862489183758452e+00
2.100120577998971498e+02
5.365784542867454832e+01
1.764623529127295143e+01
1.409264384939339543e+01
7.482154019155181635e-01
1.039532469492716188e-02
1.223512235262056009e+02
1.034594336427280548e-01
7.729194879282027283e-05
1.886394703152700192e+00
2.738841247484920061e+01
3.106014961605485070e+01
1.022115568089010552e-12
1.486419474624384521e-02
1.049655422414938144e+01
4.977079760926498238e+03
3.944721034181772978e+01
7.110446982752267608e+00
9.807238457090705630e-01
1.348165719272800267e+01
4.742309212888428372e-164
1.645902469836941506e+01
4.345340387371273927e+00
4.270130487020329530e-34
3.663984436829807123e+01
8.582425656275260906e+01
1.863161446418235414e+02
4.441348546062345548e+01
9.152063375754845964e+00
1.360277739480367813e+02
3.321162897957794513e+01
1.520027225068762888e+01
6.737719361550297492e+01
4.753363160851008473e+01
1.236787658317034833e+01
6.920345947842073464e+00
4.925304653879021544e+01
9.432724269814576701e+01
2.966782240617916707e-04
4.362661891420240275e-23
4.379707630042882727e+01
3.376882074246003640e+01
1.742311608334938001e+03
3.385109111038755003e+01
1.036908801238644600e+02
1.060628802928082735e+02
1.185757954853584266e+02
4.313761542713380237e+01
6.071077488946146836e-04
0.000000000000000000e+00
1.363191835846070177e+01
4.318036030047950335e-01
3.614143485727361593e+01
7.434656770078797550e+00
8.937586014786000300e-04
1.557375419489771673e+01
7.312857925665153402e+01
2.954322884264546922e-01
7.182959888881772059e+00
1.289794005075068029e+01
5.579321309883263211e+02
2.549034106049516524e+00
8.877253078009268847e+02
6.969917105022474857e+01
2.097275228893609977e+01
1.174641194794763521e+01
6.605798992004203285e+01
4.771030158328622761e+00
1.091611954485083835e+01
2.506097133669643995e+01
1.206526976635624209e+02
9.423897909422342067e+00
1.506901057327620730e-04
9.090334867000585461e+00
9.537165420028665963e+00
2.590825248146190418e+01
1.247609336916572786e+01
2.617464326808047304e+01
3.627501838329436623e+00
7.592341992233235359e+00
2.943369304883551152e+01
2.021814946917482203e+01
1.486808922033767715e+02
7.649042346942793233e-07
3.718708998431192548e-74
1.103249853840344852e-01
1.792237904732278153e+01
9.060735176648462286e-01
7.565961626664039516e-06
1.060949535385124065e+01
3.214565334136171848e-01
1.149246599107866551e+01
4.858868985304204813e+01
6.815075847371281803e+00
1.314194545822919480e+01
1.151824604207965486e+01
1.060003236259248105e+01
1.516028347144246169e+01
1.486402649159225220e+01
8.145633997152360806e+00
1.256474801761358506e+01
1.820724601812393573e+01
1.964212035388421640e+01
6.711270647370402465e+00
2.053192042385843052e+01
2.436573334463256746e+00
1.605444681202143897e+01
1.139815486676199960e-04
1.332627645195920765e-02
9.225701488477763945e+00
5.885748631359112082e+00
1.530293254480248777e+01
6.829487880266706057e+00
5.087884578443334360e-02
1.251359772632347500e+01
1.346414859435529721e+01
1.096022536964894734e+01
2.557454964397001618e+01
1.345357933181422183e+01
3.362836710687690692e-135
8.268111937262068523e+01
1.602006499208355592e+02
2.160348424620099905e+00
2.377499782662459893e+01
7.201265927079997482e+02
7.294958477612289016e+01
1.315182370463050310e+00
4.847872511199211327e-15
0.000000000000000000e+00
2.018522914620444786e-70
4.691694442929643287e+02
1.118706572780216391e+01
2.653938773751682234e+01
3.152145035432467424e+01
1.453864317859474172e-04
4.390822926331753528e+00
2.547460631668274900e+01
9.829367641307807935e-01
1.174350149448545899e+01
6.348542542861289384e+00
1.292539153768412419e+01
1.615610110056586946e+00
7.877988152250938292e+00
2.761120193784473376e+00
2.051793637962769026e+02
8.612385605858282389e+00
2.457352326912200624e+00
1.564952334461749491e-118
1.950035466255605604e-04
0.000000000000000000e+00
3.584636940790697963e+02
2.741665556239915418e+02
3.411429739359023161e-02
1.109956527524482908e+03
2.690295241403682187e-122
8.595410369899857586e-90
0.000000000000000000e+00
0.000000000000000000e+00
0.000000000000000000e+00
1.503193381911654265e-96
2.739827440655455273e-41
0.000000000000000000e+00
0.000000000000000000e+00
0.000000000000000000e+00
1.008367254458016877e-31
0.000000000000000000e+00
0.000000000000000000e+00
0.000000000000000000e+00
1.186874082228340225e-108
0.000000000000000000e+00
1.358246989663071631e-26
0.000000000000000000e+00
0.000000000000000000e+00
2.085939086955861893e-71
1.796073319931222227e-56
0.000000000000000000e+00
0.000000000000000000e+00
0.000000000000000000e+00
1.913563587778672251e-30
1.610889001402485610e-233
2.031229053516937597e+02
5.139129282305732005e+01
4.131574265417624048e+01
9.344106469831440620e+01
3.082766044944428785e+01
2.489284507909398769e+02
1.720708939201629040e+00
0.000000000000000000e+00
1.273654302689388487e+03
7.422993033585408737e-270
1.106465113578893614e-31
0.000000000000000000e+00
0.000000000000000000e+00
5.374630065075230475e-287
0.000000000000000000e+00
0.000000000000000000e+00
0.000000000000000000e+00
0.000000000000000000e+00
0.000000000000000000e+00
1.519799911327443430e-133
0.000000000000000000e+00
6.535876110614173134e-24
6.057453730288032689e-01
0.000000000000000000e+00
6.537486264478431508e+01
3.373282425350148597e-77
1.747767900075743526e-132
0.000000000000000000e+00
6.965196041394095872e+00
1.302234979522882270e+02
1.742174916642243261e+02
7.880261997402774909e+01
1.657915588532740117e+02
4.164609470234233868e+01
7.909154933011699029e+01
1.349242343545191716e+02
7.149052690960533596e+01
3.011141487080283809e-20
2.064566483039207867e+02
6.857770328411500032e+02
1.743598632757786371e+00
4.027779791077538789e+02
2.424630072001753222e-06
0.000000000000000000e+00
1.388001353262917291e+03
1.595662844845637807e+01
2.346372220991081647e+01
3.284172837374194884e-07
4.190746738693517630e-09
0.000000000000000000e+00
5.708198874800928799e-269
4.659819980400320864e-123
1.296881855097932211e-06
9.304070944464885429e+01
4.339417643898545436e-221
1.462332324182190462e+02
1.316904092146562562e+02
1.045159139306149854e+01
3.945117050936694872e-13
3.176777672958865878e+03
2.722449425171394978e+03
1.335820187950717100e-193
3.925349749870617870e+02
1.544940463370520867e+01
1.486487645337837648e+03
0.000000000000000000e+00
7.102573633078532248e-59
1.043260943694641240e-04
4.620786858769907468e+01
8.785232983266723750e+03
7.427884873397809997e+02
3.173294030735835349e+03
8.453266552302334702e+00
1.099740290501926438e+03
1.860696377524731815e+03
3.721849170243466506e+04
2.772661196524323373e+02
3.344220406451954972e+06
0.000000000000000000e+00
5.708806548861788315e+02
2.202745705354833774e+02
1.909268916883167209e-233
1.149098480957112827e+02
2.818892322882900316e+02
1.902621379066580118e+02
1.305012617661569436e+02
6.651683769152357684e+01
1.425438253928465997e+02
1.692679749118883592e+01
3.414889744549849837e+01
2.061675619903244083e+01
8.226013810097674650e+01
3.289726460257854646e-01
4.111162898728808841e+02
5.532700320558582234e+02
9.506938660367804772e+00
3.509911782765296362e+00
9.121692370846149700e+00
1.068780577950916950e+03
4.932657179287824079e+02
5.713127781139675676e+01
1.504331678455536405e+02
7.468759581624284465e+02
5.323628991240867663e+02
2.836073546433433989e+01
3.159138592728563162e+04
6.148202084445643777e+03
2.017043954215328267e+04
1.191051225562970831e+04
8.524823052590292036e+02
4.514439343115148606e-01
0.000000000000000000e+00
0.000000000000000000e+00
0.000000000000000000e+00
1.151284540941466794e+01
2.656363268233450725e+01
9.951325162817612480e+00
3.135348092212140969e+01
2.712375753229196462e+01
2.031045551853116820e+02
1.023191190495500535e+02
0.000000000000000000e+00
1.728105725634812302e+02
0.000000000000000000e+00
6.912524340075052678e-284
0.000000000000000000e+00
2.265579427669693613e-01
2.194991719214020520e+01
2.107656310484455631e+01
8.731255190073702011e+01
1.425730196004872496e+01
1.541647584668993076e+01
1.440473299631241311e+01
1.406306331102093132e+01
6.069198645978609363e+01
8.002050401817574254e+01
1.205162208155254859e+02
3.167777985547915520e+01
1.433574592957669047e+01
1.628244822004209169e+01
7.602793362926490772e+01
4.095910213285800694e+01
1.157677371608665062e+01
1.969558052867341758e-01
2.192698209281031652e+01
1.303834946416753127e-01
2.223383071426283664e+00
1.437910380441512892e+01
3.090115132664840303e+01
2.629507199824518011e+02
6.527844770542502451e-01
8.008688392832024429e-08
2.159684471118980653e+00
0.000000000000000000e+00
0.000000000000000000e+00
1.285546964331194496e-02
3.063633310894459072e+01
7.452471007692691956e+02
2.595501718555183857e+02
2.203836815493482391e+03
6.879665063184278060e-255
1.855233832369463926e+03
1.074683168893567881e+03
2.958630572969126433e+02
1.596760596501859651e-81
4.075093224123085309e-93
4.304259695188950445e+02
9.000970100308381891e-03
4.062431817128328015e-01
3.288743054731277198e+02
4.491060874990374430e+00
3.360453526851529205e+01
1.313265884730569724e+02
9.647670218668860579e-184
5.923231084157729120e-52
0.000000000000000000e+00
6.503931354440846135e+00
4.796801467739261761e-29
6.601460456493224438e-01
2.067990050409447988e+01
1.032770805122853801e+02
1.672842522467034598e+01
4.118880060085388844e-16
1.757046853887498372e+01
3.405992162206049301e+01
9.990939430222348960e+01
7.180778590296377217e+00
1.622112310757458875e+00
6.185006841296203106e+01
1.508412253410547521e+02
7.677369336161112695e-04
2.448858156775735750e+01
2.009110221534522012e+01
2.679071456246391492e+01
2.962354286194401993e+03
3.744184931705252950e+01
7.639024919151939912e+02
1.378746109604487629e+02
3.101145456305697490e+00
1.491085626943025710e+00
9.732793575414099507e+01
1.449300166656362343e+01
7.400065550389442137e+00
0.000000000000000000e+00
6.664796577822359737e-60
2.663080333575360865e-08
1.506168525230583555e+02
1.151347283504471575e+00
3.342974366902748710e-04
0.000000000000000000e+00
1.689201374280349992e-58
0.000000000000000000e+00
2.254011807192363293e+01
6.303247165175662747e-01
8.673341476965900988e-53
0.000000000000000000e+00
1.159810827184610910e-39
4.035206530497062971e+01
4.057794491309241539e-03
1.099656102552670637e-03
8.927058089640135227e-43
8.024873298464625293e+01
5.350080912903864508e-63
5.229524159060381423e-08
3.409193598965264338e-19
6.801942216419438747e-01
1.962464625155371678e+01
1.890645675147516158e+02
3.632005351304212590e-10
0.000000000000000000e+00
0.000000000000000000e+00
5.745007504189233104e-21
8.559043173167647789e-02
1.969208604688733821e+00
1.037518173030164625e+01
8.880839428963278692e+01
3.191265825800955724e+01
3.674394475706282748e+00
3.707964427308405031e-01
3.006806383566428265e-01
5.778283757155743272e-01
7.399018020335182966e-01
2.467965331922169714e+00
1.612867608583514888e-05
5.849416134382970080e-05
8.303636600036174542e+00
1.305229872794861912e+00
2.236014184672603822e+00
3.897209031412695168e+01
7.254824102595133217e-01
5.207984225957076063e+01
4.124471829091792330e+01
3.097257779837847558e-01
1.429381091972598661e+00
2.080538130989484813e+00
6.111870477253851519e-02
8.989734106826088858e-206
1.858497077078742610e-10
1.471557543426907920e-32
3.167771688139648134e+01
3.890637621006640678e+00
1.547270865048570876e+01
5.341216575605602437e-03
1.332963593810531577e+01
7.880070112703057930e+03
7.901000720181088344e-01
1.188699808019075022e+01
7.592688198513237730e+00
4.369839433200810674e+01
3.136983030950771245e-01
1.398587224141452978e+01
4.133773622854722402e-182
1.876091803775479860e+01
2.449650601863782384e+01
7.921429415567068588e+00
3.183712089192012940e+01
1.225946675100828998e+01
2.504763971466078321e+00
6.728212765244857785e+00
1.330394734067199910e-12
1.316129094786154852e+01
7.496748521359771544e+00
8.125705793126809340e+01
6.861892407862879573e+00
9.320943528989148774e+01
1.285007395839755162e+01
8.583631428736253344e-02
1.905014422123250117e-01
1.081685670544867972e-01
8.597017095390668828e+00
1.816659517033436755e+00
6.661287773916525490e-01
2.640199619843130918e+01
1.257694748340428674e+02
4.166174634024028478e+01
1.500736856678352460e+01
1.378793625097037001e+01
3.299352219430315927e+02
4.070888167898012711e+01
4.580955147245101955e+01
4.351655786999076980e+01
1.696129163008113210e+02
3.149639018810449720e+00
1.447905013416785494e+02
3.332789901698648549e+01
5.057949383495382811e+00
8.868708130892533958e+00
1.107152898411152542e+01
6.629268341514206853e+00
1.536461353153548544e+02
7.939590893025215479e+00
6.811988602692787609e+00
3.528991067105851531e+00
9.881564133908078418e+00
3.250213804825315123e+01
0.000000000000000000e+00
4.118931423999061536e+00
6.845664462839392783e+00
8.016616076142220493e+00
3.502842227153465160e+00
2.148211257544553732e+01
2.995924302667894068e+01
4.045114068341591818e+00
8.101551867275963659e+00
4.797694530192502249e+00
0.000000000000000000e+00
7.810244743436094277e-124
2.208741005848410488e+00
7.807681248027316201e+01
3.464621382824976610e-116
3.292624209209442654e+00
2.023991054978207041e-02
0.000000000000000000e+00
1.716603309003168984e-98
1.016134708911036171e+02
7.792125142923953085e+00
6.853576459469029603e-02
2.705533037434708987e+01
7.390846758617182388e+01
1.696182083987856259e+01
2.310415432229106614e+00
