3.833925397167415872e-01
5.811143312296427332e+00
3.095387652206807449e-03
3.623101223514458269e+01
5.729555937711188562e+02
2.563673127430058079e-03
7.898001928683025596e+01
9.906349053222395895e+00
3.735812650890443933e+02
1.685651508895037676e+00
8.600106352011382072e+00
5.925239011214937790e-01
1.235474328615006057e+00
8.314063115053649256e+01
1.623737512414801074e+02
4.425786899090765836e+00
3.944884864425529969e+01
3.189488285613577556e+00
4.200369193686624314e+00
5.481661015007857074e-01
1.515046096481116251e+02
2.511709419927334253e+01
1.025904837229709976e+01
3.887472573429177736e+00
9.015555493440377433e+00
1.112243111443283539e+01
2.078717397577766235e+01
9.956014720140950658e+02
2.698636220935098606e+01
1.783753576095565663e+01
4.245037149858725378e+00
5.680676361555902076e+01
2.005288942494201621e+01
4.190411911590759431e+00
2.372930735991790829e+00
1.176447354896989950e+01
9.583221060666627977e+01
7.993189598028178011e+01
3.857381149723296687e+01
8.965010830215778270e+00
4.224329927478679636e+00
1.313473164674044069e+00
1.429526153780139452e+01
3.341629341485715798e+01
2.705594776357935327e+00
4.935444778049903114e+00
1.145294523865391589e+01
7.050531056409688802e+00
1.095079769216803989e+01
5.712996883154894334e+01
1.831114837904336312e+01
2.199547637027298919e+01
1.843713058029072727e+01
1.380792626446956817e+01
3.287446761744190127e+01
2.243262081831699783e-01
1.230563334861177616e+01
5.592842012886281111e+01
2.259690088497636395e+01
1.427770297979266356e+00
1.102215857729238913e+01
1.933077322396365361e+01
1.023467038582644619e+02
4.717803865601431390e+00
3.975439890852708658e+00
1.004294930247828859e+02
3.768560028235854986e+01
6.099425151912662990e+00
1.494104866635896922e-01
1.175779873363216066e-07
1.842377717731361031e+01
1.248480670474218357e+01
1.984342423682687695e+01
1.529306370738766496e+01
1.356665897431109897e+02
3.085222782574455991e+01
2.624036822430510085e+01
3.482374832479946036e+01
3.522694407647636999e-02
1.618434058182046664e+00
2.632222787350719528e+01
1.146758021929927374e+01
1.669940756985325070e+00
5.017682902217458306e-09
1.857332549844533531e+01
1.804193102172175855e+01
4.410454249466390308e+01
2.536227491274764198e-05
5.524246041064967416e-01
2.765568966832621545e+00
6.558377201438647663e-01
1.634763850934671803e-01
1.025655833467780109e-01
4.425241137974773031e-01
1.247375324612465031e+00
7.750196507125659551e-01
2.299043919470654629e+01
2.722016085457672943e+03
2.368956724879435953e-203
5.556720141653682958e+02
5.851673249214079533e+02
1.292500039686748607e+02
2.002280792176142299e+01
2.224217197732385287e+01
4.859265890476299532e+00
1.875396524491949535e+01
1.810814010610344482e+01
4.795323403211172320e+01
6.511775657553968131e+02
1.092172968355982192e+02
1.785639628414681468e+01
1.744999326071491623e+02
4.091988006013194124e+00
1.415642748992464028e+01
3.854793896000033998e-02
2.572678735132263306e+00
1.859294751531670187e+01
2.017948919814319098e+01
1.699764706646628198e+01
2.171596796244358973e+00
3.957076478949145049e+00
1.221985958298972719e+00
1.522024996293296129e+00
1.832145974309525416e+00
2.075570133895758929e+01
3.141755588734198579e-01
1.032712153177258063e+00
9.603740542160247529e+00
1.446637400571574084e+00
3.269898666605777215e+00
8.249683027131817425e+01
9.310520653613330921e+00
3.072874670911769357e+01
5.357747290283897179e+00
2.067231843024900151e+00
6.838533879753323497e-01
3.765811815278935715e+00
1.515063538960325863e-43
8.519941509829243387e+02
2.164737842979961080e+00
9.386872829456625311e+01
1.921367443989386192e+00
7.423564582769720310e+00
2.474750208913825966e-01
2.857426663533836972e+02
1.052095835772705712e+01
3.170123117700847093e+00
2.691709463026906946e+01
1.029862837910431317e+00
1.065191091092788644e+00
2.806505640469072560e+01
1.079219688457963144e+01
5.250038772548924371e+00
1.640028274599334701e-01
2.347802446983922664e+02
3.446773684985502086e+02
1.247944090916880873e-20
1.266690896573139646e+01
1.099972040987166366e+01
1.628701919191849756e-01
4.244969813729323960e+01
6.281192590814133325e+01
9.274958889780343441e+00
3.473042827010799805e+00
8.781403257443705002e+01
1.075975893290895868e+02
0.000000000000000000e+00
7.299287554895217763e-157
0.000000000000000000e+00
9.652917024893206872e-203
0.000000000000000000e+00
0.000000000000000000e+00
0.000000000000000000e+00
0.000000000000000000e+00
6.434669275286239708e-62
9.068796582967218953e-89
3.867823931592910203e-207
7.627490523307504016e-240
7.743030261131367276e+00
4.901366131444768826e+01
8.292701672546582969e+00
8.108259987694295035e+01
7.678649314241526191e+00
1.452967635865424434e+01
3.863383147826525477e+00
8.790000825325662959e+01
8.894292082919078169e-69
5.412022917365488272e-186
4.614506658419698096e-205
5.348615552942467843e+01
2.510756837851766938e-14
3.113708658313590405e+01
1.542620073743847229e+02
4.648235346843665639e+01
7.775902704347335259e+01
7.484834077555309051e+00
1.152282002579468383e+02
1.519696008989703273e+02
3.801503215703768035e+01
2.193672527471792932e+01
5.774866565183881306e+01
7.560698199050424506e+00
1.148790912486434834e+01
1.430408110907336372e+01
5.100379524142073073e+00
1.097762791264829829e+01
1.907261369854154509e+01
1.996260606369376234e+01
5.029979102999805463e+01
9.401385500680051521e+00
1.729161371433606575e+01
1.243321459217574620e+01
1.660340341162753930e+01
3.250189935515065542e+01
1.449670371646709377e+01
2.768526927556042594e+01
4.595633997434914164e+01
2.102451849592205591e+01
1.739230569120995540e+01
1.510373341937148339e+01
2.205861331140765458e+01
2.532379044063565843e+01
3.246540648618367886e+00
3.006220339464472957e+01
2.522361382384209350e+01
2.590092721084184646e+01
1.020819382842871370e+01
1.456998926203406164e+01
4.511488492816971529e+01
1.205004758951236177e+01
1.605893485988580238e+01
4.581459444702937844e+01
1.899073805656923894e-02
5.583504441094861903e+01
8.266798455957818703e+00
3.758831313964459753e+01
2.592476510073116771e-90
3.015485037039727345e+01
3.627713241761873775e+01
4.397551074449397390e+01
2.562528819877336161e+01
1.513085057239424103e+01
3.697864243561181041e+00
1.899152352437578628e+01
1.357022555913844997e+02
2.737830720470229551e+01
2.637496490416468831e+01
1.581620539252036473e+01
2.448515237024364311e+01
1.977234861663148990e+01
2.438999490974788387e+01
1.820048588030454084e+01
1.548056365523946987e+01
2.570768178622482836e+01
2.049232048601189504e+01
9.627769206142424707e+00
3.063901075129613716e+01
1.815120099334400194e+01
3.377241919308926299e+02
1.429400230410313384e+02
2.448895335693990916e+01
1.233403046158737837e+01
3.815136461313455214e-04
1.830121233306690698e+01
5.292287939774952576e+01
3.673101135354299718e+00
3.611519079204460780e+01
4.361706734474852709e+01
9.675787097237639500e+01
1.470467873706641804e+01
2.664423676255146837e-06
6.520918086769289567e-04
9.208921830793775598e+01
6.209019906270910240e-35
5.176091699308617011e-01
1.521444426490026558e+02
5.074898320483211137e+03
1.319802725046636453e+02
0.000000000000000000e+00
1.851898407552610877e+02
1.333355437117692475e+02
4.887443518284740864e-08
1.554073040400596106e+01
2.313677100449638857e+01
1.049541769630353016e+01
1.893867718020585400e+01
2.965639600566762457e+00
3.929640139909333385e+01
1.148206688317632729e+00
2.479515267604942785e+00
6.527903304216660985e+00
1.659841920227138168e+00
1.260519437155666944e+00
7.177084707093974486e-144
9.208887974569848756e-02
2.920490701922610555e+01
3.775580856032842547e+01
1.821008281383084864e+02
2.594272535685921412e+03
1.152636323531063312e+02
1.121657373563555549e+00
6.884374225808026493e-01
6.171153745130162349e+00
2.142039404641159717e+00
3.154307847714601376e-01
2.539537465639715208e+01
1.001623981357440130e-01
1.860672800468813337e+00
3.177583502202325771e-01
4.667861786784120426e+01
2.015666475340266217e+00
2.662241319667242312e+00
4.071142750353623718e+00
2.519223554638098328e+00
1.132942265021718597e+01
9.324583248934791513e+00
1.327628690997705085e+01
1.075197321249096305e+01
4.156029182022611401e+00
7.114098586279095748e+00
3.161232600987596175e+00
5.468333705388434218e+00
9.286856106742921169e-01
3.618650582920613701e+00
1.154305803150661863e-03
0.000000000000000000e+00
1.217196932112015517e+01
5.514557461501184976e-02
1.020799916465904289e+01
4.410400526102360885e+00
7.829027790071080517e+00
1.830367518122697845e+01
1.423037107473352307e+02
1.553882719241688193e+01
2.117037003240174187e+01
3.148660844047148188e+00
8.442941852010871173e+01
1.947314677486028600e+01
9.920450207796375334e-07
1.676158801778388963e+01
2.153671190553067936e+04
2.232516699806840847e+02
1.057065342950448439e+03
3.139531520331550851e+01
2.989782746414516801e+00
6.461975070632558271e+00
2.957970522812781766e+01
3.153200816238387050e-02
2.742145960445257265e-03
1.990374470513209815e+00
1.866981600958851217e+01
1.123913660283954812e-10
1.451393049367035060e+00
1.915285429070148530e+04
1.379627065721344650e+02
6.176322327077323280e+02
1.618821208431889502e+01
1.150105960046797009e+03
1.132526473554660384e+01
1.862509018447215203e+04
1.232871787460402447e+04
1.384928208041872858e+04
5.080270582144483342e+03
2.200946316661063236e+02
1.190997972259313400e+02
2.326458294689941475e+00
2.345502374689180840e+02
2.254574660811097075e+01
1.647554766608472221e+01
2.613541499105678767e+01
5.218081459832808378e+01
6.279713945434235711e+02
9.644931201058467574e-01
9.548782728213906523e+01
1.337283548485506230e+02
5.534170561786776261e+02
4.285061799942717700e-03
7.796499841722975610e+00
2.027396400574674828e+02
4.790287289458142084e+01
2.346004938453703303e+01
1.430746974349763334e-01
1.116625698935425959e+01
2.392305417306224147e+00
3.863458167223281059e+00
1.812325724253791792e+00
4.591288123538663335e+00
1.682490383837037839e+01
3.261682430166757740e+01
4.442974964003710420e-02
3.552523938621997106e-03
7.793523273474291691e-29
4.906191459709840358e-03
1.300662247511344916e+01
1.646548286818160420e+02
1.895841454905336813e-03
1.181779734065799559e-01
3.598254743744664808e+00
1.172526559333894713e+00
1.206241835591666645e+00
1.651053518479491389e-01
8.943501007988675922e-02
3.037396831326105584e+01
5.717265813463884294e-01
4.322521899459121073e+02
6.753638896275104742e+01
2.361310773544792740e-01
2.684165935661919207e+02
3.216222892856674775e+01
2.104410075294490756e+00
9.497761176541625883e-01
9.088684230910297757e+00
5.169225266130386132e+00
4.056612862290654320e+00
2.468182194032997323e+00
3.878393534520317321e+00
6.486240181971722585e+00
1.780414058785708464e+00
1.927217917546546033e+01
1.187329803574659692e+01
1.699629865150704688e-01
8.276797539285318805e+00
2.151461753960674272e+01
1.881381668406289620e+01
1.302186454807576332e+00
8.564255222316583538e-01
1.188911366569489036e+00
6.684965880577057540e+00
6.331140722192932779e-01
1.330434442010679597e+01
8.783656741597210882e+00
2.154274557305872140e+00
1.520337833360489999e+00
3.705394090190202938e+00
1.198874361979404490e+01
1.536855080615786662e+01
3.670759053548194828e+01
1.361321951828763588e+01
6.146955449756885770e+01
2.347046636863642899e+00
4.183337368740550488e+01
4.873281285904353943e-01
1.947808606702563575e-48
1.433035149056545521e+01
1.589388033686582524e+01
4.466147676443159753e+01
3.556632705707801279e+01
6.004139998989646010e+00
5.841688970884800369e+01
2.885674362860878972e+00
1.356610802695695099e+02
5.383490280095234226e+01
8.467467737662775562e+01
5.219783169546931134e+01
1.103452216465840650e+02
1.648299167886900420e+02
6.180890957756302040e-01
5.176230809678786926e+01
1.051218907367510802e+01
4.909285833536807075e+01
1.955773675564139467e+02
7.633061336998606450e+00
4.404793494472280635e+00
8.292228013069492931e+01
2.277170585893485111e+01
2.447243649981671254e+01
9.705385418978462297e+00
2.088495021972038401e+01
0.000000000000000000e+00
4.894277125832479669e+01
1.009336304699584907e+01
5.378035778022775304e+01
4.278296445441189348e+02
3.095601555764517279e-129
5.800685510414058891e-22
6.664791131339272567e+01
2.946836642389820404e-02
6.554856266789265140e-01
1.308188292950134546e+01
3.355694888688229582e+01
5.682713038057884347e+01
1.254420504882124909e+01
1.089878483386638663e+01
8.485597859679047253e-276
2.000926180269420627e+02
2.323771391102495727e+02
2.750173371044514852e+02
8.746940355865364153e-80
1.362258129261104678e+01
1.073392103347432791e-01
1.446923985387214984e+01
3.432948451749568530e+00
8.816719771761606372e-01
7.555946228075749449e-01
8.466304892708389485e-01
3.643648283522732356e+01
1.415605459650727482e+01
1.615948831553226128e+01
2.560486239016157128e+00
1.358151761778186994e+01
1.218179490641809970e+01
4.932159180312792301e+01
2.097039428836062598e+02
1.253794395629537972e-30
2.713044892243982176e+01
1.855237184061347522e+00
1.204851549570107849e+01
2.109696834010909086e-02
0.000000000000000000e+00
2.662965817734462348e+02
4.762133852126088129e+01
2.396769950093773024e-06
5.717331908914076166e+01
2.186543822828452051e+02
1.264747139995534866e+02
5.385305840957970958e+01
8.920791222750173688e+01
1.658347787859647582e+01
2.294255514437662669e+01
5.059521094083939374e+01
7.918460236788655493e+01
1.027038310481878014e+01
1.782002387214662309e-01
1.113356716061820606e+01
5.654270857873335387e+01
1.835683987254416749e+01
1.729511121742288182e+01
8.183127893070754610e-02
2.047823653679054168e+00
6.503128959814506276e-16
2.918280337209622243e-128
0.000000000000000000e+00
0.000000000000000000e+00
8.461342239567480306e+01
2.445837158448967964e-07
6.570470147041457487e+00
4.587821007448781963e+00
1.318086691219096385e-01
1.982573728724885964e-02
1.880369557974702488e+01
9.885087829184083796e-01
2.224806752905764284e+01
1.440667842580400126e+01
7.853528787696719693e-01
4.656764860036418874e+00
6.551916220282551606e+00
1.430975286108907563e+00
1.363302420721316466e+01
2.058148765781225187e+00
1.558818303523755944e+01
3.386820251213314759e+00
8.913138121401281921e+00
1.291956320025577476e+00
2.978602652915927074e+00
1.244789523610440485e+00
4.489201099019154384e+01
1.231756141622608602e+01
8.327390633146935173e+00
8.569534654596891343e+00
7.732363274778384366e+00
1.077620331731193204e+01
1.222051759333857124e+00
2.369663512257464788e+01
2.980496008769575056e+01
6.932963777401574873e-07
9.447967358263102966e+00
1.151798229767721171e+00
3.895014117476873317e+00
2.122787834954026565e+01
4.168389890217039095e+01
3.044566518651309650e+01
2.619421417605109426e+01
4.276722486580012372e+01
2.342925411059653573e+00
2.254747319215577761e+01
0.000000000000000000e+00
0.000000000000000000e+00
5.250899375837983598e+02
0.000000000000000000e+00
6.552113825148305182e+01
1.110394099443393543e+02
1.852260791519377747e+01
3.257379390730125595e-09
1.690781892865529699e+02
1.172691365360023212e+02
8.572967233212432347e+01
0.000000000000000000e+00
1.808811365117946224e+01
2.867204804559969844e+01
8.165154011467210182e+01
6.688957039930323845e+01
3.199730164695799317e+02
2.121136192026381554e-126
7.250229969616106018e+01
1.124601504639104554e-31
2.429470200479825905e+02
6.310621924148541666e+02
0.000000000000000000e+00
2.569465280898187241e-39
6.220641473277656319e-02
0.000000000000000000e+00
5.939578115063178919e-141
0.000000000000000000e+00
1.599756096167988665e-58
4.094080706205689514e-16
0.000000000000000000e+00
0.000000000000000000e+00
3.336257910656276238e+01
2.889842724775676075e+01
1.476831594593802199e+00
5.274043928777884815e+01
2.010642367455609403e+01
1.618657612380715136e+02
1.932781912822233039e+02
1.985102536765571202e+01
2.825005780974338450e+02
5.332763401164986809e-08
2.682330874928095810e+01
1.686328042998225899e-15
1.238331964883377379e-01
2.502449818859017512e+02
9.500969282501919224e+02
9.121802644739899506e+02
6.204176319819538321e+01
3.510916889961937954e+02
6.284664497831585095e+02
6.567220248421716633e+02
1.020301899099128065e+02
9.060921378051604858e-02
1.923831456450180823e-10
9.730129147603738815e+00
3.538574210949944286e-05
2.162345328568137859e+02
2.402017721426973118e+00
2.895930253842287527e+01
2.704484864716930659e+01
1.072218811327176227e-111
1.136922148943246214e+01
3.314669782909208114e-12
3.195973303432943502e-01
3.354129460198082557e-02
3.102991085217458212e-281
0.000000000000000000e+00
9.054795294076298236e-121
3.214009896728593365e-99
4.477747859180005868e-184
8.644803064069177481e+02
0.000000000000000000e+00
1.072838326007772541e-30
1.893231604627736272e-32
6.601855032728252913e-88
8.123477970831194372e-13
0.000000000000000000e+00
3.934364149302818866e-81
1.233420629772914035e-10
0.000000000000000000e+00
1.411804363346064406e+02
6.401921945271499226e+02
5.269147291268439983e-50
0.000000000000000000e+00
6.477222116989324561e-16
0.000000000000000000e+00
1.186885529890973506e-08
7.019635790729874035e-84
4.614703504451566837e-04
0.000000000000000000e+00
3.171939566838640534e+00
0.000000000000000000e+00
0.000000000000000000e+00
0.000000000000000000e+00
0.000000000000000000e+00
0.000000000000000000e+00
2.732523046358681106e-187
0.000000000000000000e+00
0.000000000000000000e+00
3.980905948798786620e-02
1.339372946481949711e+01
7.258587439168454125e+01
1.322615608037947459e+04
4.125399597863797785e-02
3.527180033471707908e-13
6.166875200947067697e+02
3.553276553034174195e-39
4.783302427749113690e+02
1.765131327790680167e-53
1.101868809835792185e+01
1.503537042052782979e+01
1.344543409171436465e+01
3.675420793815753200e+02
1.507379597770382418e+02
2.374443197782196080e+02
1.058314310439342535e+03
1.188705283912958599e+01
0.000000000000000000e+00
1.841745735834519451e+02
1.740987930673438377e+00
1.557631440166718484e+01
2.030300608940467555e+01
2.867623884314968308e+01
1.174574534193865929e+03
1.029091449898816819e+02
6.236605704001603101e+01
5.911266812434097773e+01
9.137528377574557599e-177
0.000000000000000000e+00
1.462345406732652819e-24
7.911988758679825994e-07
3.835834101642996864e-21
2.756836752316675930e-77
2.861235083787180056e+00
2.002188963835798319e+01
7.136128436406911533e+03
3.389907174045584384e+02
4.871986002477769859e-04
6.910080877222007852e-300
5.476849030002693303e-12
8.721176802173000648e-26
4.275871785772112332e+01
0.000000000000000000e+00
1.159592471346082760e+02
3.829431664141165470e+01
9.937520418004292821e+01
2.710512861945272684e-39
2.557940163259830868e+01
1.014024382775613107e-238
3.200886959610492560e-152
7.429213154662022589e+01
4.722712129636784795e+01
5.784934640326638622e+00
8.936846518064079703e+00
1.302948452332265139e-01
6.709603972158579843e+00
7.479367457416003526e-55
0.000000000000000000e+00
1.666756830599011440e-16
0.000000000000000000e+00
1.101376898826374884e+02
1.242077783345814908e+02
3.303449247838946690e+01
0.000000000000000000e+00
1.989139943679887521e-84
1.917320675593233657e-26
2.923304849336529969e+02
0.000000000000000000e+00
0.000000000000000000e+00
0.000000000000000000e+00
0.000000000000000000e+00
0.000000000000000000e+00
0.000000000000000000e+00
1.777819474213450700e-106
0.000000000000000000e+00
0.000000000000000000e+00
0.000000000000000000e+00
0.000000000000000000e+00
0.000000000000000000e+00
0.000000000000000000e+00
0.000000000000000000e+00
0.000000000000000000e+00
0.000000000000000000e+00
0.000000000000000000e+00
0.000000000000000000e+00
0.000000000000000000e+00
0.000000000000000000e+00
0.000000000000000000e+00
0.000000000000000000e+00
0.000000000000000000e+00
0.000000000000000000e+00
5.452423084961468783e-83
0.000000000000000000e+00
0.000000000000000000e+00
0.000000000000000000e+00
0.000000000000000000e+00
1.542126583472945022e-143
0.000000000000000000e+00
0.000000000000000000e+00
0.000000000000000000e+00
0.000000000000000000e+00
0.000000000000000000e+00
0.000000000000000000e+00
0.000000000000000000e+00
0.000000000000000000e+00
0.000000000000000000e+00
0.000000000000000000e+00
0.000000000000000000e+00
0.000000000000000000e+00
0.000000000000000000e+00
0.000000000000000000e+00
0.000000000000000000e+00
0.000000000000000000e+00
0.000000000000000000e+00
0.000000000000000000e+00
0.000000000000000000e+00
0.000000000000000000e+00
0.000000000000000000e+00
0.000000000000000000e+00
0.000000000000000000e+00
6.750940063946556948e-172
0.000000000000000000e+00
0.000000000000000000e+00
0.000000000000000000e+00
2.236107933270552421e-24
1.356364218050422110e+01
0.000000000000000000e+00
9.897613240959334970e-46
4.984409386897327821e+00
1.548103945712819929e+01
6.278517205365081733e-01
2.499385897829657210e+01
2.022166722991803454e+02
8.671822570983245271e+00
9.572642324931263103e-02
5.307889300865473103e+01
4.275567247924744407e+01
2.643642924017474803e-31
2.754881621989399036e+02
1.008103492297555254e-04
2.123434765313465533e+00
1.221230382612611578e+02
4.668724404898782154e+00
1.503131090463854136e+01
8.060654880338232431e+01
2.431784500654980263e+02
2.585644829429762694e+02
7.639765442305439080e+00
5.720972117912785038e+00
2.607707430603477405e+02
1.315855588165214003e-07
1.360548473992493257e+02
1.501079300283249207e+00
4.775993854780129766e+01
1.012935536994862140e+01
6.824142137260442951e+02
6.109364428074889553e+00
1.249355653048146131e+01
4.323262503944918400e+00
1.255062539342661543e+00
1.712051351244070574e+01
4.744332238707422711e+00
1.893099006313421384e+01
2.755262643606474882e+01
3.492977954579735478e+00
1.672971947494958656e+01
8.449411869602323932e+00
9.830588090934170964e+00
3.701883408569811573e-01
3.970764732965494481e+00
2.168320268804163575e+01
7.087368517398550338e+00
1.175278920536850435e+01
2.601523008150829000e-02
9.972621403530137485e-01
3.124315712594420980e+00
1.377862080017089041e-01
6.943964411185658037e+01
1.301518650888276118e+00
3.176250876448238891e-01
8.227794204230099995e-01
4.840216412940990393e-02
3.434539165098856635e-129
7.896889987878399908e-02
2.799465079830090630e+01
3.492985039054615215e-01
2.011144750328996977e+01
2.184959931346594146e+02
9.019940645174935213e-11
1.005053824318979807e-175
0.000000000000000000e+00
0.000000000000000000e+00
1.633615904172198965e-34
1.326990813961279400e+03
4.456360339750931520e-04
0.000000000000000000e+00
5.928964299819953563e-15
5.121420483658841660e-90
4.585933439801845424e+00
0.000000000000000000e+00
2.591789041871435731e-03
0.000000000000000000e+00
3.510426553450986134e-05
8.904338927572336354e-04
5.820004979368483191e+02
4.889407410188146127e-268
1.288346738506376159e-41
0.000000000000000000e+00
2.158592569306239801e-317
4.090503052793387318e-52
2.918011331951456589e-224
0.000000000000000000e+00
5.520328687300584929e-08
3.741914837051875509e+01
9.021211539813601743e-122
2.591502291574691099e-289
0.000000000000000000e+00
0.000000000000000000e+00
0.000000000000000000e+00
7.205326178491673864e-274
6.282847125322546589e+01
0.000000000000000000e+00
0.000000000000000000e+00
0.000000000000000000e+00
0.000000000000000000e+00
1.423760744794414528e-11
0.000000000000000000e+00
0.000000000000000000e+00
4.204823788536512889e-03
2.325901129495301816e-61
6.777463529928274966e+01
7.975583943982215737e-27
3.176285120902802572e-01
1.188635474802329567e-03
1.620700624863854321e-06
1.096530147043175800e-06
3.681919690519105254e-02
1.071519219436191086e-08
4.797828368433792073e-07
6.274804681694448050e-01
6.451418446791187285e-20
2.001009098247189513e+03
1.483813759007552635e+00
5.310803289947970285e+01
1.033071019545558222e+01
1.535202457264213116e+01
7.760167142433118017e-22
6.816414366029637684e+00
3.967676924963468537e+02
5.997811643541122066e+02
1.310677108951653963e+03
4.560532263542128106e+01
3.603156364001721954e+02
2.199623111499236927e+02
7.808523338176766515e+01
1.056096096894877519e+03
6.029261231896314399e+01
1.555032198000406485e+00
1.759165717553653394e+03
1.525682705096564738e-20
7.490626150614130552e-11
6.737918085101775034e+01
2.782640931206577933e-18
2.598170867728114899e+03
1.468997402324959148e+04
6.765801388298757956e+04
9.513741536559986116e+02
2.137723352797517556e-03
1.036142711033303295e-03
5.329429365289172122e-12
4.390250572986344935e+01
3.551159572851308894e+02
1.956968079746718203e+01
3.303877171789834932e+01
1.947261298114544559e+01
4.441008028343285474e+01
5.169471943218142229e+01
2.392485409574161167e+03
7.916205516043565638e+01
2.682828060039958018e+02
7.422585754189560703e+01
1.518441733277602008e-14
1.549173228043234758e+02
1.616697624339939576e+00
4.649359656099332824e+03
6.983892358591729987e+01
6.608535028612537943e+00
4.151722781844952692e+01
1.837088099648453010e+01
6.025416021382012133e+01
6.733497914468584256e+00
1.272093649949968608e+02
5.876069090926904437e+01
1.887092234850380379e+01
2.426709920490556627e+01
1.914440289840389653e+01
1.211615152614644231e+01
4.189627458400629934e+01
6.088991710203187040e+02
1.476671397114401543e+03
0.000000000000000000e+00
3.626048223015492340e+02
8.761910657257331037e-02
0.000000000000000000e+00
3.470991071236986159e+01
8.158654868735465570e-61
4.302712240190522189e-03
7.894436533769973047e-93
1.069043674569289237e+02
6.878494882246926068e+01
5.050988225529555109e+01
0.000000000000000000e+00
1.167379639496911883e-178
0.000000000000000000e+00
1.612344493135434504e+02
3.683974133332975076e-01
3.731459406097435050e+01
9.255876733503731657e+01
2.732904635348018729e+01
1.170659993967051982e+01
1.239552440538481193e+01
6.001408421947637351e+01
1.601578150228823771e+00
7.143484360979497794e+00
1.335658756846792983e+01
1.726876378333474449e+01
8.788808026574723709e-02
8.815802150309979268e+00
3.499552830701252226e+00
8.263183241723854877e+00
1.181582619993580252e+01
1.295723253167840738e+01
2.032817950802447982e+00
2.164440074273383274e+01
2.135087778873960573e+01
2.016374855276071187e+00
5.429547830873362102e+01
2.079093613630325876e+01
7.145213647503330101e+00
3.992162942123236036e+01
7.395176106728169607e+00
1.188906255137588852e+00
2.925432922472425190e+01
4.402351780091438571e-01
1.143165738536930007e+02
7.670649732968963525e-73
1.780760897039908031e+01
4.136528631525346356e+01
3.106100118721350167e+00
3.368683537657172766e-01
2.657053085583635976e+01
5.697534323817932744e+01
2.674745121611167633e+02
1.768895310681226007e+01
2.940925708416776363e+00
4.900138307550921724e+01
1.993285327442389132e+01
1.261870280229533670e+01
9.755154888542291403e+00
1.994017545515854550e+01
1.310845368127528943e+01
4.929883174923527633e+01
3.097511239934805971e+01
4.463162265452906752e+01
1.779193075846012375e-08
8.781560697743129751e+00
2.526057301388038301e+00
1.781987662761930835e+01
3.181484342415104294e+01
6.020657841778477604e+01
7.925409130532807467e+01
5.151828604475747397e+01
2.610250383048360945e+01
3.082705948111614447e+01
6.202201767601490445e+01
1.772987431177496376e+01
1.678605270665940452e+01
3.693954785759623860e+02
2.202452176184970867e+01
2.572784337107350439e+01
1.958255042967761383e+01
9.787087579491387856e+00
3.848966107468789311e+00
8.126127380280371779e-03
1.597248832455873957e-01
4.922555555835114172e-01
2.512581295463065523e+00
1.395257783550209183e+02
1.248996799539038705e+01
8.571295535168800939e+00
1.876636202648339349e+03
3.248765823517027002e+03
8.663433964069649562e+01
5.522602982391482556e+02
2.090489873123191501e+03
2.517418419273094177e-01
3.918908452351082428e+00
5.528369719363878332e+00
9.238200388096226234e+00
3.707643185873691127e+00
6.821709253557227681e-01
2.361146335924939055e-01
8.958810043665873524e-01
1.130874846670693490e+00
5.703884786024454812e+00
3.093458290088086926e+00
1.065781790574907850e+00
2.434052602667686749e-01
4.975716016141852549e+00
4.755641863672121872e+02
1.670325043350340195e+02
9.055319712638270957e+00
8.650244395287896282e+01
9.143471962624586169e+00
1.371033304872131566e+03
9.000034685084641524e+02
6.402373554006176448e+01
2.377876527528785644e+00
1.797840544347897973e+00
1.125115441413118700e-01
2.447063268364820843e+01
8.486709588038948482e+00
7.295407179219229654e+00
2.824900795571149814e+01
1.406841628540597888e+01
1.032051686460095965e+02
1.912675828333604500e+02
1.111921386011117363e+01
1.064724113144128026e+01
3.840477525640656253e+00
2.916623043712103680e+01
1.746438389536673697e+01
7.538026233372137077e-37
4.373651856034467371e-03
1.613602969654849397e-06
1.450460934015857539e+01
4.536199312286077236e-10
3.414854676578344197e+02
1.993098626856311578e-55
1.328405307263990690e+05
1.944928022554520339e+02
4.073042209513656417e+03
2.190302605183109375e+00
9.040414392942159338e-12
1.835935785377558851e-04
7.877134415330051809e+01
0.000000000000000000e+00
1.836820710990230376e-52
0.000000000000000000e+00
5.558560106490610529e-07
4.861837997840291337e+01
1.368666070158139586e-44
6.928464670887702903e-01
1.004441474569469221e+02
9.479482875116962077e+02
5.807259795793380763e-05
6.729521513397292355e-28
6.511291499524118080e+02
4.855908896849134067e+02
0.000000000000000000e+00
1.360202964936130274e-09
3.024973832982774269e+01
5.567493445313575506e+01
3.272261056863358775e+00
1.226113716278361016e-98
0.000000000000000000e+00
0.000000000000000000e+00
0.000000000000000000e+00
0.000000000000000000e+00
9.722883574885741595e-49
9.043722284294204255e-07
5.045641518572752492e-09
1.853352287918797964e-193
0.000000000000000000e+00
1.531856059757139190e-25
1.187119232988187666e-14
0.000000000000000000e+00
0.000000000000000000e+00
0.000000000000000000e+00
0.000000000000000000e+00
8.513412968134057371e-51
0.000000000000000000e+00
1.842673774157344013e+01
6.948686422551754838e+00
0.000000000000000000e+00
3.760653317414190042e+03
8.683551586026401026e+01
1.395388722420955396e+01
5.840276640431534716e+00
4.254220782675417922e+02
3.059747499501974488e+01
7.294443204644236900e+00
2.118858181551139523e+02
5.149809875253969693e+01
9.090851600431938095e+02
3.253513841835450648e+01
2.503013769861278774e+02
4.236769371422848280e+02
1.342147503029779045e+02
1.069839501933056226e+03
3.388554469410432830e+02
4.463771216196429492e+01
1.576326024850098122e+02
4.113124158485828730e+01
9.846780690281242698e+01
1.615596625289011570e+02
1.714860351352350563e+02
2.037637200674937474e-18
0.000000000000000000e+00
1.726048096477552096e-08
2.426117823350806546e+01
1.398545138879735994e+01
1.228945602316882457e+01
1.525812864436462490e+01
2.686264946918345831e-02
2.056063749597685675e+00
1.395414638490356083e+02
3.068046922390242770e+01
4.898605892584408252e+02
1.322099663749516374e+01
6.691724152626607339e-04
2.385579753246858843e+02
1.488363966269376419e+02
2.462168746394228336e+01
3.957298874278865952e+01
1.011307144830140032e+02
1.085038192320957791e+02
9.590040671739106462e-176
3.150564033756076497e-20
1.753735921196788752e+02
4.342447513483082666e+00
9.604507107608080694e-84
1.070241312915083043e+01
1.502737871547293658e+00
6.334515123180968289e-298
2.584919359974110264e+01
4.984450385303892261e+01
3.295772349425014340e+02
1.855432289447319787e-158
0.000000000000000000e+00
8.886753744105933492e+02
7.510753406091499793e-06
1.630243883221895729e+01
4.589165692331846010e-07
1.227144879278768141e-01
1.515306159650353034e-12
8.003451309542970193e+03
1.242339647303914063e+02
1.547379562632612884e-99
1.777458216289379268e-85
5.595109310371025450e-05
2.119589036438501939e+00
3.425671284935684735e+00
3.124603664026094521e+02
7.263199624362006546e+01
1.002208284667996622e+03
9.265726771123006006e-06
5.819602874729359598e+01
3.530184091470594154e+01
5.918097934549520898e-05
1.386571965661132610e+00
8.322330908019855448e-04
1.361896785795598808e+00
0.000000000000000000e+00
9.099747413043008493e+00
2.609403448676104276e+01
1.579450015975532438e+02
5.500246426622104536e+02
1.627501701550813777e+03
2.093793322759869113e+02
0.000000000000000000e+00
0.000000000000000000e+00
1.270182391943510125e-01
2.744039151569761561e-53
6.721728221386221946e+00
6.622155353403975653e+01
1.033809938274814044e+02
4.908671085082087870e+01
6.644457692959770156e+01
1.706182623768169293e+01
5.004625961543521129e+01
8.111941067868979435e-69
3.990636254168790629e+02
5.952825890651680396e+01
1.118272773152470023e+02
5.137271746115563698e-01
1.053961389364044953e+04
1.392697591308660208e+02
2.039430750453757355e+02
1.489668823019626700e+02
8.874869643998099491e+02
3.839949165163720863e+02
6.193663332581650138e+01
9.822650309144248695e+02
2.551988756201700710e+02
3.413856001161218046e+03
7.706434713925814322e+02
1.859996059733590574e-09
2.896051723239889725e+03
1.297510204109218135e+00
1.791602490006782489e+02
1.323672315962587334e+02
1.782336259272693513e-01
6.695492037960107723e+01
9.861971243636726570e+01
8.770319558620701628e+01
9.267910018055988530e+01
3.399063129433394437e+01
4.804799919013641443e+02
5.747017311483084256e+00
6.195931479174785181e+02
2.088471481061822033e+01
0.000000000000000000e+00
2.838012888032519143e+01
3.446494953279285234e+00
6.186560834593272773e+00
8.981031483675758764e+00
8.799745230176172583e+01
9.837875686340407100e+00
1.557451023331107187e+01
5.577189722124185955e+00
1.706952653210947446e+01
1.644153927563563755e+01
7.074218091045519685e+00
6.388251112782000973e+00
2.384392652597675522e-01
4.655445016398015634e-110
7.249440620319534956e-01
1.830327698923728041e+00
2.138675776604416416e-16
1.930510315805652795e+02
3.004687550784198038e+02
0.000000000000000000e+00
2.794238804102309182e+00
1.771693417284677716e-107
2.180746315617465712e+02
7.826786875931374747e-48
1.015299442252551074e+02
1.340296023898171427e+02
2.819394761076031841e+01
9.894771919733634513e-02
7.212184538641539078e+00
4.431594207770468974e-01
2.778047177630007170e+01
8.599315850749675519e+03
2.257294865564986708e+00
1.521578012294174442e+01
5.347633379399985287e+00
6.287474959008475750e+00
2.085264926246501815e+01
1.930628914658358752e+01
2.815835600565443642e+01
4.034817753341802593e+00
7.053163330562957967e+00
3.269153605267039353e+00
1.408385420703296143e-01
5.978874562307211551e-03
4.892965134544631778e-01
1.574060718137733943e+02
5.538305710210575050e+00
6.466871266976552306e+02
3.712204617757464575e+01
1.624009704417746391e+00
2.467847185712191305e+01
4.073919379348603087e+01
1.088470259641800908e+01
2.356669712827395227e-104
4.911654050292469081e-04
6.769364599649026815e+00
1.193952017660431920e+03
8.158967914540765420e+00
9.533712288703927840e+00
1.820666118360020036e+01
1.151952559577195245e+01
1.034124668987336015e+01
3.704512810575376625e-01
2.645928466323497119e+01
3.899061256990076028e-03
1.279680281989603286e-11
4.250504923363749299e+00
8.615397001295460200e+01
2.116635291405239627e+01
6.448978323824704477e-05
4.732410454484130469e+01
0.000000000000000000e+00
9.561087626397170908e-21
4.088156571340868517e+00
9.229675067576640402e+01
4.582974119044593286e-01
2.313376360424942035e+01
2.493397097141780705e+01
1.360541020721850014e+00
4.953658347112497040e+01
1.094919785890133390e+01
8.609380105556414975e+00
3.599648455423253068e+01
2.624614226879669587e+01
5.463023834011518431e+01
1.107554601596777815e+02
4.749347372939049839e-15
5.722767340168148031e+00
9.167885687298445996e-01
4.915460177090544391e+00
3.807259739494375594e+01
1.389963709638932521e+01
6.333335002546720993e+00
2.726118765609971817e+01
2.389822999556580285e+01
2.599223529602801355e-02
6.942940863690216702e+01
4.357230989523610987e+01
1.205470928889771187e+01
2.478511455549944120e+00
2.723911867813423271e+01
1.900734422491995019e+02
0.000000000000000000e+00
1.082134384768603103e-01
2.391221342910243663e+01
0.000000000000000000e+00
1.154233730112033229e-23
4.571751265651058580e-27
3.443847101833732670e-24
4.560555488698716431e+01
3.307366468269409674e-45
2.202025682461315000e-08
2.175416525613714774e-03
6.706909028027942156e-317
7.981858012535180080e+01
4.616748248269563426e+00
2.886386069093951789e+00
2.460413702958302196e+00
0.000000000000000000e+00
0.000000000000000000e+00
4.853137991249425498e-107
0.000000000000000000e+00
0.000000000000000000e+00
1.536893744432005171e+01
4.281176985125743006e-05
5.555297132962079054e+00
1.906791478907398608e-07
0.000000000000000000e+00
0.000000000000000000e+00
0.000000000000000000e+00
1.240238939713425912e-301
4.634617835217682682e+02
1.098767739332299764e-01
1.569402519888869847e+02
7.564389575583368996e-02
1.773602168353109221e+01
1.560667106401826132e+01
7.652905439798360021e+01
7.984603080694635935e+01
6.062116768802646760e+01
4.595845851755204592e+01
1.493105155006044859e-07
2.320142814063771208e+00
1.271218190906837687e-59
4.965253850153319348e+01
5.512506492758519450e+00
1.584459995206927765e-10
0.000000000000000000e+00
1.871414763585027953e-03
0.000000000000000000e+00
5.578381793790812559e-02
2.788821674496231752e-47
0.000000000000000000e+00
2.513497300804658039e+02
0.000000000000000000e+00
0.000000000000000000e+00
5.653440723155566339e+00
6.462940222498826295e-59
0.000000000000000000e+00
5.408078127879247596e-115
5.730031621164313265e+02
3.181127621254835537e-16
1.753187916935441589e-06
0.000000000000000000e+00
5.351130795158974551e-02
1.113784245384600555e-06
6.787302409970355523e-199
2.731215384972522919e-01
5.834266839263741389e+01
3.378780618113076577e-20
1.491697208068234204e+02
3.452255333565838669e+02
1.458543062433012381e+02
1.139721124953862500e+03
3.943007421054736824e+03
2.207178695074571237e+02
5.878810644936131524e+01
2.425131775626724675e+02
1.342296415109234431e+01
8.695391068516462110e+04
7.228721446101947095e+02
6.991178517482673863e-07
1.638459331155938798e+03
3.687178053713832355e+02
1.035175340884320292e+02
0.000000000000000000e+00
2.809715253425194401e-147
0.000000000000000000e+00
5.441118180389513554e+02
1.632638673691703616e+03
2.092939729453906390e-04
1.538643224593293553e-31
0.000000000000000000e+00
2.897698992856214002e-15
0.000000000000000000e+00
0.000000000000000000e+00
2.187257174562287082e-160
6.874640959622330842e-29
2.939446595010036617e+03
0.000000000000000000e+00
7.879670483017339744e-02
0.000000000000000000e+00
0.000000000000000000e+00
0.000000000000000000e+00
2.806103805858719307e-305
1.512100099891991920e-47
5.656163686744899678e+03
5.259812076685689135e+03
7.344077492026391383e+02
1.518456240767573951e-42
1.971502948484001899e+04
2.445783676120714517e+03
5.298393805640890787e+04
3.697732193519445822e-51
1.233506891841747511e-19
0.000000000000000000e+00
1.776947254070635115e-06
8.975192181700478500e+01
1.784386739310606345e+02
2.413153285627170419e+01
3.608484450652847499e+02
1.962217709490632128e-48
2.405229882086225933e-97
0.000000000000000000e+00
4.802789165684239414e+00
1.365673498980145268e+02
6.971292283314292626e-02
6.567295265830923654e+02
5.213985441124067393e+02
0.000000000000000000e+00
0.000000000000000000e+00
6.591551866959904373e+02
1.340528523325943695e+02
0.000000000000000000e+00
3.813869962126091764e+02
1.134456631568035782e-38
4.439300733616024533e-22
1.077503937463914355e-07
2.916177746767155895e+03
1.539232618734985156e-30
2.104741328955461768e+02
2.884297965316034995e-02
9.915689371242910966e+01
1.629837804457373096e+01
1.212136827750008194e+02
9.509054589461040763e+00
5.508485060801061195e+01
0.000000000000000000e+00
0.000000000000000000e+00
0.000000000000000000e+00
4.058103274769568003e+01
7.953130506914046771e-02
3.247763004334300376e+02
0.000000000000000000e+00
2.105063787521912033e+01
8.364978873987882935e+01
1.213284152760537617e-02
1.226965602814285994e+01
2.791483910733712719e+02
3.014904207267739555e-01
0.000000000000000000e+00
0.000000000000000000e+00
0.000000000000000000e+00
0.000000000000000000e+00
0.000000000000000000e+00
0.000000000000000000e+00
1.047644726753512282e-288
0.000000000000000000e+00
0.000000000000000000e+00
0.000000000000000000e+00
1.866411081359255955e-118
0.000000000000000000e+00
2.327392821655761187e-26
4.918430834255993544e-90
0.000000000000000000e+00
7.546786077820130133e-134
4.255170778603308008e+02
1.022543312794073600e+01
0.000000000000000000e+00
9.415435512738927331e-50
3.297716974926756706e+01
0.000000000000000000e+00
0.000000000000000000e+00
1.620773027364688923e-01
0.000000000000000000e+00
0.000000000000000000e+00
1.116686565238205642e+00
7.455167657447667878e-03
3.845194139018442314e+01
3.044300910832406544e+02
1.695125058958932852e-248
2.262500214118971087e+02
1.076526755907443658e+02
1.622745245868178898e+01
5.302518039517838133e+01
5.544164580350689597e+00
2.439324448703765142e+02
2.078470088988324527e+00
2.017685051078068881e+01
9.335684766343318600e-12
1.160116778050685753e+03
7.106961623296051238e-03
2.860677657939770597e+02
7.880986974459328565e+01
2.999282068502112805e-17
6.420037156881514550e-39
4.423928836193558567e+01
0.000000000000000000e+00
0.000000000000000000e+00
0.000000000000000000e+00
0.000000000000000000e+00
5.968432996620767028e+01
0.000000000000000000e+00
1.307316339169161410e-10
0.000000000000000000e+00
0.000000000000000000e+00
2.785574955712255696e-113
0.000000000000000000e+00
0.000000000000000000e+00
0.000000000000000000e+00
0.000000000000000000e+00
7.531892371813888485e-40
1.007743435858758093e-04
1.587515941625483720e+02
0.000000000000000000e+00
2.089042719453427424e+02
2.781955574239980888e-04
8.006685290996946641e-16
2.784472912878017454e-90
6.488767409979957712e+00
0.000000000000000000e+00
0.000000000000000000e+00
7.069395333566659556e-02
0.000000000000000000e+00
2.652928511039030649e-12
7.360419476917393204e-73
4.822894969512944987e-79
4.830820601074478146e-20
0.000000000000000000e+00
0.000000000000000000e+00
0.000000000000000000e+00
0.000000000000000000e+00
1.061644243352764964e-116
1.846070245696368379e-09
0.000000000000000000e+00
0.000000000000000000e+00
0.000000000000000000e+00
0.000000000000000000e+00
0.000000000000000000e+00
0.000000000000000000e+00
0.000000000000000000e+00
0.000000000000000000e+00
0.000000000000000000e+00
0.000000000000000000e+00
2.458617025915910589e-20
5.187307539152075719e+01
2.110161149855587454e-08
1.784274838418956932e+01
8.686472502048697919e+00
0.000000000000000000e+00
1.918612542449315259e-149
0.000000000000000000e+00
0.000000000000000000e+00
5.254917860835835435e-133
8.080891064087403208e+00
2.519643344568991594e+01
1.469799175479326081e+01
3.691116780756634341e+01
1.383516710821252360e+01
4.957249494895699549e+00
1.826169052315647079e+01
9.672128246226558979e-01
9.359773881634649509e-84
1.055923054082693824e+01
3.614650370039616423e+00
3.528316229872024275e-58
1.292293656204442698e+01
1.335579462133863193e-01
1.581393700812013314e+01
5.555868452401275533e-05
6.832958841345232818e-12
1.768629619624570068e+02
8.184015223868338631e-05
2.964668963669075397e-01
5.521872697577809959e+02
7.127548099075467825e+00
2.452256278804323397e+00
3.586638515319777412e+02
1.408790903632866218e+02
1.697977130053102801e+00
9.732344416663484310e+01
1.244671270067448710e+01
4.466912289013637150e+01
3.023536704021527188e-01
1.244436992396343448e-57
3.142592639310428382e+01
1.187535762632708793e-08
0.000000000000000000e+00
8.407458303241183151e-02
9.807400725217946881e-10
2.156419222797081403e+01
4.260259514069250741e+00
4.394855110280928123e+00
3.403055318693637865e+00
1.394913085836428301e+01
3.538871992570496872e+01
1.282641334878600547e+00
5.220307873835508102e-06
1.204092163170009084e-41
2.180561764319034701e+00
0.000000000000000000e+00
0.000000000000000000e+00
0.000000000000000000e+00
0.000000000000000000e+00
1.043880696357145072e-294
0.000000000000000000e+00
1.133103749106433592e-162
2.810592407678968243e+02
2.514501352167972215e+01
1.549899096036772006e+00
5.284218109362048921e+01
1.828448133023254485e+01
4.015962909285352399e-03
1.888907109089493730e+01
2.527569097293944012e+01
3.569197178288181505e+00
7.339302449948278628e+00
7.962357940232860187e+01
1.998069421734562368e-01
9.359536373601341497e-01
1.503124477889040804e+02
1.543877863194380140e+00
3.847236304263835116e+00
1.838657561187024925e+01
1.367388062779807179e+00
1.254138356651690245e+01
1.627617339738806290e+00
1.080381246520309588e+02
6.095421789793903145e+00
3.324806903310704342e+01
1.885831819016909328e-01
2.817081936401073516e+00
1.628020711669127263e-01
6.420543120497889333e+01
2.220943784646997088e+01
4.995397686162625361e-02
1.131858489127940892e+01
1.016928075075631597e+02
2.103365864028710064e+02
2.201527716716311431e+02
9.873725582716765814e+01
1.349813668850496526e+02
1.210438525231927409e+00
2.244642250533741578e-302
8.099537750842230904e-38
4.463061334854672157e-01
3.486800924982446759e+01
1.534864887478208573e+02
1.353165667995259728e-109
1.838745683508665074e+00
2.814577714754628035e-01
1.710294167974055668e+01
1.936312055531928173e-49
0.000000000000000000e+00
1.285364261552577680e+01
9.907469437508449346e+02
2.546944144704486845e+01
6.724108663784512601e+02
5.514887107649766307e+01
1.979568910282581555e+02
6.741684392236988970e+02
1.061158587735677727e+01
2.791897781686709656e+00
6.817661595838312438e-01
4.367148438228083407e+00
7.073659501782533887e+00
6.680903626945555729e-01
3.512443701711401900e+01
7.044918893419787764e+01
1.599284625561363882e+01
1.631307911631591878e+01
1.125034257028642948e+01
3.735131704312388479e+01
2.198684858185278301e+01
4.676087131509567030e+01
2.930669661895358713e-01
1.400083056334053555e-01
3.285158972821404344e+00
1.326140163510518200e+01
1.492301692555236237e+01
9.897199528083339715e+01
2.343111117547141403e-40
2.165718652537058020e+01
1.825173802104949061e+01
2.912566174033882405e+00
8.106959641816271045e+00
1.732933188022094129e+01
7.917761819452706185e+00
6.115644219824462269e+00
9.164109247780006795e-01
0.000000000000000000e+00
4.397149477980701049e-02
2.632836923077345676e-272
3.343833415502144892e-03
0.000000000000000000e+00
2.079635534087092012e-08
9.195004173953531812e-02
0.000000000000000000e+00
1.009449314427781782e-131
1.778512353438977790e-272
6.504182814867020644e-105
8.278856038846609522e+01
2.645706169299506200e+03
4.149738314268003325e-01
2.109077587895850925e-01
1.376219543212776557e+02
3.829307760191789498e+02
2.533645321290750374e+00
1.048121783790148775e+01
2.145435092179772596e+02
1.082705783406816114e+00
4.832491577973650365e+00
1.899262796346298243e+00
5.591635117122864540e-02
1.971647371104481961e+00
3.180721121534165974e+01
4.299105883703894904e+01
7.063858859715816507e+00
1.042828089228651578e+02
2.564888295851980859e-01
6.910266986027711766e+01
6.237185134639011865e-07
2.306334470377551042e+03
1.264963554882567109e+02
4.704321868947509699e+00
3.080312907856712905e-14
5.834181195370480831e-06
1.830157289395097919e+01
1.794383318123901461e+01
3.543863958640311562e+00
4.821346336179826997e-01
5.388268938222446195e+03
7.689904264876332718e+01
2.136771608999100125e-01
1.329882050279586814e+01
7.475928217962483080e-01
2.870324081080705980e+01
2.061215892345970302e-02
8.434935590414925244e+00
4.764364885290917062e-03
2.510324558899574043e-07
8.854938177484389383e-01
3.676709016540193176e+01
4.586502856923360127e+01
9.970402436819675529e+01
3.989201117700353194e+01
1.231282031325533808e+02
2.022028458715933452e-01
2.755877414108677037e+00
6.416388440485452520e+02
2.823049702912543979e-01
4.377741693712457050e+02
1.122105889514498500e+02
5.812413102229527229e-02
5.895136429783886626e-70
8.513749346491065843e-65
1.210611105869258651e-02
3.143017421142025114e+02
6.140793167442988931e+01
1.800895636140917020e+02
3.158004222610406941e+02
2.315860388306944628e+02
9.940028435907095172e+00
1.273950154807282900e+02
9.093318523950341614e+02
1.394798103050520312e-11
3.078355490424587448e-01
3.684020311046622735e-253
4.367372801222309302e-14
1.748668460806783666e-26
1.683956730082609640e-02
0.000000000000000000e+00
9.531008314380985667e+02
1.800437780890846398e+02
4.469096774050202839e+03
1.837373577758485510e+01
1.053970550829128996e-46
3.276876168131786216e+01
0.000000000000000000e+00
2.276052759523772240e-92
1.708490130069240251e+02
1.454391863217469982e+01
1.110333956844963055e+00
2.648515801144577464e-23
7.098536864872495471e+02
0.000000000000000000e+00
0.000000000000000000e+00
0.000000000000000000e+00
0.000000000000000000e+00
5.987300615437567432e-24
1.259195992236646191e+02
1.682449845453777471e+01
2.945542057015997628e+01
3.960813198588539308e+01
1.690926386979448720e-02
1.401145198760026661e-02
1.859573700985662104e+00
9.325443966068773349e+00
5.808657055553151372e-01
1.145666637102993768e+00
6.349746030177403355e+00
2.527715000687954294e+00
1.478673072893092666e+01
2.748671224644131161e+00
4.962998221173611313e+01
5.472734972168063344e-02
1.857391537365335665e+01
2.161405670153870862e+00
5.812292944957934360e+00
0.000000000000000000e+00
4.235488729528027463e-01
2.307922300085755829e+00
9.414015286738174382e+01
0.000000000000000000e+00
0.000000000000000000e+00
2.679939592664469572e+00
2.100667104270078096e-12
5.798237989531331493e+01
5.537534798129056107e-03
0.000000000000000000e+00
0.000000000000000000e+00
3.683227784871597965e+00
0.000000000000000000e+00
2.008317570973863888e-08
1.653418349780497133e-03
6.221996303452324462e+00
1.061074838654959610e-112
0.000000000000000000e+00
8.986424550475502650e-61
0.000000000000000000e+00
0.000000000000000000e+00
1.086293523819309428e+02
1.274079959030797923e-21
4.733053981425679922e-61
8.861811137606875377e+01
0.000000000000000000e+00
7.247353280991029578e+01
3.414239906125933999e+01
0.000000000000000000e+00
3.580439365439466997e+02
3.519712539832978564e+02
1.024077116639478788e+02
1.862813143769473712e+00
0.000000000000000000e+00
1.293603844773462130e+00
1.612911705388750647e+02
2.265068393449678297e+01
1.182031417390334305e+01
7.630135002225718388e+00
1.497091102895053070e-75
0.000000000000000000e+00
1.964817199681575373e-83
2.851730404885786099e-138
1.045950463678218227e+02
1.789655564199580162e+00
2.186296191384983345e+01
6.802133589547759129e+01
0.000000000000000000e+00
2.400204538320797067e-183
3.919819625647476613e+01
4.645031389886860040e+01
1.945603484577438991e+01
1.123830494567709515e+01
3.119649314263772766e+01
1.738255088279013094e+01
7.903970133438406265e+01
1.042046754611775938e+01
3.814548117802821281e+01
1.421883374976923164e+02
1.635472658628417975e+01
1.230427076604019589e+02
2.439018146374995764e-99
1.282119712025274509e+02
4.021530983198478566e+02
2.966357429080214459e-10
0.000000000000000000e+00
2.493297535268366409e-19
1.033747314760950296e-34
3.295058574718140889e-191
1.365723225390765572e-01
1.923800077132171061e-29
6.250228297390110401e-04
0.000000000000000000e+00
3.465664857000469271e-06
6.880643376415119405e+01
1.693713429322116099e+03
1.935113265175413101e-95
1.161267361030242640e+01
9.604885651587316033e+02
7.038073004096512539e-140
5.001184140594535289e-304
0.000000000000000000e+00
4.210590988736466311e-10
2.760190504714356173e-24
1.697799857934693196e-148
2.799363604210586276e-02
7.802279176865667978e+02
0.000000000000000000e+00
0.000000000000000000e+00
1.390126400920674996e+03
6.442944924252760757e+03
1.335797237359749623e+01
