# residue i_ratio gamma_2
1.000000000000000000e+00 nan nan
2.000000000000000000e+00 6.282926855312281900e-01 5.121522095309098965e+00
3.000000000000000000e+00 5.066162782084444594e-01 8.187145412610783879e+00
4.000000000000000000e+00 8.215421783555739710e-01 1.938538616579422502e+00
5.000000000000000000e+00 nan nan
6.000000000000000000e+00 9.155634594274866256e-01 8.317652210647987765e-01
7.000000000000000000e+00 9.437997581752956000e-01 5.385584509414103049e-01
8.000000000000000000e+00 9.624092081743907956e-01 3.538847920248986423e-01
9.000000000000000000e+00 9.613783187887270376e-01 3.639446490070974982e-01
1.000000000000000000e+01 8.910305621896553729e-01 1.100165210038350994e+00
1.100000000000000000e+01 7.224450337327793514e-01 3.381628369686394020e+00
1.200000000000000000e+01 7.893068491577228674e-01 2.372323285926719372e+00
1.300000000000000000e+01 nan nan
1.400000000000000000e+01 6.557088776416332143e-01 4.569476640491624053e+00
1.500000000000000000e+01 6.019482043602356613e-01 5.693328485080991541e+00
1.600000000000000000e+01 nan nan
1.700000000000000000e+01 1.823114814125659788e-01 3.045164359556067524e+01
1.800000000000000000e+01 1.584134769740992710e-01 3.464313253721633856e+01
1.900000000000000000e+01 7.061369439968046002e-02 6.438551041860171154e+01
2.000000000000000000e+01 6.509051039296401275e-02 6.790594006595328835e+01
2.100000000000000000e+01 6.612642704030247121e-02 6.721622708005477875e+01
2.200000000000000000e+01 5.021286775142468767e-02 7.972829210259354227e+01
2.300000000000000000e+01 nan nan
2.400000000000000000e+01 nan nan
2.500000000000000000e+01 1.217000020327384940e-02 1.584642742949646674e+02
2.600000000000000000e+01 7.583531922210554055e-02 6.137827223926395703e+01
2.700000000000000000e+01 1.315772587593150300e-01 4.062670230865478516e+01
2.800000000000000000e+01 1.712903680866777190e-01 3.227601923725821820e+01
2.900000000000000000e+01 1.235176883927750768e-01 4.278081769120985456e+01
3.000000000000000000e+01 1.456823958890546000e-01 3.728077422228640359e+01
3.100000000000000000e+01 2.629315397693332002e-01 2.086909988614452516e+01
3.200000000000000000e+01 2.314068705379674906e-01 2.399498506964414091e+01
3.300000000000000000e+01 2.586739622605396249e-01 2.125601377560183280e+01
3.400000000000000000e+01 2.925957203599269807e-01 1.842565228367522678e+01
3.500000000000000000e+01 2.265009567290797443e-01 2.454187748933004087e+01
3.600000000000000000e+01 2.116064036041850061e-01 2.632116847596309839e+01
3.700000000000000000e+01 2.467785750946109302e-01 2.239242610947093226e+01
3.800000000000000000e+01 2.478744191907021888e-01 2.228415562727315091e+01
3.900000000000000000e+01 2.387974166141665078e-01 2.320436040167112068e+01
4.000000000000000000e+01 2.808134070551526196e-01 1.934676468933221472e+01
4.100000000000000000e+01 1.721656893052777026e-01 3.212475281563509810e+01
4.200000000000000000e+01 2.752793655764244618e-01 1.980104511771700615e+01
4.300000000000000000e+01 3.127372506416721820e-01 1.698172401852333380e+01
4.400000000000000000e+01 nan nan
4.500000000000000000e+01 2.450287326020178236e-01 2.256688666625068151e+01
4.600000000000000000e+01 6.509697558639782056e-01 4.661975397693778334e+00
4.700000000000000000e+01 7.200552334555769818e-01 3.420784706062359071e+00
4.800000000000000000e+01 6.980226644725642249e-01 3.792970691814707695e+00
4.900000000000000000e+01 6.738850980824040438e-01 4.225370784593310169e+00
5.000000000000000000e+01 nan nan
5.100000000000000000e+01 5.130040500122292624e-01 7.995193539892607504e+00
5.200000000000000000e+01 nan nan
5.300000000000000000e+01 nan nan
5.400000000000000000e+01 7.159897184638650547e-01 3.487930634158030063e+00
5.500000000000000000e+01 7.105177036186998141e-01 3.579382892236792735e+00
5.600000000000000000e+01 8.883874819907139342e-01 1.129881872915076801e+00
5.700000000000000000e+01 8.228532636698290270e-01 1.921542489510341234e+00
5.800000000000000000e+01 7.243131886987983492e-01 3.351179076531471956e+00
5.900000000000000000e+01 8.080259198141893640e-01 2.116641302350541487e+00
6.000000000000000000e+01 7.506222056042685109e-01 2.936730567717902751e+00
6.100000000000000000e+01 7.138316495524281713e-01 3.523849154046656995e+00
6.200000000000000000e+01 9.373203879639100400e-01 6.044211823628661273e-01
6.300000000000000000e+01 9.686915574272749740e-01 2.930006383465646458e-01
6.400000000000000000e+01 9.852686299092126010e-01 1.357478751553550800e-01
6.500000000000000000e+01 9.895694652771286348e-01 9.573499596455388450e-02
6.600000000000000000e+01 9.904312581669684201e-01 8.775543345403305495e-02
6.700000000000000000e+01 nan nan
6.800000000000000000e+01 9.921100136142555481e-01 7.224773339034069874e-02
6.900000000000000000e+01 9.908477172876305472e-01 8.390387092417092574e-02
7.000000000000000000e+01 9.929282725690287137e-01 6.470632070482537634e-02
7.100000000000000000e+01 9.935115996869939847e-01 5.933705983898238806e-02
7.200000000000000000e+01 nan nan
7.300000000000000000e+01 9.942849090730940809e-01 5.222796406849300466e-02
7.400000000000000000e+01 nan nan
7.500000000000000000e+01 9.888045356605438263e-01 1.028283082467807003e-01
7.600000000000000000e+01 9.869042529345648518e-01 1.204933430969962194e-01
7.700000000000000000e+01 9.869877250478836794e-01 1.197160829271884108e-01
7.800000000000000000e+01 9.816483548981727036e-01 1.696769908533432847e-01
7.900000000000000000e+01 nan nan
8.000000000000000000e+01 9.130917185789234614e-01 8.582145259945234139e-01
8.100000000000000000e+01 7.673368060480963981e-01 2.686625076259430589e+00
8.200000000000000000e+01 6.343545066726844484e-01 4.995855462129880742e+00
8.300000000000000000e+01 7.534708879203365628e-01 2.893405001509168351e+00
8.400000000000000000e+01 7.308781874862946282e-01 3.245274172353133757e+00
8.500000000000000000e+01 nan nan
8.600000000000000000e+01 8.332039302918348156e-01 1.789053279245711670e+00
8.700000000000000000e+01 8.528963261322434208e-01 1.544999268819631899e+00
8.800000000000000000e+01 8.399357773286258988e-01 1.704463907006144030e+00
8.900000000000000000e+01 8.971094975164343177e-01 1.032420354973940801e+00
9.000000000000000000e+01 9.421256564700120073e-01 5.554967721456119945e-01
9.100000000000000000e+01 9.552196329847234546e-01 4.244553550845017176e-01
9.200000000000000000e+01 9.245254723413766085e-01 7.369422948801765960e-01
9.300000000000000000e+01 9.547958363980033614e-01 4.286453906347173493e-01
9.400000000000000000e+01 9.669152888864270823e-01 3.101419193315668732e-01
9.500000000000000000e+01 9.612133591511521358e-01 3.655562187149322684e-01
9.600000000000000000e+01 nan nan
9.700000000000000000e+01 9.788771079327390767e-01 1.958036519163989797e-01
9.800000000000000000e+01 9.786955032007498279e-01 1.975204881217082487e-01
9.900000000000000000e+01 9.779804986736003736e-01 2.042855743969611004e-01
1.000000000000000000e+02 9.558797796450990703e-01 4.179352853104619792e-01
