1.623478527907517233e+01
4.896494526750741372e+00
1.666491092493446047e+01
1.492011003124958712e+01
4.200292802989809502e+02
1.280764700794017870e+02
1.258348135781888821e+01
9.298608083681081382e+00
3.352006465519054501e+01
8.658113619942467420e-02
7.008146275599963504e-02
4.280365244234034527e-01
3.032858381958062921e+01
1.198549729019887877e+00
2.039584688888967179e+01
1.411710663862112902e+01
1.224979688841355063e+01
1.997755839020064528e+01
2.215136391439080654e+01
4.748947479968526864e+01
1.726424588037625885e+00
1.476350847739882610e+01
8.657779091813029737e+00
6.291248825309166648e+01
5.625058241989799512e+01
7.543144556181961491e+01
2.314669069043220873e+01
2.615060869381086306e+01
2.550026035661867141e+01
1.585626406063224181e+01
1.444550239540416392e+01
4.383762659224874625e+01
9.175877148009050188e+00
5.445816510951121181e+00
1.213595890903733832e+01
2.154052986786312829e+01
1.769643053387062892e+01
2.225345267163486085e+01
1.014037209657819290e+02
2.491866546684321193e+01
9.462308659732634908e+00
1.913302972524980206e+01
1.116187203434751929e+01
1.376639219791461954e+01
1.947169249079187736e+01
1.071069979851616161e+01
1.518483272420409946e+01
2.461648810073521076e+01
2.394025707220118449e+01
6.329137084386080679e-09
2.956422347333834821e+01
1.378227318262997692e+01
1.252515252108434041e+01
1.461315475748209991e+01
2.237865154696538639e+01
2.157196374847644904e+01
3.159310159031070953e+01
1.818217211429619695e+01
0.000000000000000000e+00
2.583766510090004557e-08
1.572142939818396634e+01
1.240103335406223906e+01
2.471817966579444459e+01
3.392443658479265167e+01
3.063505565773518668e+01
4.327469784424852151e+01
1.841946428036688843e+01
4.050384277706568525e+01
3.140568338553730854e+01
2.434118888484688981e+01
8.815642039917442219e+01
3.713342416182882033e+01
3.118160385257469613e+01
4.156753553767878628e+01
3.656154121240729182e+01
1.289807830678497069e+01
9.103040445565207861e+00
2.614287774787564089e+01
1.856335772477019646e+02
4.036206627813583623e+02
4.338840000114149831e+01
4.771904444263223013e+02
2.065258263564966867e+01
4.510614080357678546e+01
3.603851227264485146e+01
1.952792916789971045e+01
1.574906488994353637e+01
1.912019065676690488e+01
4.071367436414032426e+01
2.765547525487771097e+01
1.052763054119324266e+02
1.837387144985760585e+02
1.481775243270343445e+01
3.039364587201588108e+01
2.341960372461208095e+01
5.205535796792546677e+01
1.270098078690660159e+01
5.220557139764959231e+01
2.436706844436558939e+01
3.883697687134169740e+01
4.409974313555092351e+01
9.597089378924913206e+00
2.538826123406235524e+01
7.769819970856811642e-01
6.524576389852551017e+01
4.382960629889211528e-08
1.517683536940592681e+01
2.983794787123265024e+01
4.572847314213460559e-102
1.005934722756873327e+02
1.776283901994385985e+02
6.549367645214320532e+01
5.956784406319165015e+01
8.990628274843487588e+01
5.345597859083785153e+01
4.686731227170724168e+01
3.047799720438915116e+01
3.452606329310011546e+01
2.240608151771373713e+01
9.032265542105450606e+01
5.840594439902756818e+01
3.380789960542092132e+01
5.647728514425462265e+01
5.255453498548963864e+01
1.024752312885339194e+02
6.358260776210084231e+01
2.322318948054920895e+01
4.558602040566602231e-01
2.023967542000228548e+02
3.332530217076291734e+01
2.054903450224630319e+02
3.586587893032369152e+02
4.322351478991217277e+02
3.036717228601195185e-249
2.856488933729982449e+01
2.201492892654423272e+01
6.662138460407302887e+01
2.269115808435452664e+01
2.086448222449606504e+01
1.298229866316314585e+01
4.041048547643449496e+01
2.210973911367565847e+01
1.794557635162739118e+01
7.495717633448875006e+01
1.204756929576111588e+02
1.279314709971852722e+02
4.860750196309965787e+01
4.221658606909348066e+01
1.086559365810721118e+02
3.129042314165171490e+01
1.565162094092953460e+01
4.299172713316496441e+01
9.778361349265644265e+01
7.542961761950956543e+02
6.447734619907294018e+01
2.348464317665257113e+02
1.571219114218743584e+01
4.506534220502832966e+01
5.867236983158412045e+01
2.137290442305272817e-130
6.533576021797911907e-24
2.186508245219535951e+01
1.433047489618538073e+01
3.320673066508648930e+01
2.951829606761794267e+01
4.569651640362469180e+01
5.070127746983030903e+01
5.540305155175832397e+01
7.267289809382997845e+00
3.243786249995494586e+01
1.687284563051746744e+01
2.268256619616810355e+01
2.610894927599455428e+01
1.948482528104474909e+01
1.883494203241752984e+01
3.048319496698755415e+01
5.361946875949728764e+01
2.006805093269322526e+01
5.809429595056927553e+01
6.256072821107410675e+01
3.912288309216413751e+01
1.798493368160870887e+01
3.259677286452131995e+01
2.467531674962901533e+01
2.357491002178470296e+01
1.306735449686695176e+02
1.270944394176068926e+01
2.404993109766417092e+01
3.100592116294997069e+01
2.816830057166903600e+01
6.130570394845397431e+01
2.299608846089755332e+01
2.264413278502594196e+01
2.484761827615275109e+01
1.797025847792331277e+01
8.270359401414493661e+00
3.542591121404105081e+01
2.652341678003895353e+01
3.503057089014681935e+01
2.825457949167495997e+01
2.207206921877862271e+01
3.070894241621348542e+01
3.077001320534728279e+01
2.157332778523027272e+01
1.439134086629833753e+01
2.979393726229508133e+01
1.857005107231969276e+01
1.005260064316080673e+02
7.706616350572954843e+01
6.857354705962278274e+01
1.114020843206596965e+02
3.676989519944613249e+01
4.492545277311791097e+01
2.272524148513268472e+01
3.402687789380725292e+01
3.539523788637206536e+01
2.641532219204992415e+01
1.154934725712432986e+01
3.182777815923596165e+01
2.878892962002484168e+01
4.162075842487656985e+01
3.474040811842118615e+01
3.660536717770744986e+01
3.356469586870348820e+01
2.900891562117440614e+01
2.283529065008534076e+01
4.068092704393354353e+01
2.396443350908383962e+01
4.590620796783584012e+01
1.785812108587183644e+01
9.348520728992740203e+01
1.968198519776005284e+01
9.399142981930143037e+01
8.006554599879899570e+01
3.047601170923776408e+03
1.444494486559680091e+01
3.320072030448574196e+01
2.305297735015613014e+01
4.501666409496134520e+02
5.078053067470645487e+02
3.666949309543329605e+01
1.573272985367493959e+01
5.706331947774403801e+01
1.841740533002160873e+01
2.868565062659718379e+01
2.397310306912626388e+01
1.242440244045767450e+01
1.186657322214239407e+01
1.546065517795403821e+01
2.274473300880539028e+01
1.445732616693381489e-01
1.814844086337926266e+00
1.275803948847280722e+01
2.918676109131364527e+01
1.573212221712152292e+01
1.716470149206596574e+01
1.984681310242217478e+01
2.326814642330555927e+01
1.364871643462548256e+01
1.694008658118221433e+01
1.017047255461373823e+01
1.544741209432904760e+01
8.028149257144252715e+01
1.049499670454583544e+01
1.668161464022695739e+01
1.475960675578871317e+01
1.154805968179730371e+02
1.879249520888853198e+01
2.175865951796064479e+01
1.138296581173481314e+01
4.658701513928701843e+01
9.189231679035961164e+00
8.264837127373803938e+00
2.248868453908245968e+01
1.818520130147430436e+01
3.522020497756820134e+01
4.896187926863392903e+01
2.325938843663299949e+01
4.449565957306405295e+01
3.310599168518599100e+01
1.327529232982261398e+01
1.627165063017198676e+01
1.423173278735072067e+01
1.137187690688899444e+01
3.784792076268156080e+01
2.319492723622617092e+01
2.002634491849866549e+01
7.893827670801427665e+00
7.623423824880115163e+00
2.141846156690358427e+01
1.176328535775669692e+01
1.365350258043788578e+01
1.409901107585720581e+02
8.844405937454403732e-01
4.352989134292169382e+00
5.511134795151597210e+00
1.063895833843150340e+00
7.297522924430754010e+00
3.679785300700741946e+00
3.160941218357298660e-02
4.161451959380910171e-02
2.317317618250046252e+01
2.261107221582997262e+00
1.025608844710813550e+01
4.101272714990647827e+00
6.957793065443791392e-01
5.516466841961340517e-01
1.192289509184973326e+02
4.365323433559062494e+00
9.654014388936174584e-02
4.852457207792795074e-02
1.785260929593876256e+02
8.849919664105387440e+00
3.126363323460781629e+01
1.727208760209430483e-01
1.144494949005333410e+03
5.196857521008018921e+01
2.924337798781821363e+01
5.860491621438198351e+00
6.097016304939799625e+01
1.235324248601287778e+01
2.546462042627273270e+00
2.498087780684649601e+02
3.544081224500061467e+01
7.987653118668617935e+01
2.793045546679546742e-01
3.586443791962420136e+01
3.815914511159272706e+02
1.096124797685072423e+02
2.431331646428787352e-01
7.797518913945289398e+00
2.200905857934285237e+01
4.056239844707116432e-03
1.424798201689038810e-05
0.000000000000000000e+00
6.427820054848037046e+01
7.386575631778792506e+00
6.810120773702995400e+00
1.718000841254135480e+01
9.179630103285932208e+00
3.933925753493443267e+01
1.479811376216349750e+01
1.155061306501845309e+01
1.371400116876024988e+01
2.513687231955951873e+01
1.728894419232631208e+01
1.770950798896418377e+01
9.744761870435469930e+00
3.221612993112486123e+01
1.844532752716213153e+01
1.016374496855446630e+01
1.343007896680848035e+01
1.111567888913167401e+01
9.948159549754345576e+00
1.599694665788087988e+01
1.023469306188741612e+01
2.080682014654120238e+01
1.645986132917827049e+01
1.445801239876148792e+01
1.415039490066364003e+01
1.049354216812760932e+01
1.002494494816520465e+01
8.632178805077209915e+00
1.436097434755461144e+01
1.890097172653852908e+01
0.000000000000000000e+00
9.732168866185580293e-38
7.918246594599658017e-02
2.337614226643035941e-167
1.676145745796870585e+02
4.623231015529501775e+01
7.761774336813277841e+01
1.043403916941874243e+01
1.162463948450804452e+01
9.241483716753759126e+00
9.894312299723798887e+00
1.043442545873898197e+01
1.701957793610183600e+01
1.573046969084249724e+02
2.109754441085127041e+01
3.787414540881909630e+01
2.716800744840200537e+02
1.535993211429636176e+02
8.347354836276222656e+00
1.601512248732570498e+01
1.507131683179514425e+01
8.423222357845084218e+00
1.473173409088036401e+01
9.415757049041452831e+00
7.745593223594754306e+01
2.188283792820142537e+01
3.049212541474072324e+01
7.932598248940410102e+00
9.800845082405121644e+00
1.141851143794050394e+01
3.021441947807610973e+01
1.679567072386686277e+01
1.616828464970557633e+01
2.931759574128645340e+01
4.057926968376049359e+01
3.471863383012085080e+01
2.041634630420544738e+01
4.476234066409784162e+01
4.208069990135141580e+01
2.115389465128565405e+01
1.103236130737240828e+01
8.137974400320532098e+00
1.121649904236450190e+01
3.677274446607849256e+01
1.143587553978303895e+01
1.995533904381375478e+01
1.042040935200675911e+01
1.919354914615061958e+01
8.549798228847450332e+00
1.144645744763128015e+01
8.733294825738230571e+00
1.108340295940005582e+01
2.564206960738426488e+01
1.091822868768436905e+01
1.991669889167586760e+01
5.762552101198298082e+00
1.866520050646828111e+01
1.382437042475581102e+01
2.764372066328984090e+01
1.946797888095487394e+01
2.565630231477105028e+01
1.615129694239269753e+01
1.031104228395252953e+01
9.069296034968633791e+00
1.260483185381850113e+01
1.046063774256640322e+01
1.850074796064633986e+01
1.557888889276287436e+01
1.173627658796708140e+01
1.484754395774124625e+01
8.661289526290900653e+00
2.040130658806959119e+01
2.057120427368802140e+01
1.095866743363057871e+01
1.450098615846781591e+01
3.314932371269865286e+01
3.165725339582331799e+01
3.605440625513399056e+01
4.205310396166674280e+01
2.049894235574402046e+01
2.169097732405092671e+01
2.335529615648502499e+01
1.120802111943874912e+01
4.864527521946651945e+00
7.729401561690176337e+00
8.203785302528153522e+00
7.877119789636728875e+00
7.622816424509143651e+00
6.173977495122266568e+00
8.855629488362978918e+00
8.748472830685901869e+00
8.245127604290876988e+00
7.537484159657990901e+00
1.315046563354142428e+01
1.047365547901697624e+01
9.751428708816760604e+00
8.679926336516873064e+00
7.683342013332127074e+00
1.248337659107888875e+01
9.866638007823580026e+00
7.202241219663195970e+00
1.025131531767764947e+01
4.060240741014046861e+00
1.229421038741049799e+00
9.349136738745745134e+00
5.420997615175484619e+00
9.406490829618672223e+00
2.885028223410265014e+01
3.187348594301130333e+01
2.084513470016193182e+01
2.303228074087270372e+01
2.086527630787334786e+01
2.005217118953761002e+01
2.200552312597069360e+01
2.293864245079107178e+01
5.681908619185658438e+01
5.200426101245656696e+01
1.147301585102579935e+01
2.483909998105950478e+01
4.200272872715248695e+01
2.989420014783874180e+01
1.855593747485923117e+01
2.289813525481702428e+01
2.330049698397617419e+01
2.415426598024864902e+01
1.349152917384637185e+01
1.725031374733710265e+01
1.783435058201035872e+01
2.105737986450238708e+01
1.567018241670567669e+01
2.398392941520395993e+01
3.409960822976223227e+01
4.883644740387551764e+01
2.001002507402377972e+01
5.324577307598518845e-33
1.032289932820190046e+02
2.594113214467054362e+01
2.935908759618980568e+01
3.924115906618455085e+01
3.608099619135137459e+01
3.687917370965366359e+01
2.870882388665277318e+01
4.088852961745963910e+01
2.204486567483574788e+01
3.900466958210909496e+01
5.744939208853906365e+01
1.802058192225521793e+01
2.777629325507611568e+01
1.125190280956359246e+01
1.269654826866456077e+01
1.148398474426433324e+01
7.820444984841057590e+01
3.183270067382875368e+01
2.959693351314293608e+01
6.889920879775503693e+01
1.421073394556610303e+01
5.204319667887487455e+00
4.806628351558165235e+01
7.951163423559621890e+01
5.528484912460024248e+01
5.295278948653838569e+01
1.086146219108196362e+02
4.310782154973520619e+01
3.085618615587318914e+01
4.386442423236745469e+01
2.080011283092153462e+01
1.424482160160972555e+01
7.753659109485040801e+01
1.240319841524146938e+01
1.062534361441986519e+01
2.108062082105543666e+01
1.552422647516558385e+01
1.135660264604427461e+01
1.698550494299306024e+01
8.641047295198410083e+00
9.393170312595186644e+00
1.516693898441288191e+01
1.003968862245966243e+01
1.289998260811283615e+01
5.927288343646162971e+00
7.007093469071998371e+00
8.418468484739404900e+00
1.127388925761399463e+01
8.546731670717859330e+00
4.027413113636119313e+00
1.204536418459755787e+01
3.582915748289510205e+00
1.839362704456993924e+01
6.042826530557168674e+00
1.038710967029275878e+01
1.826092544171473930e+00
3.067320854237045147e+00
2.082895644875303276e+01
7.321554327947670693e+00
1.267968056357911344e+01
6.957568244555889514e+00
7.559832104047302437e+00
1.294363313663715331e+01
1.298816836394128416e+01
1.448097116569439846e+00
1.986070800431320649e+01
1.258364064816471739e+01
1.267724799554807724e+01
1.212784488451706189e+01
1.314444195192141507e+01
1.234323233714255252e+01
8.568191372477770074e+00
9.684674770827108148e+00
1.209992997881712284e+01
1.843129867499955310e+01
1.344698433425802797e+01
1.022118098801040453e+01
8.709853484970560444e+00
8.452674508427326927e+00
1.073055508734375394e+02
1.712857870647365033e+01
8.173286938852788452e+00
1.346673307205899661e+01
1.415828332552263902e+01
1.298515741766509812e+01
1.449712746196972901e+01
1.388098932157729948e+01
6.455061151757147897e+00
9.208350022689701930e+00
1.326793779397286599e+01
1.261021301744198908e+01
9.110853256260282862e+00
7.052389596325604693e+00
1.037374814401223411e+01
9.099004179046909613e+00
9.989113397130299887e+00
9.878781908302268988e+00
5.229921022996177271e+01
9.535494106727970376e+00
1.200868418237596025e+01
7.243851492545356763e+00
1.003054140780354686e+01
1.020273650165017365e+01
7.815434797248019372e+00
9.935141251621727676e+00
7.014432554378532636e+00
9.771988938195196539e+00
1.901938405115408059e+01
4.343803639908220049e+01
2.392802125321402684e+01
2.521266141758992774e+01
2.445729249299524355e+01
3.248830311334548071e+01
9.775433336121217565e+00
1.310108658263289705e+01
1.076203030258664306e+01
3.284907460503986965e+00
1.145786803862696246e+01
1.134007497860505964e+01
7.885205922217434882e+00
1.153090145185763760e+01
1.595625928933653093e+01
1.472052141246933488e+01
1.356175991677518056e+01
2.158116620057675661e+01
1.271792245965284351e+01
9.800325156437153851e+00
1.159508047495798522e+01
1.180667958573281240e+01
1.213920011694680845e+01
5.471154763255879239e+00
8.576493637149983584e+00
1.157624162790739852e+01
3.959569199777821957e+00
4.993648345853255677e+00
1.188417747841019967e+01
1.476630331704861909e+01
8.890415755692854916e+00
9.727566162262878180e+00
1.623988346519955428e+01
8.480982609560646424e+00
8.884888120009856394e+00
8.410456731899298433e+00
1.185359352791374121e+01
9.961105101921596372e+00
1.304049953427201380e+01
1.172391682457770656e+01
9.745348002424933043e+00
9.533657188008692884e+00
1.052224577450967224e+01
1.767180920219509233e+01
7.108379810495264906e+00
9.618129303436917965e+00
1.058158113136584788e+01
1.005798734236470260e+01
9.858681986769624928e+00
1.367365071211637151e+01
9.457288120986671487e+00
4.900818644309903505e+01
1.152804127761013753e+01
9.333118431925262470e+00
8.406206161773447150e+00
9.458856618921902992e+00
1.206474098497326963e+01
1.152414000490525936e+01
2.742973019431201642e+00
8.981062930025439428e+00
1.126075199016942108e+01
1.047432648996194615e+01
1.134135252274687566e+01
1.216007403578726809e+01
1.051998895493913011e+01
9.394180715903514667e+00
8.993119408404012916e+00
7.576100062278911196e+00
8.752509633123890964e+00
1.086325066160587305e+01
1.916172011513620177e+01
2.101883337167356913e+01
1.893434839675222747e+01
9.688537576835953402e+00
1.112378022680274370e+01
3.717997770430580218e+00
9.264174099345108715e+00
5.302291237521966849e+00
7.642423011358531859e+00
8.031422307031961694e+00
3.090134495788846802e+00
1.536498898030480476e+01
1.118481389695261896e+01
1.258417708555486492e+01
8.858648697747526057e+00
7.419379673362946015e+00
6.157421014637136203e+00
1.756498790414956801e+01
1.069883745920336970e+01
8.027934648545041796e+00
1.119592570354263295e+01
1.227965500795380223e+02
0.000000000000000000e+00
2.074819479392873208e-57
6.702403779176362415e-42
9.212059374717381388e+01
7.553512663087617263e+00
2.818393391776159258e-08
1.159590435215893507e+02
0.000000000000000000e+00
0.000000000000000000e+00
0.000000000000000000e+00
0.000000000000000000e+00
0.000000000000000000e+00
0.000000000000000000e+00
0.000000000000000000e+00
5.855868216025394979e+00
7.381147944781978225e-12
4.412580248469511446e+01
5.418476299954814834e+01
0.000000000000000000e+00
2.619073510548382444e+00
3.676583293542309949e+00
1.634543673674695991e-05
9.159657840367722847e-02
1.453106396067086839e-20
6.142145984053372842e+01
6.320880245761045302e+01
3.195888809434455879e+02
0.000000000000000000e+00
0.000000000000000000e+00
3.768285127430558852e-158
8.504240158535931657e-05
1.019976739466679128e+01
0.000000000000000000e+00
8.672101294286798989e+00
1.682208948050629427e-01
1.949001266395902974e+02
6.369621920246386701e-27
0.000000000000000000e+00
7.971565891607133381e+01
0.000000000000000000e+00
0.000000000000000000e+00
1.866181995652071071e-05
0.000000000000000000e+00
5.897303504606960042e-18
8.131204957498225916e-01
2.384147899032303987e-03
2.493502330407445911e+01
3.520575624646932056e+02
4.724810023696376788e+02
7.604340851880278356e-03
1.078424478870868626e+02
6.054289555956620461e+01
2.204842810164488132e+00
3.427609525528417294e+02
3.299350271166373659e+03
2.128181775714429591e+01
6.483495079586096210e+01
4.589461225493009522e+01
3.948949661056939817e+02
1.964304857569448131e+03
1.112000853118670705e+02
9.312728191319284576e+01
4.221042502167051289e-21
1.661403940914674066e-21
9.837261419425411425e-04
5.207285704860217024e+00
3.696963263196113303e+01
1.336546379258982351e-09
9.315507487171016538e-07
8.214956523733355767e-05
2.832707862141001298e-14
9.659023963147647662e-03
1.379767952592921162e-04
2.716569285177572965e+03
4.733144892730154424e+03
5.965032991242214422e+01
7.142076610791700150e-22
2.634911257274191065e+00
2.277153347305284470e+01
5.129458947088292916e+03
6.927221995040950375e+00
6.329861886810371630e+01
1.528056983951271832e+03
1.786886157805629409e+02
1.108136923562833260e+02
0.000000000000000000e+00
9.823723849228196059e+01
4.466193455755179965e-09
7.095344670825249743e-05
0.000000000000000000e+00
0.000000000000000000e+00
2.872992142151002040e-80
6.927750278791085520e-253
9.094987321075362189e-76
6.708787191383294529e-17
3.565015098655630482e+03
1.503568618650378245e-140
1.968221442004484939e-52
4.678243747239273394e-03
8.282560614041329927e+01
0.000000000000000000e+00
2.317153210145863174e+00
6.076988486215376462e+00
2.542571385771409294e-06
3.384365840419219396e+00
4.948871948107837149e+00
8.374129526089399533e+00
5.926083779170281218e+01
3.712757032358572360e+02
8.343021510967666015e-34
0.000000000000000000e+00
0.000000000000000000e+00
3.508161849846275587e-169
2.834318923333465781e-151
2.789411949770294541e+02
5.123806414149807210e-90
4.618497330123268185e-03
6.394033693313146927e+01
3.905413249197945902e+01
6.843694382185979919e+01
1.687361233946110373e+00
2.314444448305167024e-06
0.000000000000000000e+00
1.775825659145739905e+02
7.909127516612575448e+01
1.049695578509699999e+03
7.846928492932493671e-02
2.844152152836144642e-01
1.134155609777112161e+00
3.118045131125904423e-01
1.270013064118285517e-01
2.048236812100042714e-01
1.443516806349274539e-01
6.447920774232970942e+00
7.506993501176128375e-03
9.724694715258101751e-03
2.936626775077024742e+00
2.063113327123350160e+00
1.500874303597004467e+00
1.322890969980727860e+00
6.064949321773638324e+00
2.260521235526864903e+00
1.636744029361328456e+00
4.548359137171441025e-01
8.324118605966702722e-01
4.893019326148608794e-01
2.040621246450760040e-01
1.333610826586753839e-01
5.769269209345720961e-01
2.904478951970441258e+00
4.154506898353906408e+00
1.867952684465387536e+00
2.510266710839310633e+00
2.648080137694309999e-02
3.159742313461188501e-01
3.100570669550872238e-01
1.052465984110887876e+00
1.719199481886212744e-01
3.334916434162960019e-01
1.448507653574599707e-01
1.365254278462638693e+00
6.458871614663099781e-01
2.758772880306684439e+00
5.763928770215843400e+01
1.954951225258096115e-02
5.191385574274761439e+00
3.360011866849316409e+00
0.000000000000000000e+00
1.506918438032294749e-01
7.462734442582105165e-01
1.054693593834658216e+01
1.074376155590585302e+00
1.174538708942423515e+00
6.271833913936220029e-01
9.194735686699421207e-01
1.473264955983127233e+00
9.101506843866266294e+00
2.048637743467315087e+00
2.892296276549732870e-02
3.283525694686768137e+00
3.410027037776481307e-01
6.209814543568950462e+00
3.985517375588622624e+00
7.986322245638342920e+00
1.182053789237529351e-01
3.863223811686241405e+00
5.417452425392515813e+00
7.707663794673921265e-01
3.047906073928837500e+00
9.810362476044817015e+01
2.352715055836919422e+00
1.586777724491237684e+01
8.200332264742465904e-01
7.960919290616674804e-01
1.168608644540803709e+00
4.909585043851069086e-01
7.030026036852058269e+01
4.064098521189080104e-01
8.246074723902182768e+00
1.203243461684892956e+01
5.680787375353059332e+00
9.453651941798692349e+01
6.060524460340392494e+00
5.135324966679902445e+02
3.460280727891760932e+01
2.168539690287497823e+00
2.530109805251449462e+00
2.789137278951368426e+00
3.302459747043302229e+01
4.548513297163246705e+01
2.956980712459544591e+01
6.952161397320232306e-01
1.455810193590127994e+02
3.304195793412191495e+00
1.817621758892622097e+01
1.128273256249515466e+00
2.258507809052305026e-01
3.281555297354829204e+00
9.095649417369990053e-02
2.840250997982527537e+01
6.517730978300871614e-02
8.954195542043120737e-01
1.627945517483699645e+00
8.281140062149101588e-01
0.000000000000000000e+00
9.881654187981446569e+00
5.092988401862386105e+00
1.057427608023357379e+01
2.072199525952850951e+00
3.769385727725255153e-01
1.840028792300963278e+00
4.285649435042541811e+00
2.879747853549091685e-01
0.000000000000000000e+00
6.468356767284515996e-06
5.840803201328429589e-02
2.368138566063573702e-01
4.350488398210440089e+00
2.372768235644759915e+00
1.413562635591108174e+00
1.116346009981098071e-02
4.179639325286377445e-03
3.706338149521664072e+00
2.480683368517046627e+00
5.608156626953590518e+00
8.876132425759503120e-01
1.795539288124864963e-01
2.999756019785143613e-01
6.410773920812692594e+00
6.723123981958076811e-01
4.404512736321269384e-01
2.254826579403427511e-01
2.637986111460717265e-01
6.242647893513171287e-01
5.910705167222590761e-01
2.836983038881619179e-01
1.030225413067135803e-01
1.691849846540757873e+00
1.566154247997670446e+00
1.147146045098754348e-02
1.853875278214027755e+00
2.320431999398518338e-02
1.729648577320023639e+00
7.885781031601293289e-01
4.803104554950953786e-01
1.558551372600549323e+00
5.267638679855398687e-01
2.035487622557762499e+00
4.933584595232486381e-01
6.324869432706025085e-01
3.286256381258225279e+00
2.040497772847772673e+00
6.299316327589498110e-01
7.272973494179504783e+00
1.107220195594823053e+01
1.837724089604435784e+00
1.755145230989047622e+00
2.214876678608668770e-01
1.292705363159315501e+00
5.238644673624243131e-02
5.005192489264668865e+00
4.269885023479583097e+00
4.992887064365702621e+00
1.255904632154819511e+00
7.690147894066187151e-01
3.938291704799671500e+00
1.913493023625483014e+00
1.753578952105675715e+00
4.543819806858903299e+00
2.423550386059561745e+00
5.155271231570895257e-02
8.118769663735743158e-01
1.063473603617575058e+01
2.563610890448170809e-01
2.199785801975057797e+00
5.484490907697380457e+00
1.460082345116154201e+00
9.650525592166561140e-01
1.018444768136347545e+00
1.836788401630983003e+00
1.333842845157913848e+00
1.065932734163517637e+00
2.014018913519636911e+00
2.115237963496317875e+00
1.799919069604745125e-01
8.965199211620558106e-01
2.285949665593987934e+00
7.140868457086236853e-01
9.747703570614855151e-01
1.564844599230298394e+00
9.153654724583650815e-01
1.588044701441533979e+00
7.190814911896820094e-01
1.924493704959714113e-01
1.694510669940225478e+00
1.324948519684296722e+00
7.911958617348928691e+00
2.380642159892683463e+00
3.335978480657489365e-02
3.912890726446063144e-02
1.735181073227977724e-02
2.468299889912493883e-01
1.011190168557840385e+00
1.405496048141679166e+00
8.150450342194702769e-01
2.894513266896477921e-01
1.742891297671449236e+00
5.588045745593495539e+00
4.154430756491242605e+00
2.620055840767121946e+00
2.600738972008218575e-01
1.853125721829779471e-01
3.398508066243336234e+00
1.780154912055169625e+00
4.348448165805880450e+00
1.369330712479222223e+00
1.559881679552735934e-01
5.490194268559265289e+00
7.930879879342138672e-01
1.982890596626160962e+00
4.044013491965735563e-01
4.635389774574021349e-01
3.572661754654713029e+00
1.532438068877404413e+00
1.254290957285175923e+00
1.551823418009412037e-01
2.537627581496129658e-01
7.006679018105375079e-01
1.125070470915301213e+00
1.565115374706707918e+00
1.706954628858478706e+00
2.475485122424292861e+00
8.518907235686946633e-01
8.152926769658064288e-01
7.059352033989505504e-01
4.224767574001781156e+00
1.527489736452293689e+00
4.643096393957508172e-01
1.082095911753581108e+00
2.311074182802084209e+00
1.301656113609257703e+00
3.540527424107281496e-01
4.268296414291170709e-02
6.213669733077246127e-01
3.848065554826084478e-01
1.636632378400888932e+00
2.714318064285133669e+00
4.364059290268298974e-01
2.999351131618593347e-01
7.655912287123549653e-01
5.927831248747728043e-01
1.810933369850060481e+00
4.421875645899008944e+00
6.206422391137147443e+00
1.774536698763156339e+00
3.111061448532728591e+00
3.063316936324397832e-01
1.381500648005417720e+00
4.029868952321703501e-01
1.411994941407356041e+00
3.052919634380939939e+00
1.810893215050046301e+00
7.936275168090231036e-01
1.566396430984641486e-01
3.004408441057953780e-02
2.389485620180157532e+00
1.456031024560513920e+00
4.454874881595231706e+00
5.409352792116423059e-01
5.663952534733949662e+00
1.368733894821846064e+01
3.635630195671141207e-01
7.720831792858470211e-01
3.805404104575821567e+00
6.279698190719325002e-01
7.050781098091959964e-02
1.313687899024768013e+00
2.810439929907458390e-01
1.354642970052996098e+01
7.229852729286089463e+00
3.886890919785418230e+00
1.125956991298054888e+01
2.100511837066830978e+00
8.808170117406126376e-02
1.310713858231054241e+00
2.823514633638962712e-01
4.976854549836224884e+00
1.470144688541458189e+00
5.157241491493205210e+00
1.533575271599474654e-01
3.462607092025422162e+00
4.030149630546800310e+00
9.918918242401434382e-01
5.208089398808807280e-01
1.089303086162574763e+00
1.550212889360737023e+01
9.258595055736561497e-01
6.834927388923968117e+00
6.007209563383218764e+00
1.052109009542796159e+01
1.328858305161997322e+00
8.040776477644175912e-01
2.879492071800918040e+00
1.949099998577037141e-01
1.023032446942775842e+00
2.929131240120473212e+00
4.118455937454806204e+00
2.990882620923408730e+00
4.094817571080504592e+00
3.535803708317429184e+00
1.609200610509009310e+00
2.655171919588196205e-01
2.034413809651748561e+00
4.894637205790880463e-01
5.679174006676434017e-01
6.320354039397892976e+00
2.142375369039963839e+00
1.448973241453480165e+00
5.652527095533586010e-01
3.582389561895720220e+00
1.027786505113681859e+00
6.177453619839116117e-01
5.465605071035321005e-01
6.208880524125646172e-01
5.340278222472112368e+00
3.624192509520108185e+00
5.399989743315927182e-01
4.392035787256532764e+00
2.122913621827249298e+00
1.151416411364864611e+00
2.159545627316739047e+00
4.838610078587272101e-01
1.143999156199317913e+00
2.846109858628290024e+00
2.750016604484237792e+00
1.281411639146867731e-01
3.855219693447188956e+00
1.190017435529454382e+00
2.157362512159032519e+00
2.263925559570570289e+00
3.958373956232591695e+00
2.752314065006455479e+00
4.020324229354570456e+00
8.336963799260923569e-01
8.060619277382166104e-01
4.329385248567506617e-01
8.811130620992448925e-01
3.417502133139382892e+00
4.960472552735152973e+00
2.092224416265782982e-01
5.673431361724795785e+00
1.064748056867994251e-02
1.752222849917831338e-01
1.003462429163909597e+00
6.142669582551584240e-01
8.339009199975550013e-02
7.394378041094733511e-01
2.318542621833768802e+00
2.029943327669672115e+00
1.011959775168039533e-01
3.186214444104262800e-02
1.307267039552946208e-01
1.455558049308520452e-01
9.679886488623319352e-01
1.286848017555125567e+00
2.922321627944375333e+00
1.925095571796610339e-02
5.873712615809194570e-01
1.896991986233508953e+00
3.032486838233699800e+00
1.560086167500171372e+00
8.558027389526630113e-01
2.206468358652390549e+00
2.036245141224297228e+00
8.465529130465013763e-01
1.273346245144218458e-01
1.508324141620112302e+00
8.131085000618392122e-01
7.823459256926370564e+00
6.409251114955432094e-01
2.916924217071640957e+00
6.691442770638984072e+00
2.763677449353410864e+00
8.115597332152687526e-01
5.198376986964186486e+00
1.185713552336360999e-01
5.624039988769804488e+00
2.704009837569175456e+00
2.586959368730371578e-01
4.790833976925749305e+00
1.787704192700415806e+00
3.614958683622199853e+00
3.328375013380217240e+00
1.605887981152871236e+00
1.031102504452396262e+00
1.513170138824480260e+00
3.497697912844242030e-01
9.594064313610353167e-01
2.357977485526360883e+00
2.399643910063605556e+00
1.956585886004571950e+00
1.063266899613261529e+01
3.486672890866499674e+00
6.564638621478115610e+00
5.426494605302388530e-02
3.481990229990315378e+00
1.446921521745039740e+00
4.291562808754930541e-02
1.284676232931462880e-01
1.256787297831110095e+00
3.263750525666520019e+00
6.823623646608519167e+00
9.440893745025688718e-12
2.233621007923194846e+00
4.094560235909523449e+00
6.607719913441912896e-01
1.684405893767580431e-01
2.801099686143654921e+01
2.900294195341028836e+00
2.571497477081589045e-01
2.402529892242594833e+00
1.621701292096036306e+00
4.839934422489386989e-01
1.547139165433546015e+00
1.640214411456885069e-01
3.006413285991636712e+02
1.863001211096952403e+01
6.590020277644181412e+00
1.130569839034644808e+00
4.602922381351285175e+00
6.573440595336522918e+00
5.232051601633166626e+00
2.717298675712023770e-01
1.213257949681991188e-01
5.760006774756902104e+01
2.520294516678235563e+00
3.762172393966558559e-01
7.332380228007421286e-01
7.702056203852483129e-01
2.606212795532415250e+00
4.164895681066488997e+00
1.194495500682059230e+00
5.902668097005285830e+00
3.166735332044696261e+00
4.741551554129772583e+00
6.770756917033646793e-01
1.090870096941515488e+00
1.076041306000615094e+00
6.390519391039459762e+00
6.685695108750095983e+00
1.766668117021634510e+00
1.010017038991128761e-02
2.655077350801171132e+00
9.977262204780236177e-01
2.862382166361397973e-01
9.921981646503402752e-01
2.089386798877239469e-03
4.710931447800253302e+00
1.069225473167512419e+01
8.896146696849317470e-01
6.290508946785236866e+00
9.416141274351078616e-01
1.674921403749060067e+00
7.343337164156332753e-02
1.187574138707833127e-01
3.420699593152937146e-01
4.812033698747221755e-01
1.617265317882775610e+00
1.485760162100813631e+00
1.135406900133917096e+00
9.057135176326379877e+00
4.138064007411840772e-01
3.194118124404472958e+00
2.345827350420753021e-01
1.347765944827550300e+00
1.732009062876634919e+00
9.004299884436384183e-01
2.386822647362913052e+00
2.463202395231177400e-01
2.287931410746437688e+00
1.650093939338239668e+00
1.564140180985423179e+00
3.329219108159108487e+00
2.746942945615892917e+00
1.753315654944520574e+00
1.767825188582261342e+00
1.284541004281691157e+00
3.371147216294203997e+00
2.516820034122005278e+00
6.629543215231024911e-02
9.157144953898160855e-01
2.281605233135224342e+00
3.604732113809358207e+00
1.653561605089586495e+00
3.579712844908928826e-01
1.222560281109474456e+00
2.038981976601377255e-01
9.642088570593931873e-01
1.452324275324745173e+00
1.036061803927127656e+00
3.945423675367956129e+00
7.453416149401609347e-01
2.977524296321500952e+00
1.654071075237812660e-01
2.481789768967045617e+00
1.760651936654441085e+00
7.760671984341724079e-11
4.188794237026806644e-01
6.618370246148170578e-03
3.117332409592546760e+00
9.575008169942850630e-11
7.674619797447173042e-01
2.086132368662747261e-01
3.704657414935509152e+00
1.964796194383951811e+00
2.426606101409455041e-01
1.242126995129950728e+01
6.168085987178931807e-34
1.923411170579798868e-05
1.320237237285196521e-04
0.000000000000000000e+00
5.691747125743326308e+01
9.807426750073942685e+02
1.343439269480694107e-71
1.836492167328923841e+01
8.941359448705871182e-02
2.633547797372455965e-203
9.546121644990188670e-01
2.331291136430694078e+00
5.265586966001675751e-02
5.119903699307448708e-01
1.034827516355274341e-01
1.594068247672543626e+00
3.374599347413024031e+00
1.281121787201507267e+01
7.782583305160761800e-01
7.553612013288723004e-01
1.848921556983719849e+00
6.010353282890160687e-01
2.200755936778342470e+00
3.670297268864645801e+00
1.575329503943482923e+00
1.730567315760424663e+00
1.994187878925845148e+00
2.433644812004274460e-01
1.471916626233010339e+00
3.593458142806968514e+00
1.185770274519485312e+01
4.252070132231639543e-01
2.035225795540910987e+00
3.861592362435736447e+00
1.138357134911496704e+00
2.645059006204664609e+00
2.121484458800268017e-12
5.587595889375538150e+01
1.506048031918432883e+01
2.055669262236043071e+00
3.313561246922643200e+00
1.730993962336023095e+00
1.354582231877793687e-08
3.810399230952639016e+01
0.000000000000000000e+00
0.000000000000000000e+00
4.345590900082264303e-86
2.902441462802058167e-215
3.561549599710397161e-115
1.324777453634231597e-03
5.529565613167285676e+00
1.688428990354645778e-204
0.000000000000000000e+00
5.925009805468607027e+01
5.252237472238490135e+00
7.921415766832245708e+01
5.018478322304455119e+00
5.767974888643741224e-289
4.487272649444473682e-01
2.737445108865306054e+01
1.784702143566268926e-06
0.000000000000000000e+00
0.000000000000000000e+00
2.497022094346624992e-40
1.983581983119261594e+00
6.006193741136726105e-01
1.927287170134365901e+00
2.291572001110027088e+02
3.532631053539455024e+03
1.168119021867221363e+03
6.683504498606675170e+00
3.682330165201834689e+02
0.000000000000000000e+00
6.266002112041144846e-14
5.307532099959872767e+02
1.186065568490653099e+01
2.208499209658405071e+00
6.648700469494619458e-01
1.970083609115471923e-01
4.171359585821226568e-01
1.649926264486478500e+00
4.370274524251947845e+00
1.474602385565715101e+00
2.922903794340427019e+00
2.556273609596832475e-01
5.536437993081457787e-01
2.100917305294103699e+00
2.377531184086774385e-01
5.821217630621542405e-01
4.147361425007065755e-02
5.552118511897132791e-01
5.330291661450321794e-02
1.923439432207920019e+00
6.998063177544778135e+00
2.602953471998858959e+01
4.563884663852307710e+01
5.099940115161523124e+00
1.312460687443681717e-01
1.309137517141045537e+00
1.351347469156634062e+00
2.744401544243713520e+00
4.166795050854350535e+00
2.110817360238026463e+00
4.713516077914947644e-01
3.253464787587918039e+01
2.235848168192053720e+01
2.215589779991180919e+01
1.489581187983254473e+01
2.777126893596348900e-01
7.702603397471174951e+00
2.156890384450331766e+00
3.130367082730006523e+00
2.313317469608431320e+00
2.919339734014120946e+00
4.044991334834110219e+00
2.672589998590481297e+00
3.003949012809736814e+03
6.831044869400801645e+01
2.377944917773613653e+01
9.876325075472564663e+00
1.035010657334941619e+01
9.935003617942410159e+00
9.918558508477138602e+00
8.409979143302226845e+00
1.979622171219024551e+01
7.755448360779655381e+00
1.761017284156247342e+01
3.133318615610382452e+01
9.432632908923398674e+00
9.552197246837289768e+00
7.512041519571991621e+00
1.079219386789446666e+01
2.136445224115695041e+01
6.160603997539146448e+00
1.307688489673124188e+01
6.133772991077347747e+00
9.735742430956754845e+00
8.287706014576874836e+00
1.243712181834270325e+01
3.004449533384790527e+01
3.652193145326124579e+01
9.493476720278160030e+01
1.814233303796891761e+01
7.035033004767376497e+02
1.226688867080577410e+02
1.988406069391586684e+01
3.808649794125034283e-03
9.964544153846098595e+00
1.203764296231735997e+01
7.645261013949061102e+00
8.975014667451564065e+00
1.141203004989508862e+01
2.322059146524351902e+01
1.333901521336833618e+01
8.742573049483006287e+00
1.245334940479214225e+01
1.051484034024754166e+01
6.347365525110709505e+00
1.537999616705357475e+01
7.873988031397233911e+00
1.549395021102942138e+01
6.885743644340327485e+00
1.596045787656134429e+01
1.051309434947862087e+01
8.844389627266044940e+00
1.162072494450654325e+01
8.109908722539259429e+00
5.070050450974970424e+00
9.973808291404566262e+00
8.455097779010378289e+00
1.018471877050856911e+01
8.199772045567430112e+00
8.021705393909522641e+00
8.358497332572607519e+00
7.034797863587312072e+00
6.431182908392274555e+01
9.679599448224873726e+00
2.524597414810727969e+01
9.392231021800443003e+00
7.799641579606580777e+00
1.674319224431680198e+01
7.262525183076048663e+00
1.708623479397617473e+01
1.000091539147029707e+01
8.269371464941777106e+00
9.834620491695176270e+00
9.084034414589243767e+00
9.391442657885193057e+00
8.788204961561209672e+00
1.926681189333529431e+01
1.333227503765443345e+01
1.143102844595263612e+01
9.516309996951614281e+00
8.907359997658971906e+00
4.495300054576924609e+00
1.142013179804744638e+01
1.205634295808336276e+01
7.610942666075819041e+00
2.416329971126240750e+01
8.753381505022435505e+00
1.825257812032819871e+01
1.164178694837426065e+01
1.630320134041802405e+01
1.544695797638649104e+01
1.801779664190510744e+01
1.361927156054086474e+01
8.515434527875154203e+00
1.461158360464157013e+01
4.255669358737262087e+02
6.599592793394705836e+01
2.000181599733734927e+01
8.449950360311040853e+00
3.080413464322727535e+01
3.023161549576816398e+01
3.010221736815823945e+00
1.558781487471128280e+01
1.494953860759551745e+01
9.137143130930224899e+00
8.698147570636127313e+00
6.030808481002715382e+00
7.344090018203883297e+00
6.660550156372893937e+00
6.863897306088548866e+00
3.562345955093997318e+00
8.087301898897939267e+00
6.335099089613192902e+00
5.136941426362729324e+00
4.926874986564842906e+00
1.034078115789829688e+01
6.809838940215914072e+00
6.321815934529024794e+00
6.821978085424131422e+00
1.223063270499142163e+01
7.135467280136274404e+00
1.098238445396266805e+01
9.924085060029268490e+00
9.267396620552020181e+00
9.291592432413230185e+00
7.169588722180389340e+00
1.967204085301608529e+01
7.221660027157065898e+00
9.202670501016935845e+00
1.409167537905131162e+01
1.605373428402412372e+01
1.143341132024223761e+01
4.186640430832420989e+00
1.012496511244645880e+01
2.161108893456265179e+01
5.240222863035299383e+00
7.285751475130092025e+00
2.342933898273650950e+00
1.277046527055138903e+01
8.748381024772058367e+00
9.806556663407727470e+00
8.440564045157776363e+00
1.284194692942925542e+01
1.703669904939633284e+01
7.487411679662136166e+00
1.502673569999979364e+01
1.072732757009020688e+01
2.207152979721167085e+01
1.022489884578388875e+01
7.895618036656240513e+00
1.220067999810875925e+01
1.017934946127799378e+01
1.003717905151716039e+01
7.278440005831308568e+00
7.823245811441895903e+00
8.611688017510783055e+00
5.153556339360891414e+00
1.219190182733026440e+01
7.984684470959050095e+00
9.312513963494350122e+00
6.840105757817155130e+00
1.876746756005944405e+01
1.270373753053478794e+01
8.185116822024850691e+00
8.613343588873185297e+00
1.249971826183031709e+01
1.334195776188475513e+01
1.105982411309340030e+01
8.690449030943593556e+00
1.780022459941424939e+00
8.741552024866928505e+00
1.444809960570952079e+01
9.872120271118747681e+00
6.349440057793214187e+00
4.556084279362932143e+00
9.204561476010523435e+00
9.833479076608259817e+00
1.469659861329153294e+01
9.979234672364411196e+00
1.150973998827696398e+01
1.145240329026187887e+01
3.550192849042244347e+01
2.107732570879216993e+01
1.042179643325079930e+01
1.937453055137169855e+01
4.476243126619576884e+01
2.189317213748401159e+01
2.007004621252883314e-01
6.826774832192842091e+00
8.953080571992501291e+00
9.507752060445000097e+00
2.189761202521484762e+01
3.428216633621403275e+01
2.783802513834330786e-184
1.309461744782775838e+01
1.496106276295776638e+01
1.016910340578162852e+01
1.573237708311651772e+02
8.016940609862330120e+02
1.104877642907233226e-01
1.617935365130835379e+01
1.575045829176857239e+02
7.039369560135271897e-04
4.495417795694631025e+01
4.296611675827331567e+01
3.393085268595845605e+01
2.397830103361754084e+02
4.041317165902276543e+02
4.982214588797760939e+02
1.248900342956367204e+01
1.990616698169104026e+01
2.385291699357329875e+01
2.369730570111439150e+01
5.603602099638258949e+00
2.164618935990564452e+01
1.249732317804996207e+01
7.006991855416048409e+00
4.386501343952784282e+01
3.481715401916372343e+01
1.286716512659515033e+01
4.246029039644655967e+01
1.583247795383717893e+01
1.865873772335666558e+01
1.472301744956828529e+01
1.200142145698070806e+01
1.703495856450217261e+01
1.080422782246666458e+01
9.951197352943669472e+00
8.883298305780940041e+00
1.024660442539901695e+01
7.654097698487030144e+00
1.003194557126077235e+01
1.342272830725674027e+01
9.701664422240966701e+00
9.812831119121527834e+00
3.535753862976553563e+01
2.735691149550179091e+01
3.003170666915069287e+00
8.402465682856297136e+00
1.067657190907915421e+01
1.772817203399784347e+01
1.886837931588588191e+01
4.251321873024235032e+00
7.450270717565830481e+00
1.047304111571246743e+01
5.280469122767624590e+00
0.000000000000000000e+00
2.865523085497753897e+01
4.433129916448120156e+01
8.372420141145199515e-57
1.414360716958179509e+01
2.256938577479623476e+01
1.249410137509563867e+01
9.310877162497282811e+00
1.184948647317142978e+01
1.846979896900621032e+00
2.363318625821805696e+01
8.934518983745297405e+00
1.775991820211719485e+01
2.757759925862621841e+01
1.662301468889112144e+01
1.366180332839873326e-03
1.733172943543595320e-05
2.685262283584866072e+00
7.872978807055063477e+00
9.061410475923491248e+00
5.780460110432704468e+00
6.888847464968138823e+00
6.952615697717240195e+00
6.927093118776920022e+00
7.786424044342622253e+00
8.175105591042694186e+00
1.116665099199881794e+01
3.390907290852273803e+01
2.836001044840433494e+01
8.495282857716798475e+00
6.293361911467735048e+00
7.631122308245094743e+00
7.526062601824163423e+00
7.128029959755294520e+00
9.613556698839394343e+00
9.393661408436349447e+00
6.342918445256509052e+00
7.934950204283209629e+00
6.578865194073282296e+00
7.338279143949491434e+00
7.852767326265013281e+00
4.793484592061376226e+00
8.876908179001288701e+00
1.149906719142904699e+01
8.377180982306308366e+00
6.855665048454355315e+00
1.028580566734223289e+01
5.820140712757616797e+00
7.249922059883808778e+00
4.555767308845974917e+00
8.969727646479757510e+00
9.634368343609015284e+00
1.693837520348398940e+01
8.596553711181144308e+00
8.339455913093667405e+00
8.251989123241578739e+00
8.239340054891449938e+00
9.120349642441670568e+00
8.895694341804755823e+00
1.035936401153279718e+01
5.578189862354853368e+00
1.119965563272216436e+01
5.167966078866592206e+00
8.177008023390598623e+00
9.392390463383014776e+01
1.431717479316581354e+01
6.784854523904241042e+00
9.254362034423056826e+00
8.841760355722930953e+00
8.794385729659074613e+00
5.471563007447906024e+00
1.271217972357418091e+01
2.466894222442395446e+01
6.200776437153749043e+00
1.216692717791464240e+01
6.854195225260585111e+00
7.993184224334938470e+00
8.984156760454007795e+00
5.324483281831370540e+00
8.135462361323465785e+00
1.043951957243899109e+01
9.265783816771012482e+00
1.028275179740507639e+01
3.886045749470439681e+00
9.703146383753875170e+00
1.194775006695658703e+01
9.025459735252468363e+00
9.023195497798127462e+00
1.021742289716199004e+01
2.914873518108883843e+00
1.132887467693282701e+01
9.914070164249638495e+00
1.256660573878589915e+01
1.131090497557675434e+01
1.893910021683957723e+01
1.171357809721777699e+01
8.467617399377839860e+00
7.452613592741748505e+00
8.613934040557563065e+00
6.744215271767921571e+00
1.074774842853945422e+01
7.684406180397271413e+00
8.952174175785005517e+00
8.742037400897137545e+00
2.514148618168537652e+01
5.767522331888318377e+01
8.003270173589763203e+01
1.094983502975411582e+01
9.217226385650814535e+00
1.484104672432372851e+01
9.060734858952606885e+00
9.407129387691853140e+00
8.567607404238083646e+00
1.085093914221760159e+01
4.214627907694388220e+00
8.456558958849001328e+00
6.375343251595497307e+00
8.372297898576006148e+00
6.181733207800776064e+00
1.288281788491224233e+01
9.850313179139400077e+00
9.801824515820596773e+00
9.067229822065584699e+00
7.407397707576882873e+00
1.055815590634080259e+01
1.190875685182388999e+01
7.593469755902256146e+00
9.749326688430102195e+00
1.054244277708464850e+00
8.050885405125757899e+00
7.065079191957144289e+00
7.998284813600236021e+00
9.466337866446750127e+00
5.578973936023818858e+00
1.001695089376517878e+01
1.000293688321857921e+01
9.096430158194213078e+00
8.365344689739318440e+00
7.177879228386825794e+00
9.457397940544142401e+00
7.007222667613683065e+00
5.740131933229752015e+00
1.030277054177459917e+01
1.053572913125622179e+01
7.067838618619642688e+00
6.263954389068893569e+00
9.497512268800281987e+00
9.872884081755445962e+00
1.205316909036038631e+01
8.102059792559957785e+00
8.709437598604054642e+00
1.193965439833808517e+01
1.039682099270363480e+01
2.175072207069171526e+01
1.258996066908820843e+01
1.284360939212313291e+01
1.013946852429017120e+01
1.089062562365755760e+01
7.672347891268142206e+00
1.081554169350356709e+01
8.406432734343349367e+00
7.505798854211320759e+00
1.025339791517470012e+01
9.356512849791256414e+00
1.266853162302173352e+01
7.946155360012845392e+00
5.716083147719958291e+00
8.052017389756457533e+00
1.057181483621090834e+01
8.562418969733975871e+00
9.044322899216384215e+00
9.250270504908744584e+00
9.363903083627073798e+00
6.848996377388838930e+00
6.475722024557716949e+00
9.794505935841018029e+00
3.022783472303522068e+00
8.255570781337697284e+00
7.962360072613798856e+00
8.939103193164680050e+00
1.094608092215328021e+01
1.050062256272516414e+01
7.012010575607329876e+00
9.721668783395902125e+00
9.225609250649501547e+00
8.831039525128360879e+00
1.235626922071508638e+01
1.171448667711228531e+01
9.889134852191029168e+00
1.204770322133761162e+01
8.981143127315224461e+00
1.036017177570970560e+01
1.153869389329069506e+01
1.057894699655923887e+01
8.905170956747539890e+00
9.291380652181368660e+00
9.192539907274195343e+00
1.051115619281291202e+01
6.228943617288406287e+00
1.728029364358637920e+01
1.839715125151738917e+01
6.354321521483951685e+00
7.194198128655345137e+00
5.801778062562298999e+00
9.466236596628323952e+00
7.642510074870081382e+00
1.031331690912986332e+01
3.487864334191172894e-02
1.450800069318147223e+01
1.089593047447654506e+01
9.483203880880534342e+00
1.012325599345817828e+01
1.398112319111135804e+01
8.332375649269984308e+00
1.090474978124432859e+01
1.228814257509666241e+01
1.171968169847479402e+01
9.085038338804183766e+00
2.313904139567193496e+01
1.312351221193939743e+01
8.555197343528083920e+00
3.363778671247928287e+00
9.103397654298575503e+00
8.606103214310726557e+00
9.498976314158380063e+00
7.754741565225121036e+00
8.727038653767147380e+00
9.599120934946762773e+00
1.176131838655610728e+01
1.707041557923728092e+01
8.127892236813806903e+00
1.782408300246709842e+01
1.309702760157466983e+01
1.297014081159354504e+01
1.033283689025318530e+01
1.118883379747767925e+01
1.035336998003344178e+01
1.156037414658731244e+01
1.069987188522901711e+01
9.226560429531332375e+00
1.342792666792621326e+01
9.364267312452259517e+00
7.129908303485682275e+00
8.450652046083973801e+00
9.021736631321504163e+00
9.527738422116057038e+00
1.084746836903393330e+01
8.542951036936342391e+00
1.263579219710706170e+01
8.001894880145448141e+00
7.630509803954754311e+00
1.198838324119750887e+01
9.260578381137081649e+00
1.436336839438351376e+01
1.844453649500434267e+01
8.136868417750854121e+00
5.165372772416506386e+00
4.148801756048993816e+00
1.807579140507631976e+01
1.176783291315409663e+01
1.766846909384795339e+01
1.325706070169284700e+01
1.080607747634717342e+01
1.194687523047848998e+01
8.393112306936247435e+00
1.081935714712454732e+01
7.245201759336372227e+00
7.946202615446501305e+00
7.875967833761889914e+00
1.299788967021672015e+01
9.582563952748774483e+00
8.017795959969269859e+00
1.150755484868577305e+01
1.217668865872353123e+01
2.187675805952299868e+01
2.365104503533855507e+01
4.844314162862568135e-02
5.879732153394678029e+00
8.783408387868561817e+00
1.916284537326310655e+01
1.716050141572672416e+01
1.006569238902454799e+01
5.628093321889005907e+00
1.103056429672205851e+01
7.375043701008267227e+00
1.257419517346922788e+01
1.085666154606647282e+01
8.232025674068138343e+00
9.846072455936752732e+00
8.059307472234790382e+00
1.186618135100069615e+01
1.237389418503745553e+01
7.176898105564416319e+00
8.636077124780737080e+00
7.989077105333024953e+00
1.098566945651485405e+01
9.100846404159598890e+00
1.017037618291654866e+01
1.011980610280834014e+01
9.703503831134444368e+00
1.251830167969962737e+01
6.706129517105499538e+00
1.013351258906300068e+01
1.146001592029083938e+01
9.755517544149627795e+00
9.940487916943878233e+00
