# residue i_ratio gamma_2
1.000000000000000000e+00 nan nan
2.000000000000000000e+00 8.034793614153550312e-01 2.177759301551443816e+00
3.000000000000000000e+00 8.167765658021308717e-01 2.000730155561474710e+00
4.000000000000000000e+00 8.912124308518757365e-01 1.098126291910246577e+00
5.000000000000000000e+00 nan nan
6.000000000000000000e+00 8.916201288221661247e-01 1.093558351176988630e+00
7.000000000000000000e+00 9.049804441214006623e-01 9.459303901435667239e-01
8.000000000000000000e+00 9.288767295908794130e-01 6.915028998228941459e-01
9.000000000000000000e+00 9.351771913446423889e-01 6.263892449896723003e-01
1.000000000000000000e+01 8.811517699862997377e-01 1.212059052798256209e+00
1.100000000000000000e+01 8.810834911616683973e-01 1.212840319375297238e+00
1.200000000000000000e+01 9.006802678050280786e-01 9.930132167198525428e-01
1.300000000000000000e+01 nan nan
1.400000000000000000e+01 7.174205579863179860e-01 3.464221832478639129e+00
1.500000000000000000e+01 7.141680021481979779e-01 3.518238279971504401e+00
1.600000000000000000e+01 nan nan
1.700000000000000000e+01 7.289664077788037266e-01 3.275939372742688871e+00
1.800000000000000000e+01 6.778766870843262460e-01 4.151987865038456071e+00
1.900000000000000000e+01 5.732206031470106211e-01 6.368865390426369011e+00
2.000000000000000000e+01 5.624334718068413341e-01 6.637975484421176020e+00
2.100000000000000000e+01 4.751594358443302912e-01 9.196451670828686531e+00
2.200000000000000000e+01 3.271112475520104312e-01 1.604012881632774068e+01
2.300000000000000000e+01 nan nan
2.400000000000000000e+01 nan nan
2.500000000000000000e+01 5.448652256690159068e-02 7.590938801611623887e+01
2.600000000000000000e+01 1.872660755038678126e-01 2.968461987741531871e+01
2.700000000000000000e+01 3.621525592645178371e-01 1.400427741991576269e+01
2.800000000000000000e+01 3.149590209747757941e-01 1.683163250216873763e+01
2.900000000000000000e+01 2.635061630863215765e-01 2.081763909632159937e+01
3.000000000000000000e+01 3.681317943583182206e-01 1.368897233875368258e+01
3.100000000000000000e+01 5.235206239896553759e-01 7.687962464219139314e+00
3.200000000000000000e+01 4.758443137945948531e-01 9.173267129223834360e+00
3.300000000000000000e+01 3.468479289169416058e-01 1.485191442942427109e+01
3.400000000000000000e+01 3.416292897782154392e-01 1.515515047981333652e+01
3.500000000000000000e+01 4.788228545930938718e-01 9.073095210129896060e+00
3.600000000000000000e+01 5.221455081892589778e-01 7.727529595486359426e+00
3.700000000000000000e+01 4.328205296984703465e-01 1.074950104752775815e+01
3.800000000000000000e+01 5.380714651169800078e-01 7.279988543904305942e+00
3.900000000000000000e+01 6.038791863661734372e-01 5.649936393788334676e+00
4.000000000000000000e+01 6.754138131149604041e-01 4.197175762415437994e+00
4.100000000000000000e+01 6.779101630959871727e-01 4.151375658408755775e+00
4.200000000000000000e+01 7.590446906525945003e-01 2.809473113787625653e+00
4.300000000000000000e+01 7.593148087305855443e-01 2.805433554150181585e+00
4.400000000000000000e+01 nan nan
4.500000000000000000e+01 8.483628513094505497e-01 1.600278973609136512e+00
4.600000000000000000e+01 8.645129930524982909e-01 1.405738975725860263e+00
4.700000000000000000e+01 8.670218837981495952e-01 1.376105017463866931e+00
4.800000000000000000e+01 7.531572274832919467e-01 2.898161131016451897e+00
4.900000000000000000e+01 6.779086832714271704e-01 4.151402720193421381e+00
5.000000000000000000e+01 nan nan
5.100000000000000000e+01 7.444198156788404130e-01 3.032084817974296076e+00
5.200000000000000000e+01 nan nan
5.300000000000000000e+01 nan nan
5.400000000000000000e+01 9.435554475709271305e-01 5.410269450454506801e-01
5.500000000000000000e+01 9.553729627183390472e-01 4.229402323598630553e-01
5.600000000000000000e+01 8.812148612831277594e-01 1.211337240772709656e+00
5.700000000000000000e+01 8.244866269395479952e-01 1.900436548828191130e+00
5.800000000000000000e+01 8.362076865097385348e-01 1.751157915663889231e+00
5.900000000000000000e+01 7.888450335359968868e-01 2.378768574592545537e+00
6.000000000000000000e+01 8.078791667833907786e-01 2.118604412993794206e+00
6.100000000000000000e+01 8.035598248565573032e-01 2.176672261673667563e+00
6.200000000000000000e+01 8.250730403603273588e-01 1.892877386003969375e+00
6.300000000000000000e+01 7.707770677554169891e-01 2.636351188162358916e+00
6.400000000000000000e+01 7.384256357351699496e-01 3.125593615284550708e+00
6.500000000000000000e+01 3.053610395135805677e-01 1.749265782993466445e+01
6.600000000000000000e+01 5.395431199078006834e-01 7.239785303290776852e+00
6.700000000000000000e+01 nan nan
6.800000000000000000e+01 7.411942681011796097e-01 3.082235669506800058e+00
6.900000000000000000e+01 7.738721655173530500e-01 2.591462980050620146e+00
7.000000000000000000e+01 7.771068109344180241e-01 2.544892830110264903e+00
7.100000000000000000e+01 7.025046824412679580e-01 3.715581114876758573e+00
7.200000000000000000e+01 nan nan
7.300000000000000000e+01 5.291300082743446431e-01 7.528396798171595350e+00
7.400000000000000000e+01 nan nan
7.500000000000000000e+01 5.666212833960592166e-01 6.532444406292236216e+00
7.600000000000000000e+01 6.982332412950348344e-01 3.789315018828026460e+00
7.700000000000000000e+01 7.248425422145166053e-01 3.342576454017423870e+00
7.800000000000000000e+01 8.057340050736230275e-01 2.147373433693097855e+00
7.900000000000000000e+01 nan nan
8.000000000000000000e+01 8.601797102312126464e-01 1.457289286048032206e+00
8.100000000000000000e+01 9.078197536896548403e-01 9.150642830000511596e-01
8.200000000000000000e+01 9.429569352976027163e-01 5.470791774828842602e-01
8.300000000000000000e+01 9.662485377530914965e-01 3.165909941265649952e-01
8.400000000000000000e+01 9.743742330557677578e-01 2.385445319647827578e-01
8.500000000000000000e+01 nan nan
8.600000000000000000e+01 9.575183400469408079e-01 4.017870819593700737e-01
8.700000000000000000e+01 9.225843076657387343e-01 7.573390048343529024e-01
8.800000000000000000e+01 9.377750490244938231e-01 5.997725758190466383e-01
8.900000000000000000e+01 9.069618400765951938e-01 9.243721865019617345e-01
9.000000000000000000e+01 9.034542857167364716e-01 9.625938790587379446e-01
9.100000000000000000e+01 9.384274037536405322e-01 5.931098338219800148e-01
9.200000000000000000e+01 9.332726381242117952e-01 6.459880924715972750e-01
9.300000000000000000e+01 9.412233744991799211e-01 5.646486468075508913e-01
9.400000000000000000e+01 8.992604041763571088e-01 1.008648931124128456e+00
9.500000000000000000e+01 8.628326475641594495e-01 1.425673493597408914e+00
9.600000000000000000e+01 nan nan
9.700000000000000000e+01 8.464940586909277531e-01 1.623221745550631923e+00
9.800000000000000000e+01 8.551003895669080368e-01 1.518314669745446377e+00
9.900000000000000000e+01 6.170681726697494485e-01 5.359921920672480411e+00
1.000000000000000000e+02 9.375395223960449886e-01 6.021801672501795322e-01
