3.118745812979353360e+01
1.025985398979033647e+01
1.608707739302762896e+00
4.404061961288800831e+01
2.724445629924099421e+01
6.598258928457121364e+00
8.138833866185629873e+00
3.780264626288636123e+02
2.498697450801803939e+02
2.300995498809673023e+01
1.533706695890000127e+01
2.022687273320335422e+01
2.537592319388393136e+00
1.155286981566733928e+01
1.048977924860350264e+01
7.391701885399445615e+00
1.395061130551616557e+01
2.746152317243181996e-04
3.801456496853949929e-01
1.155372013180636515e+01
1.154118164615655040e+01
1.253362827237253541e+01
1.495391851243869574e+01
1.092777624664682712e+01
8.343560326226612034e+00
1.010068309824678678e+01
8.235192622836933651e+00
3.976399900720663538e+01
2.927451606994956279e+01
4.285300109199367213e+00
3.324513783491718755e+01
5.296309965005710829e+00
1.488859567332522893e+01
2.061830245956834506e+00
4.780090690953329613e+00
1.059839618748401335e+01
1.505331775479769618e+01
9.497669908832165220e+00
8.476066554198937730e-01
1.169470208215001072e+01
2.592197947888080733e+01
2.105691818989875674e+00
1.680936507734477559e+01
1.623903991609029163e+01
8.263174725254653907e+00
1.521566657975528081e+01
1.068618653880005098e+01
7.782606866103515486e+00
2.066644393630822663e+01
2.152113862841351022e+01
9.428667173065720775e+00
3.479105135793734860e+01
2.007209580212089506e+01
1.697084029392937765e+01
8.264795739912209172e+00
2.554411519371559791e+01
1.754483044453145979e+01
2.097971140358398401e+01
3.834953562982127551e+01
1.278723776703299109e+01
1.997675513044642770e+01
1.084392322433546596e+01
3.518889262774764148e+01
3.084903267210992439e+01
1.367562227296524568e+01
1.925553163942046098e+01
1.491823165013193631e+01
1.929750629771010750e+01
2.183760935257294733e+01
1.751864007654801014e+01
3.817682420013561284e+01
2.019552530054993866e+01
3.416175141566449014e+01
1.089251078287453680e+02
1.379806675986224320e+02
2.308162488128092491e+02
1.551669013366052852e+01
2.758473259711863435e+01
1.416437299327737520e+01
4.788442839463222954e-09
3.569989199868588514e+01
3.443694731178860380e+00
6.917431971945704916e+00
1.716810195244669712e+00
6.927485600743239935e+00
1.359123348434782130e+01
2.632303537467400290e+01
1.306282819932148413e+02
1.818108554681388966e+01
1.315927486549410332e+02
1.910910678585577216e+02
1.328836545321927360e+02
1.649687267616376035e-09
2.894489108550720502e+00
2.033050601025160553e+00
3.831125168538095371e-01
5.833298393274648497e+00
1.541071231981418421e+01
5.334100434217205589e+01
1.843194324431582842e+01
2.810859091611665050e+01
1.232828164727975491e+02
4.050327037952763831e+00
3.415767281480273709e+01
5.472909869062730632e-62
8.054943275040969297e+01
9.794350973074486814e-26
2.207263860518570553e+01
7.811397306201796731e+00
1.574211969892889762e+01
2.259368186630024766e+01
8.851679781633116306e+00
0.000000000000000000e+00
4.423938918562834033e+01
3.061711106489376291e-02
1.432271999324358092e+01
2.267950406468095981e+00
6.963171555073289554e+00
1.092096043556397333e+01
4.693667271803991348e+00
4.867744955973964810e-02
1.270264426425570115e+01
2.210650850681911734e-07
5.194244532163040990e-08
3.208197289139641839e+02
5.474062080168646778e-39
4.245505915910676720e+01
0.000000000000000000e+00
1.262845396302591752e+02
1.580706531959892125e+01
3.411478236552774490e+00
2.788312721252118109e+01
7.113558556916325415e+01
4.617968485690771985e+01
0.000000000000000000e+00
5.387942264659412928e+01
2.275021421638106744e+01
1.497988578328377507e+01
6.210957123270676838e+00
7.988777516570868542e-01
1.167817842657421856e+01
4.084137665915068283e+01
2.137487945323664483e-254
1.160984608681291697e+01
1.610193278364556591e+01
1.712823406738629117e+01
2.248694314119383719e+01
1.134718562487757865e+01
4.838971254068289340e+01
1.873353026629205997e+00
1.876005546287989034e+01
4.364642206167566485e+01
2.145970929753688949e+01
7.454432600569210976e+00
3.585441933174730877e+01
1.581129310189867132e+00
1.921855537288377747e+01
5.915410136243345440e-92
1.310680344090604876e+01
1.310390237074710917e+01
6.068440131001547222e+00
9.720383222815582869e-01
1.086829228966484919e+02
2.783521747892130449e+01
8.414835527328992271e+01
1.389395894093505746e+01
1.169655177181107319e+02
2.257719698842539202e+01
1.101602479197143047e+01
6.441650604131877067e+00
1.376398475039488005e+02
1.365985750093393847e+00
1.662545844551760297e+02
1.456922604185280617e-03
1.441274761556500721e+02
3.476753536482045381e-03
2.052325058160107615e-03
1.617065480223463325e+01
2.952585338348260535e+00
3.395185580958994933e+02
4.258579793225252264e-01
5.618081238813534299e-04
4.401831023414999322e+01
3.561024620691731570e+02
2.144491995939395679e+01
5.586496079040299545e-01
4.175488580403877783e-08
1.995691765624544387e-06
6.333582277342645339e-01
5.837588214270241451e+02
3.054043753220414548e-01
4.440783095144112402e-01
2.925433152116325530e+01
7.067612939279650786e-02
4.669810923592751628e+00
9.402683689556838864e-01
6.369002187499508416e+00
3.166345546497074679e+02
1.268762267812928002e+02
2.632489533539692275e+03
1.037850128920229021e-18
7.716694478648923905e+01
1.118261676746188593e+00
2.575062055218903083e+02
2.853931225782629326e+02
2.083386344212933672e+00
6.580180197654816876e-01
1.067981939362119048e+00
6.745597692108040516e-05
8.258907312143129453e-02
1.416856268014286879e+00
8.319747189578095004e+00
1.252859591251688585e+02
1.336134560228746260e+01
6.680261199456407439e+01
5.218032158942520482e+01
1.298074670239112152e+02
1.346185192793970131e+01
2.231548548059139989e+02
1.559650322189903591e+02
9.436595594089596251e-01
4.321601898145569862e+02
2.892068037020827092e+02
5.932383018548085829e+02
1.358625246159242472e+01
1.033909818528195075e+02
7.642572713514138627e+01
3.412846306365962050e+02
5.563798275762781032e+01
3.502107768716371083e+00
1.456537559254416294e+02
6.124072198711546378e+01
2.615844351669903922e+00
5.982431493957546991e+02
5.928977621387001591e+02
1.325210167009284419e+02
1.566373557879803116e+02
7.961072445003022722e+02
2.779901187378876415e+01
9.719037405737207109e+02
1.165597764797397851e+00
7.798277464069333753e+00
2.304954137550323967e+00
7.573805359441809770e-02
1.340629921865422034e+02
1.458247617684037614e-02
2.824602693026176219e-03
3.217175350892778951e+00
5.021661395568334285e+01
3.073422614827739707e+00
1.457873400014639209e+01
3.361724699426066998e+00
6.143271211012563127e-02
3.216577577383031183e+01
3.480085064724033339e-01
5.279815830965967766e-02
3.154991638757427275e-01
5.500237924576049237e-03
8.710308130389301671e-05
1.166403634758024221e-01
1.863436265179006512e-01
6.729913294433038651e-01
4.763637927491904733e+00
1.607180630850217229e+00
3.135585967997723156e+00
7.796678039394590032e-01
2.853879484961987512e-01
4.357048154630913217e+00
5.122745751330778141e+00
1.743687353224061320e+00
3.101275425133025720e+01
7.052794638808715710e+00
4.508255916956541154e-01
1.967200110906002886e+00
6.847277669431329761e-01
5.133527533907612517e-01
1.425224921273039058e+01
2.793483960188536397e+00
6.921429103674647809e-01
8.255579508515744624e-01
2.072330671360374854e+00
1.249390822946999613e+01
3.682366682795657144e-13
0.000000000000000000e+00
2.846398738550875380e-08
1.482846195272507828e+02
2.359108469179461169e-73
3.554747784755559969e+00
7.893066668294319577e+00
1.142596533479617760e+00
8.700582874005649003e+00
1.031477667084838146e+02
1.740311462469807680e+02
2.230906976838734934e+01
4.493427928282234518e+01
1.382585250085872097e+01
3.803850784977819899e+01
1.297703843791693457e+00
5.086116577398430303e-124
0.000000000000000000e+00
2.234968941451291817e-10
5.101088372604353449e-268
2.271484533097283161e-03
3.910493427997509541e-01
3.781845882575917361e+00
1.242856175688721310e+00
9.799634349442817305e-01
5.819509186442467508e-01
4.836231923759811480e+00
1.971473818518310939e+00
1.054961800488383084e+01
5.618030297428138198e+00
1.436483369559443979e+01
1.526209290125162044e+00
2.865961948500955536e+00
1.283137258395674785e+01
2.328045059835997677e+01
1.179523809537018764e+01
2.981311586724418206e+01
1.135930744903687106e+01
3.686940495301407594e+01
1.375411331298994899e-01
2.474235150719223597e+01
1.514733050739613063e+01
2.718917763868164172e+01
2.109333108151456315e+01
4.876724237172535226e+00
8.025270717313746971e+00
8.669388597647404993e+00
5.734748433124841682e+01
7.644412077419223017e+00
1.616137330373531000e+01
1.433652303474685930e+01
2.706610185411432212e+01
1.357734101571385388e+01
2.678371462037850925e+00
7.973334578424600139e+00
3.703637298589243443e+01
5.131677107914362601e+00
3.078278576215795148e+00
3.630319665324513068e+01
3.502955846142804575e+01
2.402393914656465768e+01
3.373275379225392356e+01
1.201292366616723584e+01
1.770113860949212636e+01
1.713110149949028482e+01
2.201564313776949078e+01
2.120633790615828218e+01
1.779636138556005420e+01
1.352922775022783064e+01
2.303252373963761102e+01
1.608137259735785562e+01
1.420017219679589360e+01
2.560520103836704209e+01
2.537144174931505347e+01
3.187115413356227833e+01
3.350998868649967477e+01
1.630109921558145913e+01
1.083062427698108543e+01
1.802465522762514993e+01
2.699694108916508384e+01
1.613678013222643060e+01
2.034994940781596640e+01
2.006201063888160974e+01
1.361888952861848523e+01
1.477113515593926962e+01
6.512925572305439914e+01
2.835065909006041096e+01
2.785048573279220818e+01
4.017961880776672956e+01
1.384064534553654546e+01
5.002168794050631107e+01
5.165760591604784935e+01
1.680909770715684090e+03
7.959781791332844136e+00
2.265622262357019423e+01
2.043624080827106582e+01
5.201379000826651833e+00
4.553801580376058311e+00
2.776071068436915823e+01
1.245704365775337408e+01
1.905437907496230210e+01
5.843926132469087520e+01
2.773287348282756284e+02
3.056652612625501675e+01
2.287330438893759421e+01
2.752432546002319569e+01
2.665453775173254769e+01
2.172303260228801491e+01
2.013972053375613314e+01
2.229426319194539730e+01
2.261496455520957483e+01
1.297965067231999825e+01
1.891496756007047964e+01
2.054661732767133131e+01
2.441653157133342233e+01
2.319215239781048865e+01
3.097633073518076685e+01
2.197285960460295939e+01
2.513000595552185246e+01
2.294808152562480430e+01
1.161351141525459951e+01
6.737078287973527146e+00
8.267628934422125653e+00
2.327184508750994496e+01
1.346391077504379652e+01
1.356801810626252625e+01
1.893883799658047806e+01
1.580362189177035148e+01
2.037052650000214626e+01
1.703551098437199229e+01
1.840066339409420948e+01
2.041952368625218739e+01
1.401555972291330221e+01
2.107317041081004660e+01
1.444916285696278635e+01
1.196746563426889010e+00
2.858029254297875710e+01
1.412843468614646802e+01
3.848689053136140305e-39
3.415311217406962641e+01
1.683789538580880674e+01
2.492349727736142384e+01
3.355717416016812393e+01
4.395835954005690382e+00
2.018440157340925012e+01
2.125998962876938236e+01
3.009351656788131635e+01
2.213985658599839113e+01
7.104709464058358570e-01
3.180546203142018840e+02
2.557381600391879672e+01
2.644851964993285165e+01
8.001303895990654169e+00
4.310430296099275438e+01
3.313903937836222013e+01
6.274527956885510349e+01
1.013937755868536783e+01
1.722866091837256919e+00
6.969744222958397017e+00
4.902359295102080239e+00
8.339882317006393819e+00
1.544688856496477314e+01
5.642433961477932058e+01
3.766348405234172821e-13
1.532118396421402728e+01
1.635593282748950514e+02
1.655372049399587292e-02
1.114744212493839675e-45
0.000000000000000000e+00
0.000000000000000000e+00
1.590343602502138687e+01
2.203186095225125030e+01
8.987786223327050017e-01
2.861562842514495664e+00
0.000000000000000000e+00
0.000000000000000000e+00
3.823021057202899975e+00
4.640760096765222855e-04
1.368638685838095626e+01
7.557202044582155942e+00
1.486974760195563704e+03
1.037482083794265918e+03
9.640550321457437732e+00
5.310759959003588548e+00
7.657875196663109563e+00
1.961228293036729653e+01
1.214777271744732490e+00
6.977794457933237382e+00
1.988147476215268661e+00
6.130822552651625124e+00
1.929812222853135306e-01
1.672734949502053961e-03
3.086982446679865932e-02
1.103400056332466267e-01
1.632459074676973998e+01
3.375947050059916604e-02
1.095080225422909947e+01
1.837621556098102145e-08
1.310413920763650140e+02
1.430367427730780783e+01
2.874735543312889708e-05
1.581406007498910304e-02
9.334236360317444969e-01
5.845987414087054114e-03
4.262729853085243548e+00
4.022821050576523838e+00
9.295404762636954032e+00
1.422675191846873632e+00
1.876956039861176251e+01
1.311024891158482042e+01
5.748812837291596622e+01
1.677858660103610333e+01
4.647228080218113178e+00
1.905774920377427684e-01
2.133719482898160535e+01
1.458512295536801728e+00
2.848199879487238206e+01
4.155079722549221088e+00
1.876710051830454162e+01
1.858354523194817753e+00
4.390035725182722359e+01
3.217515347210675003e+01
6.026525697161557815e+01
3.765444367958669147e+01
1.580881546294995759e-14
2.387511949723954086e+00
9.238133096496523589e-01
2.058274664693191536e-01
6.332600592808622864e+00
5.927827102753229632e-04
1.292431584830800340e+00
7.891254648547933570e+00
7.165024595352619485e+01
3.991674152774878248e+00
3.392442887119906936e-01
6.425455154265630442e-236
5.514885038604803169e-01
5.298519276275547440e+01
2.832934115438600298e+00
6.409396597778855842e+00
1.732229456306933271e-02
2.057049630964565168e+00
3.632746624169031691e+01
1.234449639805204058e+00
1.621753740314434422e+00
7.981389610729686979e+01
9.093870855327769454e-02
7.276705059517250440e+00
1.793388225289614502e+00
1.178093062909759681e+00
5.501061909657339655e+00
1.816146733952926640e-01
8.345564053721117592e-02
4.928050769116209540e-01
1.064199139390895610e+01
2.068222189604492112e+00
2.295691334407710116e+00
8.484565835836150427e+00
1.781140338079572824e-02
1.388784323419652501e-262
1.231818678423304489e-02
3.519948155567973469e-01
8.291660589852870800e+00
8.340661498387132167e-02
5.290817813391479347e-04
1.922754308052531183e-02
5.524974627063081734e-01
1.428319731463392941e+02
3.902748848565443240e-02
1.392016836831953819e-02
3.362815167408911066e+01
7.028347750014955864e+01
3.350660820017655004e-03
7.257309073601697413e+00
1.567601475458850957e-03
7.331602457439601786e-06
3.302854759643369942e-01
2.606598292697119481e-03
8.586842431547569293e-03
2.127302932910136047e-03
1.022803315137769120e-01
2.356056746584166215e-06
6.709472675715367302e-04
1.394455537376157852e-03
6.634819257942389803e-02
6.678750678273124089e-03
2.715511628567378044e-01
1.084693591795620332e-01
1.852165377761229256e-70
5.837650913387019275e-02
4.646347082209983503e-04
2.400941726894131791e-52
7.852845882245984306e-07
5.110417206260863087e-75
9.074170081271047110e-40
2.392902147900623167e+00
1.795243164886053608e-02
0.000000000000000000e+00
1.197751557026629661e-05
1.391779266012888646e-31
3.571911728767447567e-201
2.570475211357353129e-01
1.752094212027509035e-01
9.611842850109875158e-01
0.000000000000000000e+00
8.520219366939215441e-04
5.366087678958812029e-02
3.102718370263938402e-02
3.992115440292232220e-53
3.613826597663585007e-10
1.127448903013149361e-03
3.747191751351832724e-03
7.453355176059177703e-03
1.271871377937490487e-03
7.065264978377879764e-06
2.392367861879835314e-02
1.311694128965356103e-04
1.921676929013493504e-02
3.816901324004215532e-03
6.371002743369098198e+01
4.878225183062411219e+01
5.721038913130411174e+01
6.885034976554328390e-01
1.245948885040215615e+01
1.944182461003588003e+01
1.271816827401667922e+02
3.038868565274652767e+01
2.772741610017635239e+01
4.299197027997834653e+01
8.151475239391672289e+01
1.864591951944063553e+01
2.698758368265561103e+01
2.064108587060180255e+01
7.118312889707385693e+01
1.510566467865011298e+01
3.063805187965733268e+01
8.411021713253409582e-02
5.985738432122287289e-01
1.627214174895054839e+02
4.987725438826205032e-02
9.350474922779393410e+02
3.192354614811987403e+02
3.661189816178020351e+01
4.095709536823081862e+02
2.765019092870795703e+02
1.342408350325356082e-94
3.214187676059174947e+01
6.608024364043966159e+01
1.706577931164399686e+01
4.641282718295438485e+02
1.365727493563444455e+02
1.261188352738463614e+01
3.253861769383012438e-99
1.084958473717980638e+02
1.344471787608173319e+00
2.564260889022658318e+01
1.650896068273598587e+02
0.000000000000000000e+00
6.369858920370801592e+00
0.000000000000000000e+00
1.461830823083815858e+02
0.000000000000000000e+00
1.956401144402168066e-319
1.368259077498575849e+01
1.496608582031721468e+01
5.340349737981225786e+01
3.149496512327037934e+01
8.640955301654040355e+00
3.998813488076977762e+01
3.334801825749221393e+01
3.705332040768485626e+02
1.038177020242507524e-73
3.544458919900088745e+02
8.094268033715654553e+01
9.277767746270500382e+00
9.080886327194827246e+00
1.451389414774938480e+01
1.478195993982259715e+01
2.256358786715940212e+01
1.400217463417049224e+01
5.752311624173613858e+00
3.511152220866409124e+01
1.316601374461609808e+01
8.334950153754812519e+00
1.713480797860236748e+01
1.193747780625321653e+01
2.149424861620429894e+01
9.494171576667335799e+00
2.124105732862871321e+01
1.818712856242220255e+01
0.000000000000000000e+00
5.161044790228219199e+02
7.220806087470818646e+00
0.000000000000000000e+00
0.000000000000000000e+00
0.000000000000000000e+00
5.292156383274378775e-220
0.000000000000000000e+00
0.000000000000000000e+00
0.000000000000000000e+00
0.000000000000000000e+00
0.000000000000000000e+00
2.017342903636063696e-101
5.252369569161775735e-152
1.660843972709819738e+01
4.443536795116376298e-311
4.443233129572894846e+00
1.916134332668317697e+01
4.121877994286842295e+01
5.998193812167723138e+01
1.391931165616127544e+02
8.005888975275713280e-41
1.921413110790672363e+02
3.601358878053279966e+01
2.548293744407711614e+00
4.186531237423135963e+02
5.140268152673129975e+01
4.950997610776722843e-14
7.939137720191280323e+02
2.222827107013882753e+01
1.827682538917146360e+01
1.043444719152750011e+01
1.352324832383439990e+01
1.768484412933215566e+01
9.083659595643709395e+00
1.102211266387371680e+01
1.078265718373933346e+01
1.298929094244066818e+01
1.453484961514676677e+01
1.136444457491252535e+01
1.858928016446822085e+01
1.973549050573488728e-01
3.398345417302185467e+01
8.273655079424454328e+00
2.599943302063709183e+01
1.447630420477680602e+01
1.071691732198500979e+01
3.374607373105071417e+01
7.227951978653456067e+00
1.098651593662936676e+01
1.167627217348007918e+01
1.592315598140772970e+01
1.914822006382387443e+01
7.422619959862646333e-01
1.364140305564327171e+01
1.378057555870535644e+01
2.881553125511098656e+01
1.105385470583766505e+01
1.218596559938017698e+01
9.713236126604479992e+00
1.003122347865570063e+01
5.469598717623685502e+01
1.034981201555314634e+01
2.114661695026014421e+00
8.098519226021975825e+00
6.430143995327458839e+00
1.341159362125876164e+01
7.625556035062376559e+00
1.520287689721769553e+01
5.952596325479169614e+00
2.466204368522081136e+00
1.945969344052823402e+01
1.312198488367419991e+01
1.048888698987606283e+00
7.168668529496098341e-01
8.945098408194922524e-01
1.102650261791598529e+00
3.666135904905598597e+00
1.495533773029256608e+00
4.474580474531565377e-01
5.868486173502365233e+00
2.507642102528913952e+00
2.224019449662314329e+01
2.751847476392584646e+00
1.419777552923835728e-02
6.192396811448809046e+00
8.080330155787573965e-01
1.546372823513065820e-01
2.045476893036865338e-08
2.565057108130661945e+01
9.412377466534172399e+00
0.000000000000000000e+00
4.884617211900994334e+03
3.683518564217194889e-06
9.534749891698165320e-43
8.302999190464634138e-02
1.100835514862432234e+02
4.293926684712683794e+00
5.155401027995506524e+01
7.296667894678755539e-01
2.988456938842591798e-30
4.819286690819239993e+00
1.262300268006489035e-01
3.667280286634863273e+01
2.666603408853658319e+00
4.081491756192278331e+01
5.274821144411762219e+01
3.884992857066035921e+00
1.803279295622168821e-01
2.471446177281863665e+00
2.753209606472432114e+01
4.747502114085207836e+00
3.989454349574423020e+01
3.915965146408603204e+01
3.539170545045445238e+01
6.559839904751817130e+01
7.278653155884792625e+01
1.690794525003670756e+01
5.157261433118340932e+01
7.544713092975753455e+01
4.700786837199588319e+01
6.673095814570650930e+01
5.049128155299494125e+01
5.302525756636649046e-01
2.715471106555841452e+00
6.978768428780729494e+01
3.192035601612144546e+01
1.512146357124275120e+01
1.490691479017056409e+01
1.160745650199100112e+02
1.994037919927210467e+01
1.214012962507171324e+03
8.514348414731451643e-252
8.918761416472413828e+00
7.015314915842774113e+00
6.326310515812205892e+01
0.000000000000000000e+00
6.320054940439385405e+01
1.577032672479700581e+00
3.605223077355414034e+02
5.742045471792612155e+00
5.718129896753919894e+01
5.144035966931560466e+01
2.603350161543749393e-09
7.346676389656954598e+01
3.601898350047956399e+01
8.172245572173251560e+01
1.182293053852056062e+02
1.461912037970523492e+01
2.423211418067130296e+02
9.352557796154963299e+00
1.067430499737801455e+02
2.068989594116801456e+01
3.023243243984213180e+01
7.127407253640167539e+01
3.238551681245561709e-42
1.518577039135278284e+01
2.420224245202579283e+01
1.574092824354557685e+01
2.895758599045128889e+01
2.901476772925344960e+01
1.658894511108532299e+01
3.183132519240560399e+01
3.446110569440550364e+01
1.326258278559602921e+01
7.374704979478769928e+01
0.000000000000000000e+00
0.000000000000000000e+00
1.484515919638963588e+01
2.180463717477432084e+01
1.111116330986599188e+01
2.663121784794359215e+01
1.094210844787516521e+02
1.830099102767385588e+01
2.996476906199303514e+01
2.056895235485783857e+01
4.759837376027287803e+01
3.443074684675153773e-03
2.099437942601575813e+01
4.014491569713819530e+01
2.306472613005833239e+01
1.398886186763722890e+02
1.596635627575883021e+01
4.160491067112345576e+01
4.932536322096884973e+00
2.056770554576355892e+01
1.338454941594736880e+01
1.642868104232972115e+01
5.107957576624801987e+01
1.544318741847270182e+01
1.604655302171171982e+01
1.181696887798608664e+01
1.135643346562650002e+01
1.176444107970476272e-01
3.800842778113087661e+01
2.849228770046715198e+01
9.350888054561096396e+00
1.041892184204964700e+01
4.380227930000306080e-01
1.726038052752366880e+01
2.063156530487000850e+01
1.542425124007881010e+01
1.613104828818560321e+01
5.157974154822394297e+00
3.807574304368519957e+00
3.475619434123925089e+01
3.584596510017974968e-01
2.184270144009386350e+00
2.797689986136606133e-01
3.121777550726271500e+00
3.597598379783923939e+00
3.356486465807090980e+00
2.788189961104136305e+00
1.058097920115293391e+02
2.392069904899835464e+01
1.678412421630689266e+01
2.167170881305850116e+00
1.513755696580737942e+00
2.911132506239474171e+00
7.691347473691460834e+01
7.215971971420522380e+01
5.097922955904063258e+01
3.077029721100210580e+01
6.705491157259320545e+00
3.000175003216658531e+00
2.549538596245997013e+01
1.092831920087725273e+01
1.266924737433785886e+01
4.359970295294515807e+01
2.990076930083515805e+01
1.246109876053500898e+01
1.839026663052897703e+01
1.638724720812352587e+01
3.329793879840200788e+01
2.314005283623454901e+01
2.107875945426233244e+01
2.021339318828165332e+01
1.245447394945647623e+01
2.849960497767966316e+01
1.474158425446323761e+01
2.087545526706369259e+01
2.882304646317079744e+01
2.853524797699155258e+01
7.819407610963816424e+00
2.061064665366321691e+01
1.705622858542287190e+01
6.467565984085736019e+00
1.788295518494757097e+00
3.589820826847520241e+00
7.748817608950304248e+00
8.681561777900403953e+00
1.295068778910700580e+01
2.378822372332391666e+01
1.700205423466338317e+01
2.598416112239424081e+01
1.006497374650353116e+01
4.972856349277366661e+01
4.162046205822119482e+00
5.437196639914457563e+00
2.982484090674038940e-02
1.311978356546391922e+01
7.803622038729925237e+01
1.174494171426010958e+01
4.386745563922017510e+01
1.429533752612985609e+01
2.558994592586020467e+00
2.357204864852437964e+00
1.278314585454061181e+01
1.259117508686493636e+01
2.282801770665193519e+00
1.541261184465640000e+01
1.042296481074029302e+01
1.727417058302828679e+01
1.535340461396410916e+01
2.277698169845442067e+01
9.428359069527056491e+00
1.180678450616165946e+02
9.245031159879218308e+00
2.458147101693058278e+00
7.190134244997165247e+00
2.528631180531099787e+01
1.001394200440864353e+02
1.259968860506262622e+01
9.151464212690832767e+00
9.495123262621141258e-02
5.761797129989029820e+00
1.635578740016172361e+01
2.047596194897434430e+01
1.488046455700243520e+01
9.358599401533270523e+00
1.569727371257886261e+01
1.510183915329577076e+01
4.505282346803615923e+01
2.655957494424117660e-01
7.194767367509834699e+00
9.541453878980864500e-01
1.137301852867982710e+01
3.595129637616322071e+01
6.732600890823579202e-09
2.865863520903910722e+00
6.163453463416344924e+00
1.022810537730564073e+00
3.424646736762419152e+00
2.226375300141014701e+00
1.448110720058691925e+01
1.283839415484340485e+01
5.496997341035531726e+00
1.413235588808733345e+00
1.640702081107666643e+01
2.216468587193791961e+01
4.400729601133166824e+01
1.532260275781733938e+01
1.215919928633431901e+01
6.828926833766250759e+00
1.827633279728983950e+01
3.647104962575387077e+01
2.199069476474114637e+01
2.068303669158200009e+01
1.894266765900683680e+01
1.840301613042553086e+01
1.872617901612675340e+01
2.066390297781237351e+01
1.619582279942446945e+01
1.121153221750587470e+01
5.613428460613680926e+01
1.375006009614014424e+01
2.785538247444603144e+01
3.517767157015183166e+00
4.097113790234293873e+01
2.094055953961152383e+01
3.705918502758686373e+01
2.907522639714139956e+01
1.085413888426790763e+01
3.054935506801084344e+01
1.919677953018523908e+01
7.613489692235442696e+00
1.321093085330587879e-125
1.624661587741947022e+00
1.607763134189994503e+01
1.825223864333670321e+01
3.674151618586803636e+01
2.804812526715135590e+01
1.130437080901331228e+02
1.394070898785681578e+01
4.402748183986687991e+01
2.028044890185305604e+01
1.534163078642860256e+01
2.994727148066207079e+01
1.324390260505467154e+01
1.815137009868880469e+01
1.496429878298020100e+01
9.483742962494066120e+00
3.433685519476139980e+00
4.017636767766178707e+01
1.015919924895282733e+01
1.385005885724258512e+01
1.380175825525494382e+01
2.035982280310962622e+01
1.364249842085399500e+01
4.201387553249050200e+01
4.226185334872772614e+01
1.758699780208115016e+01
1.167392647236302494e+01
1.494493643124260629e+01
3.097744900787166245e+01
1.378162610964043111e+01
1.650124654704035976e+01
2.369277572481998462e+01
9.387739819824195919e+00
1.498699855933177183e+01
1.400548294544684147e+01
1.172124812267478333e+01
9.499858782617961239e+00
9.081440498132836936e+00
1.099483996492953786e+01
1.088727950324896021e+01
1.023964172806408968e+01
1.291878531412546316e+01
4.250210089154480286e+00
1.880565353776550097e+01
2.371564484500726522e+01
4.358049133237910411e+01
1.025300570063457073e+01
2.311400744277081643e+01
6.421125328738592764e+00
4.970975960740110722e+00
1.249302880897609341e-93
1.509242579241439408e+01
2.132502190479459259e+01
6.365093279145806093e+01
7.932086599016784589e+00
9.677300498268486706e+00
2.659537245231542357e+01
1.523708823569915083e+01
1.607820081378025634e+01
2.368600224984341907e+01
1.306860596448754386e+01
8.371944286454776618e-01
2.431561148283819751e+00
2.593402124905209050e+01
2.927641339179387359e+01
5.807301148388451573e+00
2.353600849140248386e+01
5.720591197790736437e+00
1.109659585587170483e+01
2.076346938277606569e+01
4.616124180378948227e-01
3.563283089133433279e-01
1.185380870727977376e+00
7.516445008707624886e+00
1.280466301662487982e+00
7.769581954081267838e+01
2.463432934252538686e+01
1.253570238359090361e+01
3.845389473806246627e+00
3.907944295750019670e+00
0.000000000000000000e+00
1.259108440738333501e+00
6.119102025550431367e-01
2.369665665945145605e+01
1.309360039158590716e+01
1.256868349711475297e+01
1.618719039009784666e+01
1.078489930565404009e+01
5.700504951884819427e+00
1.849164686977909611e+01
9.785160836315712984e+00
1.488023156978671935e+01
6.231256106880633361e+00
1.946674259260007034e+01
2.367155022003941056e+01
1.485223001532105691e+01
1.146042875817847317e+01
1.313552381616890052e+01
3.009908197696029930e+01
8.723892337022478571e+00
6.814555755488580502e+00
5.913935428393749305e+00
8.568992736182071468e+00
1.147816086827448423e+01
1.095173913699148649e+01
1.006054342621427544e+01
1.232251479625250745e+01
8.936037709396480011e+00
1.290949287785534771e+01
1.263319546966874363e+01
6.644218349896961229e+01
2.372874220730764350e+01
2.239436100149028164e+01
1.149986123479182432e+01
2.029721455148310127e+01
1.366773364818666003e+01
2.542766293427210300e+01
1.506655787626863940e+01
2.211423139732589505e+01
1.769273347806735686e+01
1.286883259714883643e+01
2.340029494450808656e+01
1.744831953627549481e+01
1.087145661505018346e+01
1.702168159385630375e+01
1.050871056797266512e+01
7.034012912307541399e+01
1.126088589909937099e+01
2.553178570870456632e+00
5.763038575836806565e+00
1.787985470861957538e+01
7.576791953286670989e+00
6.598649700527892570e+00
1.542714291042180896e+01
6.484701930581267426e+00
1.724903899697102716e+01
2.865614727630205749e+00
1.325216391696561580e+01
1.210448945257439313e+01
1.125277978386051991e+01
2.089936692053053591e+01
8.070898433961788687e-02
1.484062069632354941e+01
1.655042847106362203e+01
1.287309986911265014e+01
1.794669940729066582e+01
1.789412984186435907e+01
9.524649633872044774e+00
2.421844688010773794e+01
1.234141047161859817e+01
1.660639256102816219e+01
2.752928498172239813e+01
4.771192517980566663e+02
1.349690367167654781e+00
1.467461177887010706e+02
4.403129969307267662e-34
1.203630625247138575e+01
4.639729807354189717e+00
5.081256197777117567e-01
3.758973777601284372e+00
1.283472852482508308e+01
8.910571135799388642e+00
1.143814506539281162e+01
3.711131062621960552e+01
1.114692731665632408e+01
3.203260759675667657e+01
1.203292349075807834e+02
3.814925192409397425e+01
4.562673084442832305e+01
1.172188758575760659e+02
2.172087317738544527e+02
2.145849948610670310e+01
1.933583799645434098e+01
2.361992727843095707e+01
1.408181231416487655e+01
1.727789067826255964e+00
1.329431203670878858e+01
1.626050154658891955e+01
1.181557193986293584e+02
4.916417588460615917e+01
1.554462286136300087e+01
1.495830639352830538e+01
2.166384321443247174e+01
1.901172173826123080e-01
1.111342021316370854e+01
3.469926961304599189e+01
1.925930048506226200e+01
1.257271839775156330e+01
1.581433119626889550e+01
1.498672883299816405e+01
1.222794427054427224e+01
1.213144432087432634e+01
1.470096341201781165e+01
1.730617813499663882e+01
2.370767162608152123e+00
1.074687252566515028e+01
1.259371837287304707e+01
5.293838487674444337e+01
1.387792623836579331e+01
3.270291513573618403e+01
6.795798277449868863e+00
2.730813746678252496e+00
7.522654893336548909e+00
6.477936084493794766e+00
4.668033679658012858e+00
1.043718474755843495e+01
1.200251848000237098e+00
1.690905014142104701e+00
2.062872320760283262e+00
1.601542385047322270e+01
6.140673038665688921e+00
1.466327973192774747e+00
1.091391275538669348e+01
1.024344655458994069e+01
1.138655567105640998e+01
3.563624695826734801e+00
1.823817560327342946e+01
1.313486691658356165e+01
2.241187369899437343e+01
2.264504714022974241e+01
2.942801714900659604e+01
5.994761097513761428e+01
8.006119682401568127e+00
1.128798044675249734e+01
2.578114034156578853e-25
1.438849522008949045e+01
1.621218784253823131e+01
7.749598381645206757e+00
1.405792585967999031e+01
1.048954859241401927e+01
1.368220379755553395e+01
6.314628556668210990e+00
3.150761318952332601e+01
1.452939839288222146e+01
5.429932832687720179e+01
1.126677510319716025e-01
1.706090860642498797e+01
1.671189903260457399e+01
6.793718136547173003e+01
1.296712267942432391e+02
2.755761938326821081e+01
1.464402683611020883e+01
1.145201378000738934e+01
2.448296412145720069e+01
1.430365658904316462e+01
9.355193442435762563e+00
3.801883092037032785e+00
2.548012287267254905e+01
1.159037911748800376e+01
1.368599932962944576e+00
5.912650345252981055e+00
9.655269871465106846e+00
1.722419999964864346e+01
1.748623342789922930e+01
1.604586671120046759e+01
1.268984061799341134e+01
7.883695944174246684e+00
1.162566474741693590e+01
2.255994602663842841e+01
3.626381432481738276e+00
1.086219754544973526e+01
1.021134754539111356e+01
1.024201952814838634e+01
1.922809150851119142e+01
1.097285495683781598e+01
1.542743850342654888e+01
1.371126485369843273e+01
1.291189366081564671e+01
8.781768459789387293e+01
1.221314224048940567e+01
2.975803954480375069e+01
1.348350573044766065e+02
2.153307353460132134e+01
5.743505508607972132e+01
2.080956610939836701e-200
2.662094345899805383e-60
4.759269569534860967e-38
4.835468299509528265e+02
4.473925419112043045e+01
1.973439946386009676e-202
1.578938642239728900e-05
1.140576021884462252e-09
4.924072715002827039e+01
2.109072184202375411e+01
1.538038206732494295e+01
2.130914689758601810e+01
9.597742205470763110e+01
2.296581330477095761e+01
6.038842894701775066e+01
2.559746348962251972e+01
1.260809842836338390e+01
1.481143620971189456e+01
2.734339723462000649e+01
2.497662698181439467e+01
1.858352787788790295e+01
1.888379100891831541e+01
2.898882920248275497e+01
1.179033024568081345e+01
5.005179021579360210e+01
1.912036319714729743e-146
3.600566131792992173e-22
4.419286913746908851e+01
1.688500862118489820e+01
1.705398367792508552e+01
2.489281366611333368e+00
1.400727133341838382e+01
1.900053987067398253e+01
1.719615599916328463e+01
4.166207566377421756e+01
2.029522761757237959e+01
2.859467704129040655e+01
8.856426041949615069e+01
3.491018873281055335e+01
3.748118488663435954e+01
1.511176532540809703e+01
4.255387213070582320e+00
4.150640116413077152e+01
3.552950025359846276e+00
1.170138028231515825e+01
9.717321932104269422e+00
1.012854172051956780e+01
1.207805655130087308e+00
1.258009149611615740e+01
5.079244848723426742e+00
1.323990683171662042e+01
1.418082876380393387e+01
1.264575167973497827e+01
4.480724606165966151e+01
1.536991358222454629e+01
2.638454225897733352e+01
2.215223362363335013e+01
1.901216445053042747e+01
1.730621152763097470e+01
1.318608652056029840e+01
1.157873370192435658e+02
8.370108365477872781e+01
1.348332988896825100e+03
0.000000000000000000e+00
0.000000000000000000e+00
0.000000000000000000e+00
0.000000000000000000e+00
0.000000000000000000e+00
1.886174518620730680e+02
7.040175740495068624e+01
3.368443661356487207e-01
4.009569693927013567e+00
4.672142333009741577e+01
1.613591463528230463e+00
3.564529112969895408e+01
3.545352781438241152e+01
4.455078026663727358e-294
0.000000000000000000e+00
0.000000000000000000e+00
3.376553017788369027e-200
0.000000000000000000e+00
0.000000000000000000e+00
9.849575928669755247e-203
3.001183820472955688e+01
7.430243526245559060e+00
3.910686284720350869e+01
9.077554471842525174e+00
9.936209721894840641e+01
1.138894933860215986e+02
2.753826434022893288e+00
4.057608007139716535e-04
9.536998527899639555e+01
3.281527833154567730e+01
0.000000000000000000e+00
1.454045995326500673e+01
1.005874682486938525e+02
7.825507389811409098e+01
5.631820386586806393e+01
4.170821611782218241e+01
8.233379955015794849e+01
1.935742283646447959e+01
2.472007630531351197e+01
8.981505646666100517e+00
1.025013657995992313e-25
3.441757350313068287e+00
6.079053214946972261e+00
1.594959087526029151e+01
7.156477549509440456e-05
5.575437394648312761e+01
1.550314533286462826e+01
1.764299655224031227e+01
1.186927613092173139e+01
2.439087487267059373e+01
7.338963717023058719e-02
8.416191526565429015e+00
1.090665106155557673e+01
1.822680200152787933e+01
7.974277483306703829e+00
3.475883171998769683e+01
3.027312212850828388e+01
1.181232051982063247e+01
1.879007332406246888e+01
2.912201562796370524e+01
1.846360309916833842e+01
2.922405395622357815e+01
1.535784494559562141e+01
5.793079033003587597e+01
2.261195168215051581e+02
8.105994056800940540e-09
1.579365802556742437e+01
1.925868346131608746e+02
1.878020169576949527e+01
1.660874955124405616e+01
2.591891778539736890e+01
1.980084067004558079e+01
3.708814555635480303e+01
1.576332636590698932e+01
1.446848678814252480e+02
2.221992536494896342e+01
2.586493870729544042e+01
1.890345893195347315e+01
1.789932693879492831e+01
4.689550327428305110e+01
2.021447057767194622e+01
2.389584507455519713e+01
1.485786744452771835e+01
1.294979802503774806e+02
3.209663191016324504e+02
4.586153613606986568e+01
1.697086126540699524e+01
2.934392119671720423e+01
2.684737513262498609e+01
2.582453012950417204e+01
1.951368659374236714e+01
1.713869259857064264e+01
2.776177104645793392e+01
1.544629999332896375e+01
1.519695120438277414e+01
1.567402927933959056e+01
1.373617799785707838e+01
2.873027328477048314e+01
1.597068992224950357e+01
1.335851431286798174e+02
1.517495851377430327e+01
2.407645065621675684e+01
2.461460782643576550e+01
2.443287560332008113e+01
1.452618393900277205e+01
6.372443130072101525e+01
2.308544343623324835e+01
4.008149791775554860e+01
2.304202198747057295e+01
4.727042838053694140e+01
1.597217553409818791e+01
1.179618677787162540e+01
1.766866806600779682e+01
3.187812739505429604e+01
2.538882030729788042e+01
4.763681867233614753e+01
2.418336222254129098e+01
1.617178325885305057e+01
2.665103963497393735e+01
6.996770081297356114e+01
3.160721856219963044e+01
1.368607462697409183e+01
1.738650159529059636e+01
2.591042903264014186e+01
2.072190920426878691e+01
2.215282412980163329e+01
1.491104214951667339e+00
5.051876885907111614e+01
2.182964324872538953e+01
1.784663622356872281e+01
1.462146576726820157e+01
1.491584574309594302e+01
1.713000717457756394e+01
2.808550281404432880e+01
1.670310447195029369e+01
2.382416694523602985e+01
1.613332225467015135e+01
1.984426300831214718e+01
2.109926509881358569e+01
1.474057538147400770e+01
2.301091920604219609e+01
4.481915172275323300e+01
4.018360116511943403e+01
1.237593527816062000e+01
2.018178948764066050e+01
2.767380409144828590e+01
1.549313218231251099e+01
6.096893051929551177e+01
2.448751765505518918e+01
4.342733710219261667e+01
2.238162432824385562e+01
9.826622358902220356e+01
2.735282584561895902e+01
2.031677699084166022e+01
1.297989619778738835e+01
0.000000000000000000e+00
9.998696144115729822e+00
2.315044601267974045e+01
1.628359445703665997e+01
2.736329054745657530e+01
3.065329522709306787e+01
2.644458043113843360e+01
9.431335215534933525e+01
2.308190443827513860e+01
2.879192439264685266e+00
8.023146393965488699e+01
2.643326251237186675e+00
1.161799034007724885e+01
8.937513154510127178e-01
9.878354605303441005e+00
1.472259233120343680e+01
1.721699027731441234e+01
1.513802732258112371e+01
4.874871891048901773e+01
1.163134090826935108e+01
1.322219473828203284e+01
1.980284485234480840e+01
4.137286629003384064e+00
0.000000000000000000e+00
3.163908726403112937e+01
2.303397842349596303e+01
1.425457133188620773e+01
2.598579828506245804e+01
7.961901806172464013e+00
6.613749125476144286e+01
2.675683899634546492e+01
3.453900615869934132e+00
1.490581037344131055e+01
2.051753370135769927e+01
1.239086177987588400e+01
3.714413208822374202e+01
2.093845325053641204e+01
2.355836192326810519e+00
1.357623806613687534e-01
3.318814238155463947e+00
1.634621179039830396e+00
1.331146407215252658e+01
1.270164611368581653e+01
7.331220761685896647e+00
1.992763159137176388e+00
7.296663048085399339e+00
8.869203013811834957e-01
7.448844057562729937e+00
1.351860959394478279e+01
1.282249958992208327e+01
1.420221406896989835e-01
1.714231553328333391e+01
1.521620912428034655e+00
9.804808001021395114e+01
1.181444784663053404e+01
1.346362951261823859e+01
2.455857022455735716e+01
1.984695925949049866e-01
1.258200786833785223e+01
8.676867475412485931e+00
6.447583098769293919e+00
1.325199787326208956e+01
8.541702755188566698e+00
4.024291326647284617e-01
1.774064343777518715e+01
8.588202903224978257e+00
2.642702960705795334e+01
5.364136893309193965e+00
7.445952385818226382e+00
4.261131073032991878e+00
1.457806157456141527e+01
6.477814221096708154e-06
4.951448262795691946e+00
3.127559612499002828e+00
1.445809673748561686e+01
5.002907067355572224e+00
1.253144223885005282e+01
6.947296859499329180e+00
1.277728224081376851e+01
3.045291528185823715e+00
1.174880639138339067e+00
3.122981932192948396e+00
1.758151308842899940e+00
7.375605580552313079e+00
1.560483315012580441e+01
1.525166526663698363e+01
3.002528972951797215e+01
2.291746035828267125e+01
1.290623215080300668e+02
6.924903880119231303e+00
1.229218568377326015e+00
2.467489719548868266e+01
1.360333155428266038e-204
1.742346721698851297e+00
2.324870682583597414e-01
1.246318928692523142e+00
1.122497408610409586e+01
3.672896940211424766e-01
8.505510019513796705e-01
3.752747226840028105e+01
5.935321978653045782e+00
6.136543198310899783e+00
2.459722964225690589e+00
1.880028414806458414e+01
1.173771083285752148e+01
8.407630989032336410e-01
2.369198257866096924e+01
1.332235856749383718e+00
1.052566684719393950e-02
3.802410439419434240e+00
9.495340801897951266e-01
6.071721794811886674e+00
6.813272654518924998e-05
0.000000000000000000e+00
3.271649313281599358e-01
1.509813386211254298e-31
5.344345755958379386e-10
0.000000000000000000e+00
1.799395922105937728e+01
8.717369193844447750e+00
6.788143754218208592e+00
2.536937352350343744e+01
2.770199916590385114e-01
1.421837806168696616e+01
1.881481548145002236e+01
6.535264252055934087e+00
1.611557910254981962e+00
7.836923638842459461e+00
3.717560523458845267e+01
1.132844484764312237e-01
2.479266603838882332e+01
1.692361616820561965e+00
1.243684918354627911e+01
1.824837797441698228e+01
1.168523284179963362e+01
1.417928492087577119e+01
5.080695316854681920e+01
1.535884378517278392e+01
5.289162030979175810e+00
1.984994209739260285e+01
4.093781295663270647e+00
6.899104786394194555e+00
4.801285813918209300e+01
4.136151926646174104e+01
1.906974002077186015e+01
3.480498352616368862e+01
1.635091780607466205e+01
1.719478472416249915e+01
1.567402472489548160e+01
8.102007005546651541e+00
1.671745715778119479e+00
2.965645613896512600e+00
2.094695266193205008e+00
1.632493279607869852e+01
3.771077929575292025e-03
5.210359696786848183e-01
2.942084258969462134e-259
2.126813055777449080e+01
5.763581592890471006e-01
2.295237811698932262e+01
1.623781659982338255e+01
1.335438914369752705e+00
8.466086662788614436e-01
2.012195340174183045e+01
4.073368852485367286e-01
4.133236745338830787e+01
1.772735547141705142e-02
1.028839115649603997e+01
1.458673774746401719e+01
2.395045744453989656e+00
4.941446672152691377e+01
1.665684528057542479e+01
6.141399993304924365e+00
2.055264125276893239e+01
8.929729469601821279e+01
5.496578815580287491e-01
1.192009860482293321e-01
1.187005421210427653e-01
1.248664398183516155e+01
5.581228324965168497e+01
3.667671736670579996e+00
2.154974308734866639e+01
4.267548364616795986e+00
2.077507756698777541e+01
1.678200220197176407e+01
1.531680445821113601e+01
2.250092147109405261e+01
3.680875954410647211e+01
1.256619272818707111e+00
5.627638963602682765e+01
8.347006544531937466e-01
1.106227845637550028e-01
3.356202658048597698e+01
2.523300141787878204e+01
2.790595107624919535e+01
4.273974048000687276e+01
7.872896289397063185e+01
3.960837531561596792e-01
3.737138905384455216e-04
3.466639485485024236e-03
2.778044533646094383e+00
6.561572242888151777e+03
8.780400649759730669e+00
2.335362926978838516e+00
4.241875381809107060e-01
1.802514645284535888e+01
5.215964142726593700e+00
1.937557773374772907e+01
1.421892527094770564e+01
1.391778825300976230e+01
1.386307656844082281e+01
2.082880572930402518e+00
2.633414842720499305e+00
2.472768080410925606e-01
1.278857648494567201e+01
1.112202579303275130e+01
3.142624942255665133e+00
1.560367989612458572e+01
1.028558095429712438e+01
5.647507980062988509e+01
7.113105752783637570e+01
2.843845678184381276e-02
7.861019031378270938e+01
0.000000000000000000e+00
5.267056720410427495e+00
5.305774306696691838e+02
2.417396793427780745e-10
3.131037363339569178e-215
3.205887636331991075e+01
1.160160052010661635e+00
2.065617351006258318e+01
4.771210700984747923e-47
0.000000000000000000e+00
6.000961130088575146e+01
3.751475062668749860e+00
2.005697292732487114e+01
7.830448796763194354e-279
7.784541233187095566e-01
3.135259611053217202e-65
0.000000000000000000e+00
4.984292989182156575e+00
6.840384400755937169e-124
6.199699744618141180e-249
1.330358750992273187e+01
1.000973966135396580e+02
4.591384412171820002e-73
0.000000000000000000e+00
2.624705570353368041e-49
7.788535108705475605e-12
1.479103651134217579e+01
1.073083692937986555e+01
3.199711674894969229e-07
1.320718244027539567e+00
2.593788393485972321e+01
1.161422574308875255e+01
4.067259581214906955e-17
2.555694302090756746e-166
0.000000000000000000e+00
1.079603921428511626e+02
4.081540352128506584e+02
1.474022666931953940e-01
5.284163584279326255e-07
7.730004019738716536e+00
9.316010008929997439e-15
2.522893379307813433e+01
1.726522598161665201e+00
2.955039386931147760e+01
1.658405439726467989e+01
1.155221789124210829e+01
8.248448643653026910e-24
3.685061204920227151e+00
2.554722451069651790e+00
2.143882277165270978e+01
2.284082650552413796e+01
2.309173272905495722e+01
2.571174921555729753e+01
9.873438949510948248e+00
1.419874546819040262e+01
1.341459229972573297e+01
1.177474356759537244e+01
1.816839921632892185e+01
1.186271770635651819e+03
1.712303206117969934e+00
1.652975832546899937e+03
1.030063154051955012e-30
1.593803261138658854e+03
1.821340740006074839e+02
7.836094970671432236e+01
7.330184120104121348e+00
1.400301869709747280e+03
3.970516663304066163e-01
6.802281253467318720e+02
2.673484484869035441e+03
2.268451131074079186e+01
8.527153646377779950e+00
0.000000000000000000e+00
4.339578981559889144e+02
1.972551523179160283e-191
2.695792727226749776e+03
8.569197162819771618e-01
6.975907830463094683e+01
8.411403526254198937e+01
1.874453256047545224e+01
2.505266264676688337e+01
1.369251876774570498e+01
1.416972417565645515e+01
3.969539583505413560e+01
5.740401183170676092e+01
1.210149337910085698e+01
1.205761297970931523e+01
2.483103476464433523e+00
1.569519668746444196e+01
1.794175888053519330e+01
1.051654329936964061e+01
1.274316394638681960e+00
2.569248716265170884e+01
1.352230032619013578e+01
2.804481394607018174e+01
1.012263863812518494e+01
1.137342805882327745e+01
1.028628903447461695e+01
3.509286672464625223e+00
1.300540158776916222e+01
1.057755170159958347e+01
7.642248810328949205e+00
2.839753635328172621e+01
1.326800058269470561e+01
2.354061952535343138e+01
2.144444074354139218e+01
1.187470551724490875e+01
6.139609838089469918e+00
1.720667550711237936e+01
1.127132019980192297e+02
1.423405497310530166e+02
2.947782527121614748e+01
1.756809872364635439e+01
4.043092980935772829e+01
5.867631878965791532e-03
3.601431267221585131e+01
4.634595385183225622e-15
2.274633299231033234e+01
8.305271694940129734e+00
2.974275810450138806e+02
2.532108197041650399e+01
3.744011193863813958e+01
2.440877010809168368e+01
1.243904336775675823e+01
3.270524503751918388e+01
1.668204051407914790e+01
1.242526834990837337e+01
1.668786603263143675e+01
2.344140007740245935e+01
9.778888523786458009e+00
1.121428557194767350e+01
5.477969550298141144e+01
1.586553230478354948e+01
2.008987499090504869e+01
1.132098952405240411e+01
1.916873857197803233e+01
9.256241833589763601e+00
1.951147674397619980e+01
4.916248756127516373e+01
3.840172370355946896e+01
2.217930409476015274e+00
2.081645607741679882e+01
1.526472049210364013e+01
3.414880779048573345e+00
9.366720560763737158e-01
3.262173193623569278e-01
5.662378554518750384e+00
1.469901868686357105e+01
1.414572362626523727e+01
6.917811681906813170e+00
2.172123697760629923e+01
7.794609439523296324e+00
5.745952623670721238e+00
1.471606252655566749e+01
2.524994131659926921e+01
2.086350962459058422e+01
2.960096772502687656e+01
1.250898157508104269e+01
1.094645133980469431e+01
3.519690397423084249e+01
7.089801153914236487e+00
4.311201377184501027e+00
1.431669463000362974e+01
2.143075391154719611e+01
9.550038534578664695e+00
7.270566915122705609e+01
1.509183181553665420e+01
1.410371752213651675e+01
2.523158217876066800e+01
1.795293298564322626e+01
1.325583574446200785e+01
1.241551060074440116e+01
1.094062131014779737e+01
2.093517759142019230e+01
1.404825531997613375e+01
1.226038486691707341e+01
1.256288426340909403e+01
3.528353816505146767e+01
1.673297863135739050e+01
2.877886831734516448e+01
1.614210861337349456e+01
1.780776453146546201e+00
2.132279563833646918e+01
7.669948034879793397e+01
4.100644021737898726e+01
4.856106314306210834e+02
2.059844698750660541e+01
3.903163697434302293e+01
1.769742555936113604e+01
1.893252353320477255e+01
3.518942795403243622e+02
6.893494455059643311e-01
2.947368960035192487e+01
5.781700448534820945e-88
3.099848301464675145e-62
1.356936723314176619e-168
1.214775315221421792e+01
1.280440001299152470e+02
1.791027222349898850e-03
2.232293407968337462e+01
1.049912266107136702e+03
1.823281537241940384e+02
2.053496279291385207e+01
3.315111917276614584e+00
2.908373269457298704e+01
1.422080212672768518e+01
3.558387565413069442e+00
1.139070052376002629e+01
2.748676566560414969e+01
6.062619104858899099e+00
1.433767993879918023e+01
6.191314905100078647e+00
1.162587646995446584e-88
1.525398789493564664e+03
1.617424150324103360e+00
2.883120872147939195e+01
2.339564964358447412e+02
1.726964857719718438e+01
1.018927870633329213e+01
1.888459136929075655e+01
5.296548464909073317e+01
1.972413128751358613e+01
1.769537817716441452e+01
1.558971073197945678e+01
3.473301950661941806e+00
1.005730312242980418e+01
1.822221618878770499e+01
6.918843580944537663e+00
2.083359563166005302e+01
1.111938120475597316e+02
1.818511847828899306e+02
5.482925044182353957e+01
1.107067378245271705e+01
6.860928306303367208e+01
2.448972081396524558e+01
6.834888244312115546e+01
2.676893738882295892e+01
3.021632329887467350e+01
9.578546056234586104e+01
1.110466752529208101e+01
2.508802128154017197e+01
3.523684239419343811e+01
1.825879032364143484e+01
3.332877631822209707e+01
4.498662382755340161e+01
7.103631771952351182e-01
2.136781731672338580e+01
3.070477219824546111e+01
6.792314606884196510e-138
7.215239313841910196e+00
2.604052746687441555e+01
2.888165014526052587e+01
2.623111294240916891e+01
2.468347681756101153e+01
3.222056617683948332e+01
7.099097220639882266e+01
5.055100342147051862e+01
1.597717642225894252e+01
9.647012964051112860e+00
1.589917698059752027e+01
3.903274062478904227e+01
2.386359663558987165e+01
4.498924939778341070e+01
2.943547054377614245e+02
2.744088531240049633e+01
2.933593641708896627e+01
2.155535802832232051e+01
2.233583915435853839e+01
1.605895987946972525e+01
1.915856484578415220e+01
1.197731318950981283e+01
3.956640336691467041e+01
5.100321935437462173e+01
1.255489874441991383e+01
2.250163807052209108e+01
7.949408990366841010e+01
2.557827969644436905e+01
4.905455250389017863e+01
