# residue i_ratio gamma_2
1.000000000000000000e+00 nan nan
2.000000000000000000e+00 8.295567755124242382e-01 1.835397658777410346e+00
3.000000000000000000e+00 6.619640382467617545e-01 4.449175895133945069e+00
4.000000000000000000e+00 6.309081944888119686e-01 5.067040464706107805e+00
5.000000000000000000e+00 nan nan
6.000000000000000000e+00 4.234421171082284885e-01 1.112877393861789344e+01
7.000000000000000000e+00 7.417683239520934668e-01 3.073281813965340170e+00
8.000000000000000000e+00 7.324252139498882430e-01 3.220563966698426484e+00
9.000000000000000000e+00 9.250399202157141287e-01 7.315497809273691088e-01
1.000000000000000000e+01 9.410920299841029069e-01 5.659822084616283888e-01
1.100000000000000000e+01 9.450601173228775354e-01 5.258423230588898933e-01
1.200000000000000000e+01 9.448496937640314952e-01 5.279632020454018138e-01
1.300000000000000000e+01 nan nan
1.400000000000000000e+01 7.701170361057638747e-01 2.645965356737266738e+00
1.500000000000000000e+01 8.329022749793399960e-01 1.792872553715241679e+00
1.600000000000000000e+01 nan nan
1.700000000000000000e+01 6.741335373541188503e-01 4.220780981811953048e+00
1.800000000000000000e+01 4.713984319690128211e-01 9.324791297975304261e+00
1.900000000000000000e+01 2.501619702799612877e-01 2.206054952442145733e+01
2.000000000000000000e+01 7.403871631928542196e-02 6.238093231694286089e+01
2.100000000000000000e+01 3.929490172803959402e-02 9.171100655886868935e+01
2.200000000000000000e+01 1.912001491456074426e-02 1.310494292968468244e+02
2.300000000000000000e+01 nan nan
2.400000000000000000e+01 nan nan
2.500000000000000000e+01 9.025352504938174980e-03 1.775993981428098323e+02
2.600000000000000000e+01 1.001334226887460321e-01 5.035662050465998618e+01
2.700000000000000000e+01 1.761083265613807569e-01 3.145741994232856698e+01
2.800000000000000000e+01 2.053155731451486721e-01 2.713181218326458577e+01
2.900000000000000000e+01 3.371783554064186061e-01 1.541983930298784422e+01
3.000000000000000000e+01 4.353171904515624191e-01 1.065085774279034325e+01
3.100000000000000000e+01 4.833882418458881336e-01 8.921601610488576029e+00
3.200000000000000000e+01 4.488812093584065299e-01 1.013118719671674128e+01
3.300000000000000000e+01 4.598242005454930559e-01 9.730919667465949274e+00
3.400000000000000000e+01 5.919310476091104167e-01 5.922390312237834742e+00
3.500000000000000000e+01 5.081823892397531184e-01 8.139700742935627176e+00
3.600000000000000000e+01 4.307002900799826728e-01 1.083402825672769332e+01
3.700000000000000000e+01 4.963045105037207638e-01 8.505932809338370149e+00
3.800000000000000000e+01 5.462328619973807475e-01 7.059394586311207753e+00
3.900000000000000000e+01 6.760315153301647007e-01 4.185815062620648064e+00
4.000000000000000000e+01 4.266854941187775418e-01 1.099602142137865712e+01
4.100000000000000000e+01 3.963055182101883900e-01 1.231036370242625289e+01
4.200000000000000000e+01 7.166271233982147715e-01 3.477358540258837838e+00
4.300000000000000000e+01 7.752377533561931600e-01 2.571759803825572455e+00
4.400000000000000000e+01 nan nan
4.500000000000000000e+01 5.550773539400678525e-01 6.826685322175976900e+00
4.600000000000000000e+01 6.281800295785039401e-01 5.123877683921134185e+00
4.700000000000000000e+01 7.899607480010183425e-01 2.363208754199479511e+00
4.800000000000000000e+01 6.032127604939946375e-01 5.664884562149151925e+00
4.900000000000000000e+01 4.846743267813155009e-01 8.879365334857343584e+00
5.000000000000000000e+01 nan nan
5.100000000000000000e+01 7.770088080202290914e-01 2.546298710736736748e+00
5.200000000000000000e+01 nan nan
5.300000000000000000e+01 nan nan
5.400000000000000000e+01 9.570173470152055772e-01 4.067190848381961321e-01
5.500000000000000000e+01 9.713420044153052713e-01 2.675296112919653413e-01
5.600000000000000000e+01 9.810799040927690173e-01 1.750252375801438220e-01
5.700000000000000000e+01 9.830511455415373856e-01 1.565030289614294245e-01
5.800000000000000000e+01 9.748643326248910279e-01 2.338750980877229990e-01
5.900000000000000000e+01 9.546006192729753481e-01 4.305766222617324335e-01
6.000000000000000000e+01 9.507378565663276992e-01 4.689382905076192043e-01
6.100000000000000000e+01 9.591954307739515295e-01 3.853111687430322840e-01
6.200000000000000000e+01 9.692389118202179299e-01 2.877301162854623562e-01
6.300000000000000000e+01 9.658352288321243595e-01 3.205927496272844568e-01
6.400000000000000000e+01 9.591558436173612812e-01 3.856994726427888653e-01
6.500000000000000000e+01 9.537488615220311994e-01 4.390112542455658073e-01
6.600000000000000000e+01 9.010315211429287263e-01 9.891520591738729440e-01
6.700000000000000000e+01 nan nan
6.800000000000000000e+01 8.056143637675827751e-01 2.148982006093723474e+00
6.900000000000000000e+01 6.822286819832309446e-01 4.072844451702489543e+00
7.000000000000000000e+01 3.719602485462055186e-01 1.349149483659642001e+01
7.100000000000000000e+01 4.104065476655149869e-01 1.168003469594750499e+01
7.200000000000000000e+01 nan nan
7.300000000000000000e+01 8.679466586800483885e-01 1.365220995466541076e+00
7.400000000000000000e+01 nan nan
7.500000000000000000e+01 9.263829240053023106e-01 7.174978556203118751e-01
7.600000000000000000e+01 9.747517164777297349e-01 2.349476720557349685e-01
7.700000000000000000e+01 9.828833875361359107e-01 1.580766813367441570e-01
7.800000000000000000e+01 9.885015037742801436e-01 1.056411405214857935e-01
7.900000000000000000e+01 nan nan
8.000000000000000000e+01 9.939693798026555394e-01 5.512743073480596417e-02
8.100000000000000000e+01 9.954631614610857104e-01 4.141558063477501078e-02
8.200000000000000000e+01 9.958183557690212240e-01 3.816067700971050025e-02
8.300000000000000000e+01 9.953166283279533122e-01 4.275898817241013256e-02
8.400000000000000000e+01 9.959012510949701857e-01 3.740135194910819416e-02
8.500000000000000000e+01 nan nan
8.600000000000000000e+01 9.954026601436156696e-01 4.197020955185176011e-02
8.700000000000000000e+01 9.973532090174789255e-01 2.412003762547142161e-02
8.800000000000000000e+01 9.980491297597109401e-01 1.776683728902609533e-02
8.900000000000000000e+01 9.980186058090884105e-01 1.804532692925963494e-02
9.000000000000000000e+01 9.979410214022759185e-01 1.875324940690826711e-02
9.100000000000000000e+01 9.975842759638898771e-01 2.200968352539725906e-02
9.200000000000000000e+01 9.969892826539491493e-01 2.744561914426371652e-02
9.300000000000000000e+01 9.958728793383898603e-01 3.766122557568495760e-02
9.400000000000000000e+01 9.920584586361079760e-01 7.272326559686856373e-02
9.500000000000000000e+01 9.729077053003623021e-01 2.525425138537933933e-01
9.600000000000000000e+01 nan nan
9.700000000000000000e+01 9.924586455434710741e-01 6.903320973910569147e-02
9.800000000000000000e+01 9.952251367997037024e-01 4.359796050286597613e-02
9.900000000000000000e+01 9.946727463987432571e-01 4.866634361935703867e-02
1.000000000000000000e+02 9.895288514129558788e-01 9.611136313862690683e-02
