4.423937497418108222e+01
7.182490309057625079e-06
8.457043607692408260e-01
6.138263724803822541e+00
1.143999358273815915e+03
1.231445958571126624e+02
7.730911645001385946e-01
1.686131858949921680e+00
8.873939755883315073e+00
7.914801942535964585e+00
1.183797158710440733e+01
1.180065989329188596e+03
9.682594233415207441e+01
7.299491516003528524e+00
1.671486975660966712e+00
8.712235221840207089e+01
6.385259855716396871e+00
7.275004301481820903e+02
3.741652414586491204e+01
1.160966353776373694e+00
6.333369960128738541e+00
7.484077168759106335e+00
4.326738567702484772e+01
3.299284302070422115e+01
2.698621212716226481e+01
6.138861852546549258e+00
3.013040924053928649e+01
5.262769355792169534e+01
1.739370005721031589e+02
5.454320471942722293e+01
8.010505386199067625e-06
4.945577421517672434e+01
5.978466288975605494e+02
6.196355666128107487e+02
4.301044733519407259e+02
1.479659118755735562e+03
2.699350329429427778e-198
1.663424921135383102e+03
2.422041597239980320e+02
1.505779347087887174e+02
7.732060969893762872e-65
3.379746905662187821e-08
4.379944085689423332e+02
4.892693185506728402e-05
3.158798924196938973e+00
1.968121761268871751e+03
3.788624780994995831e+02
7.588514040346999536e+02
1.053864895532617766e+03
2.847050001283508209e+03
1.421698811202623574e+03
1.296764337663232736e+00
5.728485229929116258e+02
3.594517881458801639e+03
6.987048826055934731e-06
2.118672440130050290e+03
1.881149300136654290e+02
2.261093329828627874e-01
6.565660356386225430e+03
1.004933855796546795e-34
2.172829852737800191e-25
1.058486988669107669e-02
1.644486503543882039e+00
2.515112000393875814e-24
5.890896384362073954e-41
3.603070002304669547e-100
1.832206091700098796e+02
7.782269721777349787e+02
9.298958579581001231e+02
6.433615616971495399e+01
2.116133701862520766e+01
7.176869510167095711e+01
5.202813406767222659e+02
4.554814469601887481e+02
3.177393911160449846e+01
3.891196305286984125e-02
9.507080622522865951e+02
1.833864162091376215e+01
3.920253935371188618e+03
1.227317785088567632e+02
2.461954542340400621e+03
2.942411898212077404e+01
7.213739741800908405e+02
8.617754499884931647e+02
2.891261482627965930e-43
1.239876078857685343e+03
9.109194550228698972e+01
2.295730539832441536e+03
1.038850447660337068e+03
3.401697139274362485e+02
6.664498028134930792e+03
2.749136387996858389e-04
2.284080068866654187e+02
2.976834280839199209e+02
1.566749841172070592e+04
2.053924043536228965e+03
1.626902193919593401e+03
1.848431903986842192e-41
8.775300544587842069e+02
1.495268925072782395e+03
7.974272545482406769e-12
2.887462269050785721e+02
2.150736049373327035e+02
1.474814398227425272e+03
2.876443543794015568e+04
1.444691424289203860e+04
2.366038330134410330e+02
8.466503250545001635e-02
1.185589813399093515e+02
9.494818006581229497e+01
1.327352798231836495e+00
1.626190299251451324e+04
2.889053963356716493e-11
1.156286802724632735e-11
6.819709503500631627e+02
1.674247525218189594e+03
4.752852929908150904e-09
8.283509216157240118e+00
2.204311513518010543e+04
4.743460243117177697e+02
4.310796593123626216e-24
1.663341409993164674e-04
2.027533680067728028e+03
1.159065206903729631e+03
7.973465292140303973e+03
2.066868537398883927e+04
2.741363873804182731e+03
3.774890595964106410e+01
7.285002821336304148e-03
7.003658638483997265e+02
8.230256252471082532e-20
1.652032453145893420e+00
5.917579695527447257e+03
3.094190442030740087e+03
3.421228688039140252e+03
4.682327580060401147e+02
5.605659107582651632e+04
3.684796069604742570e+02
3.324773717120767191e+00
6.001402841702339174e+03
1.756409240592908645e+03
1.712347433516598727e+01
4.738915478743916537e+03
1.179716556768739792e+04
3.806675624473284552e+04
6.693925756035921950e+03
1.800056949729007829e+04
1.997498716278412030e+04
1.336323174773939400e+03
8.098370608773744550e+01
3.537542309810323218e+02
6.388277606460480911e+02
7.277774150143933412e+02
5.019532138490528268e+03
4.041130555388876382e+04
5.222590049086436920e+03
1.857615546747942403e+02
8.309836947831206999e+03
2.631572256093292162e+04
4.395092384176545011e+02
3.016076016931032427e+03
1.117168358458333088e+01
5.505193775491511769e+04
2.987067015126504410e-01
1.548087183242743549e+03
2.412876077411477738e+01
4.445758496496177372e+02
5.191302457675849382e+02
6.224288797037972110e+00
2.026564082369796495e-12
1.064501464801369009e-05
1.573263573977084206e+02
5.682641204711268983e+03
1.706212824473991714e+04
2.910987358118585689e+03
3.637687748883782035e+01
2.633857541256184504e+03
1.069197033042986050e+03
2.001328221417113795e+01
1.202716008286052556e+03
2.520170140399277443e+03
2.225850000385105432e+02
5.672165556412507925e+01
2.028225934495269200e+02
7.038593217323248155e+02
4.763089684351361939e+02
4.123475390403149504e+03
1.944986839981549451e+02
7.331741459868957236e+02
5.107024006294460605e+01
3.103573749917744351e+01
1.320183238112204208e+03
2.384610940182694321e+03
7.865332772265419408e+03
3.871504318758488239e+01
9.232273998812745504e+02
2.615865017073452236e+03
2.902099118919931016e+02
1.267594963374024246e+03
9.581462935564685495e+02
2.241073457373536712e+03
1.538784232663588682e+03
1.310077442181800279e+03
1.097364119750042164e+03
8.764456862736230391e+01
4.084586664247801764e+02
8.615727357521057783e+00
1.512286167758058809e+03
5.108989619689771757e+02
4.654529059201738050e+02
2.011977928013096971e+04
7.306742416906986364e+02
1.174367464573264215e+02
3.288612390647264050e+01
9.273651755903376426e+00
8.491917465596083048e+01
1.923252645360224733e+02
4.832880959794594844e+01
3.130929753384882730e+01
1.360420505026987996e+02
4.678020101532159174e+02
3.675775816328921906e+02
5.962900089327367681e+01
1.207054933654282110e+02
4.396237778027683873e+01
2.517056096486667727e+01
1.881218105331633126e+02
7.041650330050617868e+01
6.304917090101246657e+01
6.694183184429309108e+01
3.633614477287878231e+01
6.841703847614422784e+01
7.458462817088729935e+01
8.285724052492201963e+01
2.217041760467568789e-01
1.561639982606414234e+00
5.908974953544847253e+00
2.376322372166097097e+01
9.166542081570356970e+01
2.915749711011704548e+00
9.944317354597565384e+01
3.600736048707565473e+00
7.000996887624774345e+00
7.646092397853403000e+00
5.672311768298895274e+00
1.773586881598620479e+01
5.335717212840792811e+00
1.550254623402876142e+01
4.161581171574024296e+01
4.455069758021198140e+03
1.337087924049419341e-01
6.687946296325836038e+00
1.803062462128212928e+01
9.083998022085797430e+00
1.499730874284910427e-03
1.151124493334099697e+01
8.324007121271611354e+00
1.231206015834225198e+01
5.844134607293941031e+01
5.633724477634831374e+01
5.996273750959090165e+01
1.428738634807841947e+02
4.205304109462343121e+00
7.375461726428278553e+01
1.104644233556462218e+01
6.430856931381369179e+01
1.174395743522392799e+01
3.322704889254188032e+01
7.554976979987947061e+01
1.027450004149312690e+02
1.933319346138828365e+01
1.520420527953903047e+02
1.713926329539216624e+02
7.872226030441717626e+01
1.442648035594798728e+02
2.429174038446438999e+01
2.776477605473641574e+01
1.355719672415251580e+02
7.740399840022028854e+01
6.823444285603260084e+01
1.565933741751603065e+02
3.165235483830346084e+02
5.067499283810756339e+01
1.580537604201101374e+02
1.397041089307161315e+02
2.302304467339642713e+01
2.379235109575842344e+01
2.364632252694824643e+01
1.759007030089742329e+02
2.949568949621483682e+01
2.277691791338250482e+02
3.272740799201975648e+01
1.184251093917697517e+03
5.628662875184217995e+01
5.832136149354603560e+01
1.596971265437301497e+02
8.971923975567969478e+01
1.787458873139189208e+01
2.564970771068335864e+01
5.558003158278216560e+00
2.551906690525319732e+02
2.030163755994805399e+02
1.723864169935536239e+01
6.441874835642164498e+01
1.918128526952079937e+02
1.068617832952364637e+02
1.929504760112352058e+00
1.176273712199413012e+03
6.153923846642584067e+03
2.360087260138115653e+03
5.055300192498675926e+01
6.652287433470133919e+02
1.360717895278015249e+03
1.366651410131213424e+03
3.119919778469158246e+03
4.383563846138337794e+03
1.233516362623880696e+03
7.642697774551368639e+03
1.680816479816262245e+03
3.767603664989816025e+03
9.378831074623086897e+04
1.738818109241512502e+04
7.064163999924774089e+02
1.778762457803058714e+04
1.663822120721222745e+03
7.411595709945569979e+03
1.671460576168829721e+04
1.257735665593211252e+03
2.094953208386821188e+03
1.523224703680438779e+03
3.336493510061374309e+03
2.097494123160177878e+03
4.432544946559204959e+02
7.128954787170582676e+02
4.262113803385569781e+02
1.056338255261359109e+03
1.287981741727220879e+03
4.676696891369116929e+04
6.439437809513116008e+03
3.210691481487343935e+03
2.489316046369604507e+01
1.037500132002310920e+03
7.630722271682581095e+02
2.661080679060508825e+00
8.167228130436382116e+02
1.772197399611473884e+04
3.421866753009805393e+02
8.693632266497244927e+03
1.177168952219340463e+04
9.652801428537004540e+03
7.005407921399646148e+04
1.895200559616110354e+02
4.546569393088744278e+02
9.456165930348319307e+03
2.374842848684694400e+04
3.022336240718805129e+03
3.990726233210995360e+03
5.212500184271871149e+03
8.310738718356888057e+03
2.126004796350337074e+03
6.998305901629800246e+03
6.557561612980529389e+03
1.359999534211769060e+04
9.702076151686151206e+03
5.028839680375745957e+04
1.991511273954461103e+03
2.874577409892604464e+03
2.715888760687238573e+03
1.253596859265332569e+03
3.538234961450908031e+03
2.603610965683323684e+03
2.605832339939152220e+01
2.397543684384474182e+04
2.261901636330400436e+02
1.107859766979611550e+03
4.423022519321390064e+03
2.025174988507831699e+02
6.987520820052171075e+03
1.503407917567169170e+04
2.437100353716210520e+03
2.558536325700251837e+02
2.126433897719478409e+03
7.873834006083384338e+03
5.836609644998381555e+03
1.001370158392863959e+04
1.180515140112079735e+03
6.199848761878457708e+02
4.449379356700851531e+03
2.648042245351547990e+03
7.306481476615872452e+03
3.201543568995176884e+03
1.269010961254954992e+02
1.440954693307184016e+02
3.082312366379147079e+03
2.912553638639544261e+03
6.712107561134470416e+03
2.307682628429331029e+00
9.194531466412248832e+00
1.103461077308675158e+04
2.074465819077570632e+04
4.052482793654719018e+01
3.060755075739328731e+03
4.341910069318042952e+04
8.736692250605908612e+02
2.519909431137996762e+03
1.933301542642798267e+03
2.630797517889861410e+03
6.553273857781769948e+03
1.368539076523398307e+03
4.492100671070489426e+01
4.376028179166101495e+02
3.817442504900622424e+00
8.899181685610467412e+02
7.079800918355625072e+03
6.986780884372961737e+03
7.524540526752586445e+00
5.837113803456613823e+02
6.099674931808010570e+02
1.165945984108438779e+03
7.374227851096055986e+01
8.192417600752328610e+00
1.584670639208981356e+03
5.571537699043879911e+03
1.752704606691920389e+03
1.531045173853875667e+03
3.844757000757915648e+03
2.193514585225287874e+02
1.269753755129181059e+02
4.316950583086541826e+01
7.694909309556386461e+02
9.040697829354672876e+02
1.368287907644032657e+03
4.584865352889483620e+04
1.658393013065882769e+03
4.494410909593732981e+02
4.692584171487206959e+02
2.968642024111460955e+02
8.194411916099399605e+03
1.253217553448088211e+03
1.223672627521862523e+03
1.851267006946512265e+04
1.164406161844608278e+03
2.212845597966989772e+03
1.197492907467078794e+03
3.488447254033907939e+03
2.678173131968369034e+03
2.146929861659572452e+03
9.569965258899804894e+01
1.545550759315836558e+03
1.127717533655675197e+03
8.251474565159689689e+01
1.452103873993833531e+03
1.072224279895710606e+04
2.220443624894164145e+02
4.048661843830264502e+02
9.897963402564921125e+03
7.574007176671617572e+02
5.512979393547338347e+00
1.519540906201160055e+02
1.343480676780888530e+02
2.500168801248740991e+01
5.205964653353643001e+00
1.236308824741552925e+01
2.151909332007348397e+01
2.995673507715818928e+01
9.707149578877878184e+02
2.930276787663420919e+02
1.227357610357404837e+03
1.693982575894697717e+01
1.470352378536297744e+00
1.081626423035778473e+01
2.222116469826841694e+03
7.369296837647110010e+01
7.771522772422463277e+01
1.089787736549552619e+03
2.027549150440741599e+01
9.759236369752345297e+01
9.790083205975926017e-02
1.157800388336987965e+02
5.025427461117199641e+02
1.213339318767090976e-03
1.371311136056574469e+02
1.664083016841653162e+01
1.587313265374054936e+02
6.660943250766258927e+00
7.976385553312013599e+01
3.774489439720807304e+00
2.424939236882911187e-01
8.352771884519364157e-03
9.983321342344405602e-01
7.810913691751880661e-02
1.905495149313326808e-01
6.643598088275798830e+01
3.909624145408345441e+01
1.374665214247877145e+02
1.807378496683774483e+00
3.312065918978894530e+01
8.820734716834606104e+01
3.212754584843453554e-01
2.241084126034466095e+01
1.302600499049853200e+00
6.755570556694556750e-01
1.245545456133207729e+01
1.710800514775429493e+00
1.851510324874998332e+02
4.918123121252040292e-02
3.179200271437105946e-03
1.134348237889024835e+00
1.767109861976301044e+00
5.251953516051016777e+02
9.003974016475907449e-01
2.498713634175474763e+00
1.280301895392945788e+01
2.756395540947985112e-01
1.359297975710184119e+02
1.240332945907026527e+02
5.674256714870095664e+01
8.136401925167259463e+00
3.437657632609963230e+02
3.533610320872049897e+02
1.380355400161286550e+00
1.241428105849999319e+01
4.304533964972713789e-01
2.228230045811547555e+01
8.186421875072079501e+01
5.807473672129930264e+01
1.761033748365904472e+01
1.462114375881478168e+01
2.239784477571701871e+02
1.145336582605958995e+02
3.499080805100430069e+01
1.503436208725968299e+02
1.883040151163927201e+00
2.808236900682653570e+01
3.570763914238821144e+02
2.211402190638299459e+01
8.120204810908132913e+02
2.522808094270531001e+03
1.862257132949926230e+01
1.336792074748098003e+02
1.308767858477139328e+02
1.654747804616750273e+03
3.584172926064417766e+02
1.951839528975031953e+03
2.273060481272298148e+03
1.319792858977176024e+02
7.405884726582901294e+02
3.249879989009673409e+03
3.677007150278560061e+02
4.349993264022687072e+02
6.499163693967142308e+01
2.853268667732255039e+02
8.025460451712817189e+00
1.405132570717936460e+02
6.336042696442196984e+02
8.716867889238122302e+01
2.619736386727634567e+02
1.635437369142720740e+02
3.052786863110881654e+02
1.209576527008017820e+03
1.129726255095401029e+03
6.235509331961551283e+01
1.673963338465790457e+03
1.490484897351545669e+03
7.209399962814957235e+02
1.750386638582116632e+02
3.226544924790815912e+03
1.766351667607689706e+03
2.752795028176311916e+03
1.245805162952612591e+03
1.960770662947875280e+02
7.598922405500075001e+02
2.951922945026468597e+02
6.470941587755745786e+03
1.130124946890693991e+03
1.141860174903373718e+03
5.930595241258284659e+03
9.311091390228008322e+02
1.826880259570274120e+03
4.791944109268677465e+01
1.454653706239789983e+02
7.690934587449541141e+03
1.843333190064105111e+03
7.949519861547807977e+02
4.855855506644144981e+01
1.024245942288823471e+03
6.472965755231925868e+02
8.214101589086412787e+02
1.245634844953999163e+03
5.547189267344424479e+02
1.508245970846778619e+03
5.864119838033676615e+02
1.630514977859296323e+03
3.003984904629656838e-01
6.367178097435682815e+01
8.548747429578603487e+02
5.422166441645502744e+01
7.215221757674837590e+02
2.472523454023789213e+02
7.893012040575712263e+01
1.950965128517133564e+02
1.418648846065418070e+02
5.544413763953627495e+03
2.853188966387664891e+02
1.213297522078159574e+01
1.401855727876531432e+02
2.594305783805317844e+01
4.680697357867543928e+00
5.034771427708464131e+01
2.908778772861684203e+01
7.425563599097393990e+02
1.265690399950321307e+03
1.850491708088145515e+02
1.138075712513100370e+02
4.456413842003480852e+01
3.967132197224735819e+02
3.112326785814230789e+03
2.015783647150630316e+02
3.202430581794815225e+02
2.754064000546193824e+01
2.527841163031851676e-02
3.523029257214265462e-14
2.033942725512441143e+02
1.148379625713825458e+00
4.929099457805464800e-06
2.247700111823714053e+01
0.000000000000000000e+00
1.029627532407113222e+02
1.134137375129357497e+04
8.823360018550079786e+00
9.335373862576592074e+00
3.419204632016706658e+00
0.000000000000000000e+00
3.512776855039504881e+03
3.154619023459621019e+01
3.711709623316237128e+01
6.124567129711109459e+01
1.165232023410515616e+01
0.000000000000000000e+00
5.627273718016516213e+00
1.038734337033106954e+02
3.186422101959944442e+01
7.250602768260607434e+01
1.437714127535113562e+02
5.178945817275787178e+00
6.811104931291539799e+01
2.202754794437669617e+01
5.932738799058910217e+01
0.000000000000000000e+00
1.632210899345821417e+03
1.643631720923684156e+02
0.000000000000000000e+00
0.000000000000000000e+00
1.009237032419687114e-236
0.000000000000000000e+00
5.957767735965582981e-27
2.187156430347232179e-218
1.990132138085348945e+00
1.621690125100984549e-160
0.000000000000000000e+00
0.000000000000000000e+00
0.000000000000000000e+00
6.933556232293659083e-09
0.000000000000000000e+00
0.000000000000000000e+00
0.000000000000000000e+00
0.000000000000000000e+00
0.000000000000000000e+00
3.006642343789820512e-60
8.994353039288594687e+01
9.347309882032892592e-01
2.066346282936849263e+02
1.888788615272375609e-14
1.064320154065135380e-117
1.440586998396464935e+02
1.100718037195812402e-20
6.126109829953648583e-03
1.456520885512673047e+01
1.344558156811716287e+01
5.379414878721021154e+01
3.480990412904844344e+00
7.762841478586304800e-02
7.539257723544514926e-16
1.529382966419495960e-49
0.000000000000000000e+00
1.736307602001430181e-05
9.562328889992287796e-20
0.000000000000000000e+00
0.000000000000000000e+00
0.000000000000000000e+00
0.000000000000000000e+00
0.000000000000000000e+00
0.000000000000000000e+00
0.000000000000000000e+00
0.000000000000000000e+00
5.488930338189515944e-177
0.000000000000000000e+00
0.000000000000000000e+00
0.000000000000000000e+00
0.000000000000000000e+00
3.266782476688184617e-82
2.024728608464366271e-08
0.000000000000000000e+00
0.000000000000000000e+00
0.000000000000000000e+00
0.000000000000000000e+00
0.000000000000000000e+00
0.000000000000000000e+00
0.000000000000000000e+00
0.000000000000000000e+00
0.000000000000000000e+00
4.475445773066418126e-67
0.000000000000000000e+00
0.000000000000000000e+00
0.000000000000000000e+00
8.540724879719446867e-85
0.000000000000000000e+00
0.000000000000000000e+00
0.000000000000000000e+00
0.000000000000000000e+00
0.000000000000000000e+00
0.000000000000000000e+00
1.049282128891794216e-63
1.962876359349759121e-156
1.397045231353138927e-105
8.046684210468569290e+03
2.663602870715690987e-98
0.000000000000000000e+00
2.937247977957283332e-04
1.146111458963418045e+03
1.184677153571691665e-148
0.000000000000000000e+00
2.906890568300734998e-49
2.905939978355286826e+02
1.408147675629738131e-27
1.934876406033260796e-67
8.624266698384381250e-28
6.325334664243623269e-10
1.121473977480840392e-290
3.761943125193105998e-08
1.804144926055727257e-24
0.000000000000000000e+00
1.670109299236698410e-89
1.766164837842911658e-47
1.118976207954882369e+02
6.591209412714969622e-03
1.084980337124749994e+01
2.109924163776935478e-39
2.117656353800456515e+01
1.415557812360438206e+01
1.484540822976134856e-15
9.746831054219909447e+02
7.167772142119231376e+02
1.319762080564199839e-28
5.635425495679669929e-18
1.516993900596290814e+03
8.395923931524360739e+01
3.073817761958331745e-14
8.956216436366333395e-127
2.046104385969165946e+02
1.123459862603173832e-141
1.367533909764050426e+00
3.094060430956950547e-02
2.382601091853803445e-66
0.000000000000000000e+00
0.000000000000000000e+00
0.000000000000000000e+00
0.000000000000000000e+00
0.000000000000000000e+00
0.000000000000000000e+00
0.000000000000000000e+00
0.000000000000000000e+00
8.098266262373488434e-16
3.255119397932666918e-34
1.413419676973215178e-251
2.523399625912766576e-44
5.228786883298824082e-04
0.000000000000000000e+00
8.031519285131523134e+00
3.051730238949394420e-93
4.319842835484706215e-07
0.000000000000000000e+00
0.000000000000000000e+00
1.043288340446522611e+01
4.301952409366917709e+04
8.760023083463192251e+00
1.185597655574586497e+03
2.016606039190193300e+01
1.305260582487360580e+03
2.296476285449950389e-31
6.076385954538402956e+01
6.141856874078095010e-69
0.000000000000000000e+00
1.036200000566149360e-22
6.404016000287510562e-178
0.000000000000000000e+00
0.000000000000000000e+00
0.000000000000000000e+00
0.000000000000000000e+00
0.000000000000000000e+00
7.663593188714381199e+01
0.000000000000000000e+00
0.000000000000000000e+00
6.779751177858004212e+02
4.199631706635890538e+01
1.505701922278726806e-07
1.024682311049414238e+02
2.063802407063129025e-47
6.746868668936264173e-61
3.798465868125657052e-236
4.769306172071979343e-17
3.558644809748495277e+02
1.715523263056254422e+01
0.000000000000000000e+00
2.064938596357716631e-09
1.046241099690696983e-08
0.000000000000000000e+00
0.000000000000000000e+00
0.000000000000000000e+00
0.000000000000000000e+00
0.000000000000000000e+00
0.000000000000000000e+00
0.000000000000000000e+00
0.000000000000000000e+00
0.000000000000000000e+00
0.000000000000000000e+00
0.000000000000000000e+00
4.627680418733263537e+02
0.000000000000000000e+00
0.000000000000000000e+00
6.597844805960856269e-103
2.563134601388951661e-01
7.272077900649009052e+00
2.675719280451457598e+05
0.000000000000000000e+00
0.000000000000000000e+00
0.000000000000000000e+00
0.000000000000000000e+00
0.000000000000000000e+00
0.000000000000000000e+00
7.779234559293591039e-11
5.492127720312581124e-08
1.087877975831032381e+04
4.583227518940537941e-05
1.430610813143096394e+01
5.159152517806830041e+00
1.627143611700316630e-177
6.667907110127512008e-31
1.060432748396694156e-23
1.204410719440175113e-12
1.235966630675415559e-156
4.400250615725457237e+02
1.084504933266862051e-83
1.123247599263328770e-14
1.730262075328689818e-21
0.000000000000000000e+00
1.660832824884101073e-04
6.362764847712634219e+04
0.000000000000000000e+00
2.081680976771801894e-81
1.544924547000336101e+00
6.030579587202010428e-03
4.834685889156409115e-03
4.441866376738240474e-02
9.022031193659905968e-02
8.319290829991994389e-304
4.468553016160245472e-01
9.012374421154009124e-185
9.291461884570500117e-15
4.650399742864207681e-23
7.708758452090709170e+02
1.764376222177115637e-177
0.000000000000000000e+00
0.000000000000000000e+00
4.559284721779111038e-01
0.000000000000000000e+00
2.819956692876761965e-115
1.065827271938986457e-28
1.865446971452088887e-292
3.626348374150159699e-26
3.577262848363128258e-38
1.551254549198607435e+02
2.493347933577771355e-11
1.603783940162559318e+01
1.561830862095937844e-31
0.000000000000000000e+00
6.150398329348370866e-80
8.253001665745757220e-01
0.000000000000000000e+00
0.000000000000000000e+00
0.000000000000000000e+00
0.000000000000000000e+00
0.000000000000000000e+00
0.000000000000000000e+00
0.000000000000000000e+00
0.000000000000000000e+00
0.000000000000000000e+00
0.000000000000000000e+00
0.000000000000000000e+00
0.000000000000000000e+00
0.000000000000000000e+00
0.000000000000000000e+00
0.000000000000000000e+00
0.000000000000000000e+00
0.000000000000000000e+00
0.000000000000000000e+00
0.000000000000000000e+00
3.444459111856388797e-87
1.461620418776105730e-58
2.053644092357316404e+05
2.953145339132117329e+02
2.068242397572985505e-06
5.715801147767663605e-51
1.152271286657001634e-58
2.956214610336427882e+02
1.949085329242489228e+00
5.471782435876542117e+00
3.969341968687339849e-98
8.405250271210741124e-21
1.464966188875084530e-37
8.471392350275144938e-25
0.000000000000000000e+00
0.000000000000000000e+00
4.400680991126886855e-03
4.045413954727907679e+01
0.000000000000000000e+00
3.781834800047508907e+03
1.981439610469179388e+04
1.179907484187639467e-27
7.687431899467737821e+02
5.143024606632636994e-35
6.557189576873026246e-42
2.899443780796607213e-46
1.012617113613373245e-13
8.575270635516248233e-56
1.862942094399714961e+02
1.607103501875981912e-83
0.000000000000000000e+00
1.589608526742051140e+02
3.536130957438582938e-05
1.680780863569748908e+04
3.232073652057344121e-03
4.864488654046175498e+01
4.317614306433022762e+02
2.009677757042330025e-42
3.017391974419150458e+01
0.000000000000000000e+00
3.310471932978317396e-83
0.000000000000000000e+00
1.869081249245244046e-25
0.000000000000000000e+00
5.194477467087967040e-61
2.360425476931233068e-27
1.781074461818659746e-28
5.091138939765609620e-225
0.000000000000000000e+00
1.132738523160874311e-39
0.000000000000000000e+00
2.975154981778022716e+02
1.636024643685268541e-22
0.000000000000000000e+00
1.036705790477703056e-52
5.684946597632565327e-26
5.262607205024317528e-68
4.407605950260336241e-115
1.756344229582769234e-21
9.543852487197594658e-02
8.669418002513560803e-47
7.310514329854620388e-41
8.463747637326379447e+01
1.277755414129501294e-05
1.325593161770453458e-112
8.552200496015279896e+02
7.237594201681382344e+00
0.000000000000000000e+00
2.147776331681475528e-202
1.039344207193607497e-148
0.000000000000000000e+00
0.000000000000000000e+00
8.922480441939351127e-08
8.692551950613128166e-05
7.934681392365637187e+00
0.000000000000000000e+00
6.756278101598425746e-101
4.688620633357282750e-04
1.550365847753254926e-17
4.637011472283309305e-36
4.777118867802130193e-15
1.879736439332775149e+02
1.244107005917526835e-13
2.681836674011347510e-01
3.626233353100925038e-238
4.167920508243257392e-19
0.000000000000000000e+00
4.345163320281395838e-07
1.444433367809915952e-20
4.926747303667696095e-68
2.253658348547737447e-14
3.471433946813166058e-99
4.278054252771244125e-168
0.000000000000000000e+00
0.000000000000000000e+00
0.000000000000000000e+00
0.000000000000000000e+00
0.000000000000000000e+00
0.000000000000000000e+00
0.000000000000000000e+00
0.000000000000000000e+00
1.516307791820957456e-09
0.000000000000000000e+00
0.000000000000000000e+00
0.000000000000000000e+00
0.000000000000000000e+00
0.000000000000000000e+00
0.000000000000000000e+00
0.000000000000000000e+00
0.000000000000000000e+00
0.000000000000000000e+00
0.000000000000000000e+00
0.000000000000000000e+00
0.000000000000000000e+00
0.000000000000000000e+00
0.000000000000000000e+00
0.000000000000000000e+00
0.000000000000000000e+00
6.963796480543211531e-299
0.000000000000000000e+00
0.000000000000000000e+00
0.000000000000000000e+00
0.000000000000000000e+00
3.332100612241456549e-166
3.703658741867070665e-41
0.000000000000000000e+00
8.411476333474726720e-311
0.000000000000000000e+00
0.000000000000000000e+00
2.458706516982221483e-227
0.000000000000000000e+00
0.000000000000000000e+00
0.000000000000000000e+00
0.000000000000000000e+00
0.000000000000000000e+00
0.000000000000000000e+00
0.000000000000000000e+00
0.000000000000000000e+00
0.000000000000000000e+00
0.000000000000000000e+00
0.000000000000000000e+00
0.000000000000000000e+00
3.197095596683505581e-06
1.183482877383633758e-24
0.000000000000000000e+00
0.000000000000000000e+00
0.000000000000000000e+00
0.000000000000000000e+00
0.000000000000000000e+00
0.000000000000000000e+00
0.000000000000000000e+00
0.000000000000000000e+00
0.000000000000000000e+00
0.000000000000000000e+00
1.892360861318553563e-226
2.562252454943973658e-03
1.062115676393273636e-20
0.000000000000000000e+00
1.048170697927957886e-41
1.079610555868481587e-06
1.121904992940419810e+01
6.569699558408158054e-61
0.000000000000000000e+00
0.000000000000000000e+00
0.000000000000000000e+00
0.000000000000000000e+00
0.000000000000000000e+00
1.168214958375886857e-15
4.307778448066272972e-46
1.193381958362207371e-10
0.000000000000000000e+00
1.736373353003973429e-44
3.880255524728449473e+03
2.943726402344652605e-08
2.221874112404230939e+00
1.267799593639897495e-25
1.623831334708330953e-136
1.639937527536307726e+01
1.146834713549939799e+01
3.329357790665954941e-01
2.663286516028620654e-02
1.255632681977590255e+04
1.365237364697711229e-31
2.349380026960900521e-10
4.295365931289901710e+03
2.393154013922075762e+01
9.901177692979976186e+00
4.469091544203555344e+01
9.184251964446158434e-01
2.687855745435938217e-06
8.575946857828142052e-18
3.659114147458515657e-13
1.759051486309739287e+00
1.009764086198438889e-36
1.261635501811998481e-57
1.505655655680190996e-24
1.899499788543214575e-17
1.932066131384874731e-09
2.488018198698172787e-20
3.342287192272816901e+04
2.006937072094900165e-19
6.268095515419296663e-06
2.610373889904583160e-32
2.747095931144628578e-01
5.476540848847961794e-08
9.281860641550809538e-21
6.355022148814840304e-126
1.986932808951265312e-152
8.707350383444032178e-207
3.978058593885241289e-18
4.941226650391440656e-02
0.000000000000000000e+00
6.871131089599444124e-03
2.425550379395648245e-50
2.369810292881617819e-01
5.314582594145448130e-09
5.171153623149037822e-30
6.760473248112046577e-104
0.000000000000000000e+00
6.827898979525596653e-143
1.569760788657188336e-151
0.000000000000000000e+00
0.000000000000000000e+00
2.496836398110677968e-42
0.000000000000000000e+00
1.396482719078976054e+01
9.431807451485207185e-245
1.383828467436747446e-319
1.009398879527613172e-259
0.000000000000000000e+00
0.000000000000000000e+00
1.956477178014796780e-177
3.863205060272306116e-36
0.000000000000000000e+00
0.000000000000000000e+00
0.000000000000000000e+00
3.150132571368104309e-100
3.278582751943810866e-107
0.000000000000000000e+00
0.000000000000000000e+00
3.543900669264712650e-105
3.548560946483768429e-13
0.000000000000000000e+00
5.085547302636579744e-263
0.000000000000000000e+00
7.894448895594890088e-25
0.000000000000000000e+00
0.000000000000000000e+00
2.366419909895216876e-150
1.271973130798555449e-13
4.085712438382816704e-64
1.178893297555895994e-26
0.000000000000000000e+00
0.000000000000000000e+00
2.725392876016247502e-35
0.000000000000000000e+00
3.016751992248107249e-63
2.168019719646514429e-187
0.000000000000000000e+00
4.311242478146217270e-256
2.500417730841115611e-114
9.619217503854056383e-51
2.431611066666573606e+01
2.863092330064215275e+03
6.898314372958341778e+01
5.187250935558124354e+01
7.422547095762898834e+02
5.934465694845719952e+01
4.484086134355440314e-37
1.769303253522063102e+01
1.490466717877271807e-01
4.336455500912763869e-03
9.502391655139045562e-30
4.707165730963527039e+01
1.287589504495336712e-01
1.480559582098394666e-01
2.022824662128914497e+02
1.337838885417077295e+00
2.292585758638122334e-32
2.674053897841915650e-14
3.449169645411173657e-02
1.728084376649449139e+00
1.617073207051741974e+02
7.947116811497465960e+00
5.712632028640025794e+01
5.338361563908576812e+01
5.543764850148998891e-01
5.375133699502775642e+01
1.608477604172942961e+02
5.891464310253595738e-01
1.932117582234830309e+02
6.141575209828923221e+01
2.075616966929692353e+03
4.854062527908655511e+01
2.689548806160040684e+01
2.168009544757081367e-02
2.251287620004980283e+01
7.104509680127905540e+02
2.275451965425160991e-65
1.445696154727324156e+01
1.562529106410952906e+01
8.699470237566600872e+01
1.026201000361945574e+02
2.033323688541723584e+02
1.263887686641492843e-25
1.226896894342675104e+01
9.040567181751214321e+01
1.061390478041284232e-20
1.223896167289697745e+00
5.408317888566039751e-22
1.107524734115963719e-189
5.613076197712837553e-22
3.319464925446304421e-13
0.000000000000000000e+00
3.037601862995724873e-24
4.161259771386433995e-22
1.074950430987011846e-01
1.488077103380899303e-03
1.352628080162672441e+00
1.595492660309228576e-17
1.131244309110358816e-177
2.011351361515408066e-26
0.000000000000000000e+00
8.991366161686681885e-21
4.954360505829844036e-20
7.557448975362592591e+01
0.000000000000000000e+00
4.022251163820032570e-36
8.625866070191399968e-44
5.455866444372962860e+02
4.089256347825336788e-08
9.377312342038796577e-300
0.000000000000000000e+00
1.566604394529066467e-65
1.221073103812791596e-130
1.440585862970128472e-02
1.013757975872423680e-149
1.849574868589608337e-18
1.214058683135915361e-16
6.450030072151318351e-302
1.074662883905462721e-22
7.821523283570573522e-120
2.484379386876649823e-128
4.319175825007071075e-86
0.000000000000000000e+00
3.294740017669949517e-40
4.724570394450239369e-142
1.077902983912533341e-23
1.046175753819040029e-168
9.309567671872985618e-12
6.020713444746213535e-22
1.156657063407423011e-48
3.174064072063000896e-01
1.958867823553843711e-10
6.830748767471794860e-79
6.338079399692643501e-02
4.084809461684265784e-08
1.255309252149281860e-05
0.000000000000000000e+00
2.418219309220003331e-123
3.853066288148618810e+02
7.281825926902297047e-10
4.289875780539744341e-10
2.161410210001700398e+04
1.018064526202993236e-03
9.393219282023656478e-10
3.639996446740391900e-212
0.000000000000000000e+00
5.194417370885205361e-17
1.685113214518137457e-07
4.589417872066062508e-87
1.118792543642930976e-06
9.727727527022045706e+02
9.527469328884417210e-46
0.000000000000000000e+00
5.495451142283355344e-18
9.304928900770101435e-54
8.336361760013170086e-01
4.299601409543010934e-10
6.959794416068769331e-05
1.741463443423757847e-173
0.000000000000000000e+00
0.000000000000000000e+00
3.915357487471109003e-03
3.604135917950491428e-33
1.365413385704297353e-06
4.701163442817744908e+03
1.882639612480903724e+00
1.780960026154614795e+00
1.640363227349303734e-10
0.000000000000000000e+00
0.000000000000000000e+00
4.456819310301322616e+02
5.472066433117484755e-163
0.000000000000000000e+00
0.000000000000000000e+00
0.000000000000000000e+00
3.910635469266168092e-150
1.793347956599257994e-08
4.411020222241306845e-64
1.708809782425609838e-14
9.263157163256308807e-03
2.357863265351236581e+00
4.567142926401550618e-01
7.032368353501463235e-23
3.367213983793580324e-38
3.667798291975994093e-11
3.232051392430726366e+01
9.947113111627911089e-172
5.188644279135100455e-07
0.000000000000000000e+00
3.293178951698804059e-09
2.583621028985414597e-02
0.000000000000000000e+00
0.000000000000000000e+00
0.000000000000000000e+00
0.000000000000000000e+00
0.000000000000000000e+00
1.202054625366209934e-187
1.808467518163042356e-15
4.001931731314097008e-322
1.215836827177904146e-55
2.473943366583609669e-282
2.788629989077755293e-90
8.689698483002888764e-73
1.285094972091262623e-89
6.791399182530559464e-02
1.132881464009423244e-13
3.517865815576059276e+02
0.000000000000000000e+00
2.315322032046835954e+00
0.000000000000000000e+00
6.216782416862282465e-101
0.000000000000000000e+00
3.340703335068455169e-42
2.430414401452263787e-30
1.853063726721603643e+02
5.220904482393750462e-02
4.122446305419921742e-01
4.492030453720569394e-22
9.410632772434742721e-01
1.703173059861417649e+00
2.071769420225613695e-59
2.213586392608229014e-32
3.421423429904764699e-42
7.112648754309949786e-14
3.233846395464530232e+00
5.884128888975652833e-27
0.000000000000000000e+00
9.762653145229617314e-10
2.732420091680247687e-01
0.000000000000000000e+00
5.282716878260963256e+01
5.766947866173486265e-44
3.041053492568118665e-61
3.874569497180034561e-118
9.260976940998416084e-06
2.863643340149898800e-162
1.325720971118819236e+01
2.097640411107234573e-06
7.081712185679861476e-45
4.118486604159865846e-36
9.556236633422104335e-04
1.150471133496477893e-02
0.000000000000000000e+00
6.448688667211095460e-01
0.000000000000000000e+00
6.913098143937600074e-05
4.646968027432222044e-10
5.360711050891181380e-264
0.000000000000000000e+00
1.146069205685025273e-05
1.659768041980762276e-02
2.254217844508152563e-185
1.193188154282675944e-05
1.536730925235644911e-02
1.149368323984456199e-147
0.000000000000000000e+00
0.000000000000000000e+00
1.433116166397921876e-15
3.604325966790676010e-19
2.517553152166990458e+02
2.839818726685582751e-89
1.543239833522947180e+01
1.307363617057969040e-104
1.139304332575175070e-20
2.446932313842952733e-01
3.745631650909747681e-35
2.265669776013579814e-59
3.094972266656900882e-101
2.123390960958194273e-51
8.839996544285482102e-09
0.000000000000000000e+00
0.000000000000000000e+00
3.144293007402555012e-33
0.000000000000000000e+00
0.000000000000000000e+00
1.623331965765322457e-08
5.688939792880776114e-01
1.122709023327589399e-44
1.339151153666660565e-101
7.410719859572609779e-03
5.276264983866975071e-41
3.807705918574949498e-36
8.798974951278125919e-17
3.076005686846361488e-47
4.366954874683407262e+00
7.177097750492065530e-12
2.289292574157332635e-04
1.585497830533357131e-07
7.106805248379294282e-02
2.655863775807525076e-08
6.991735921561599075e-08
7.430574060949426851e+00
5.908065945183897834e-03
6.931943568001519575e-09
2.865964412321897904e-03
5.788374739809921010e+00
6.576520130446860512e-16
6.367222313585969330e-05
7.308714966424887827e+00
2.567452052697088750e-06
2.345794866556800542e-15
2.210868063995255137e-02
3.376261508456008187e+01
4.594935611521682763e-03
1.520154133372239808e-03
2.612437015055800771e+02
5.415702302220801255e-19
1.815820045863282554e-08
6.863505725894147272e-27
9.200954280977773301e-13
1.130776430413177602e-01
4.658567366541427045e-40
1.413362746263830871e+01
5.710467165593420305e+02
1.622438261777990665e+00
7.691892465813199919e+01
1.123138386577236787e+02
2.296579954796305145e+01
9.899281752529844880e+01
1.419266006389987618e-55
3.863807028611741615e-110
4.357257012449279902e-04
1.135931961511340349e+00
5.822127016438412555e-04
1.913739659217677413e+00
1.553990891900676738e-52
1.592599353647331727e-19
1.260355729922331600e-13
0.000000000000000000e+00
2.534967571673529287e-67
1.328667979513276625e-13
1.123548894464559831e-04
9.713461329666541551e-89
4.484976787338649906e+00
4.202133348957089020e-06
1.306707117262836133e-72
2.657545462590264328e-34
2.493588012465673592e-28
5.131002020418769932e-03
9.066709280557221805e-34
0.000000000000000000e+00
5.153281335777573635e-02
0.000000000000000000e+00
0.000000000000000000e+00
7.466035200879992548e-203
0.000000000000000000e+00
0.000000000000000000e+00
1.581882416128126494e-274
0.000000000000000000e+00
3.278174927341988622e-22
0.000000000000000000e+00
8.402373223780325746e-17
0.000000000000000000e+00
0.000000000000000000e+00
1.871340957028921281e-308
0.000000000000000000e+00
7.438604804746812396e-29
0.000000000000000000e+00
0.000000000000000000e+00
1.906902840303068429e-06
0.000000000000000000e+00
0.000000000000000000e+00
6.254730092340671473e-31
1.787600953114454673e-34
3.736410259603533807e-102
0.000000000000000000e+00
8.663952991019221396e-83
1.761169127198013039e-266
0.000000000000000000e+00
2.282273355236935453e-07
6.209051083854278402e-120
5.093254434361190306e+02
1.313043703247929216e+03
3.944611648383092306e-01
4.718685527350635880e-67
4.056043014906311551e-19
7.948886884651111844e-34
3.014915770211392670e-85
1.389974516427310888e-237
1.431831433492185301e-54
0.000000000000000000e+00
0.000000000000000000e+00
2.191824646582723217e-63
4.758576788416788317e-96
0.000000000000000000e+00
3.352580431738248992e-09
3.015153441270082123e-03
9.541736313437502622e-39
7.515337448524599040e+01
0.000000000000000000e+00
3.101417847628231777e-209
3.611448764406784655e-05
2.851586509721615004e-31
5.605700110741110553e-97
1.390165037673994039e-58
7.582821565929775964e-02
1.146378581578165381e-03
6.341958292572749964e-31
3.477207035927791059e-263
2.172623377178451928e-04
2.881623098835541796e+01
8.756818489731125865e+00
5.378925116885741318e+02
3.387420809419393692e-186
1.614077011095201607e-167
0.000000000000000000e+00
0.000000000000000000e+00
8.501424414735049843e-94
2.807298021936758789e-199
0.000000000000000000e+00
0.000000000000000000e+00
4.883829046325885957e-03
3.749366051169830179e-125
6.780472252015745219e-13
6.911694977664890118e-44
5.604042057056352773e-10
1.219820575640125603e-02
7.628956052623602802e-37
1.333539810692007125e-13
3.836665621689979982e-85
1.663801366769265469e-268
0.000000000000000000e+00
3.717893004253930305e-144
0.000000000000000000e+00
0.000000000000000000e+00
1.469135551124714408e-151
7.821771606261057738e-119
0.000000000000000000e+00
7.836986892692769240e-142
2.494142993814329144e-05
0.000000000000000000e+00
3.919660915205912323e-41
1.277441542119654787e-09
1.605959227864189938e-123
0.000000000000000000e+00
3.833475409631761856e-76
0.000000000000000000e+00
2.542234001247074168e-301
0.000000000000000000e+00
7.004546950362851775e-214
0.000000000000000000e+00
0.000000000000000000e+00
0.000000000000000000e+00
0.000000000000000000e+00
0.000000000000000000e+00
0.000000000000000000e+00
0.000000000000000000e+00
0.000000000000000000e+00
0.000000000000000000e+00
0.000000000000000000e+00
0.000000000000000000e+00
0.000000000000000000e+00
0.000000000000000000e+00
5.054961513714704324e+01
5.679760815563548118e-31
0.000000000000000000e+00
0.000000000000000000e+00
0.000000000000000000e+00
0.000000000000000000e+00
0.000000000000000000e+00
0.000000000000000000e+00
9.708373023993547789e-206
0.000000000000000000e+00
0.000000000000000000e+00
5.427039234833064569e-55
0.000000000000000000e+00
0.000000000000000000e+00
9.029148746363423630e-257
2.246727375276716218e-171
6.048424484730720915e-147
8.163710312962851265e-255
0.000000000000000000e+00
0.000000000000000000e+00
0.000000000000000000e+00
0.000000000000000000e+00
1.084123610568538632e-109
1.550385146628109533e-93
0.000000000000000000e+00
0.000000000000000000e+00
0.000000000000000000e+00
0.000000000000000000e+00
0.000000000000000000e+00
2.948184889772225736e-305
0.000000000000000000e+00
1.335538338248362870e-50
0.000000000000000000e+00
0.000000000000000000e+00
1.579454959551165812e+05
4.052482389647127123e-222
0.000000000000000000e+00
0.000000000000000000e+00
1.834945217904572715e-74
0.000000000000000000e+00
0.000000000000000000e+00
4.879431766289954494e-123
4.443857929182553795e-33
1.588398994616178830e-215
0.000000000000000000e+00
3.947011756165739171e-117
0.000000000000000000e+00
5.400817579189324583e-62
5.411741739621107854e+02
2.086994675196893982e-106
2.018517042934456995e+01
0.000000000000000000e+00
0.000000000000000000e+00
7.990300429238159197e+00
5.489317809906306422e+01
5.092369225135316166e-15
4.038300059774031087e-03
4.465897911722582592e+01
1.155467953881613710e+02
1.336554878737340246e+00
2.461980458935044270e-04
5.386243198071974715e-36
8.286499961116101654e-01
1.074393564575721327e-01
1.123167318458000575e-34
7.817908201381297204e-03
2.951632486759156113e-02
3.188899426411070287e-08
5.289659241331653300e-02
2.222978227172556153e-78
3.066382641787627691e-03
5.330650227766959863e-195
9.187003595457355049e-45
1.421356816036877283e-86
2.688694271120328849e-109
9.608477296978702914e-204
0.000000000000000000e+00
4.348241089011037508e-272
0.000000000000000000e+00
0.000000000000000000e+00
0.000000000000000000e+00
0.000000000000000000e+00
2.154199637120531677e-25
5.721584216178602733e-06
7.227763343205760238e-09
5.041760012296245984e-30
8.360766603870993694e-318
1.932446500545747565e-243
0.000000000000000000e+00
0.000000000000000000e+00
3.893893604361122656e-165
4.458557562344532572e-65
7.920750216556171817e-47
0.000000000000000000e+00
0.000000000000000000e+00
0.000000000000000000e+00
2.603436749318947724e-289
0.000000000000000000e+00
1.629756830615186831e-138
0.000000000000000000e+00
0.000000000000000000e+00
1.986749961619189757e-181
0.000000000000000000e+00
0.000000000000000000e+00
0.000000000000000000e+00
2.363304516787349639e-40
0.000000000000000000e+00
6.824304875613811383e+00
0.000000000000000000e+00
0.000000000000000000e+00
0.000000000000000000e+00
0.000000000000000000e+00
0.000000000000000000e+00
0.000000000000000000e+00
0.000000000000000000e+00
0.000000000000000000e+00
0.000000000000000000e+00
1.195772801349139500e-03
0.000000000000000000e+00
0.000000000000000000e+00
0.000000000000000000e+00
0.000000000000000000e+00
0.000000000000000000e+00
0.000000000000000000e+00
0.000000000000000000e+00
0.000000000000000000e+00
0.000000000000000000e+00
0.000000000000000000e+00
0.000000000000000000e+00
0.000000000000000000e+00
0.000000000000000000e+00
0.000000000000000000e+00
3.064101783093423267e-67
0.000000000000000000e+00
0.000000000000000000e+00
9.687566707861664781e-80
0.000000000000000000e+00
0.000000000000000000e+00
0.000000000000000000e+00
0.000000000000000000e+00
0.000000000000000000e+00
3.224272404759974947e-320
0.000000000000000000e+00
0.000000000000000000e+00
0.000000000000000000e+00
0.000000000000000000e+00
0.000000000000000000e+00
0.000000000000000000e+00
0.000000000000000000e+00
0.000000000000000000e+00
0.000000000000000000e+00
0.000000000000000000e+00
0.000000000000000000e+00
1.755606785209797621e-261
0.000000000000000000e+00
0.000000000000000000e+00
0.000000000000000000e+00
2.788107092618432013e-171
0.000000000000000000e+00
0.000000000000000000e+00
0.000000000000000000e+00
0.000000000000000000e+00
0.000000000000000000e+00
9.801148952362123974e-221
0.000000000000000000e+00
0.000000000000000000e+00
0.000000000000000000e+00
0.000000000000000000e+00
0.000000000000000000e+00
0.000000000000000000e+00
0.000000000000000000e+00
0.000000000000000000e+00
0.000000000000000000e+00
6.246625614955664778e-32
6.110180186120998274e-05
1.852151902529274334e-265
0.000000000000000000e+00
4.484408619775000228e-14
2.949309192011024774e-222
4.018076380370092438e-81
7.901106445889993676e-17
0.000000000000000000e+00
0.000000000000000000e+00
0.000000000000000000e+00
8.658031673934798093e-199
0.000000000000000000e+00
4.313935093858701590e-86
0.000000000000000000e+00
3.103233897196666456e-43
2.151064110658134604e-290
0.000000000000000000e+00
3.231604981811763829e-197
0.000000000000000000e+00
1.463159410103540209e-44
1.300723534571901058e-174
0.000000000000000000e+00
0.000000000000000000e+00
4.473742214205242546e-250
3.701058793570802567e-05
1.001690719392429655e-90
1.230693877984192865e-270
0.000000000000000000e+00
0.000000000000000000e+00
0.000000000000000000e+00
0.000000000000000000e+00
0.000000000000000000e+00
0.000000000000000000e+00
0.000000000000000000e+00
0.000000000000000000e+00
0.000000000000000000e+00
0.000000000000000000e+00
3.545192482802176197e-146
0.000000000000000000e+00
0.000000000000000000e+00
0.000000000000000000e+00
0.000000000000000000e+00
0.000000000000000000e+00
9.112187909029166652e-112
1.455727230315216392e-119
0.000000000000000000e+00
0.000000000000000000e+00
0.000000000000000000e+00
7.350683499942626702e-14
0.000000000000000000e+00
2.729718052924025200e-300
0.000000000000000000e+00
0.000000000000000000e+00
1.383161490395580051e-12
0.000000000000000000e+00
0.000000000000000000e+00
0.000000000000000000e+00
0.000000000000000000e+00
0.000000000000000000e+00
0.000000000000000000e+00
7.140133790664571647e-190
0.000000000000000000e+00
0.000000000000000000e+00
0.000000000000000000e+00
0.000000000000000000e+00
0.000000000000000000e+00
3.413760029812839525e-12
0.000000000000000000e+00
0.000000000000000000e+00
0.000000000000000000e+00
0.000000000000000000e+00
0.000000000000000000e+00
0.000000000000000000e+00
0.000000000000000000e+00
0.000000000000000000e+00
0.000000000000000000e+00
0.000000000000000000e+00
0.000000000000000000e+00
4.955584095153993639e-122
0.000000000000000000e+00
0.000000000000000000e+00
2.272193983945125933e-189
0.000000000000000000e+00
2.357538569880277369e-69
0.000000000000000000e+00
0.000000000000000000e+00
0.000000000000000000e+00
4.249086202833525950e-299
2.546400674092292853e-180
0.000000000000000000e+00
0.000000000000000000e+00
5.693695732771116666e-103
0.000000000000000000e+00
0.000000000000000000e+00
0.000000000000000000e+00
1.986412067261533709e-14
0.000000000000000000e+00
0.000000000000000000e+00
8.189832903545042229e-109
0.000000000000000000e+00
0.000000000000000000e+00
0.000000000000000000e+00
0.000000000000000000e+00
0.000000000000000000e+00
0.000000000000000000e+00
0.000000000000000000e+00
0.000000000000000000e+00
0.000000000000000000e+00
0.000000000000000000e+00
0.000000000000000000e+00
2.435727504535149679e-118
0.000000000000000000e+00
1.973827967172365862e-212
0.000000000000000000e+00
0.000000000000000000e+00
0.000000000000000000e+00
0.000000000000000000e+00
0.000000000000000000e+00
0.000000000000000000e+00
0.000000000000000000e+00
4.902748848263160075e-08
0.000000000000000000e+00
1.352890189699844669e-144
0.000000000000000000e+00
1.416787945782431682e-312
3.704539793554377513e-35
0.000000000000000000e+00
0.000000000000000000e+00
0.000000000000000000e+00
2.371169957536562828e-294
0.000000000000000000e+00
1.343465806355963489e-32
0.000000000000000000e+00
1.265390121428797432e-312
0.000000000000000000e+00
2.772633945695175617e-158
0.000000000000000000e+00
0.000000000000000000e+00
1.038336678262242933e-178
5.201243008399914801e-175
0.000000000000000000e+00
0.000000000000000000e+00
0.000000000000000000e+00
0.000000000000000000e+00
0.000000000000000000e+00
0.000000000000000000e+00
0.000000000000000000e+00
0.000000000000000000e+00
0.000000000000000000e+00
0.000000000000000000e+00
0.000000000000000000e+00
1.135547209990842669e-92
0.000000000000000000e+00
2.681288747423602286e-206
0.000000000000000000e+00
1.903554587174860491e-288
0.000000000000000000e+00
0.000000000000000000e+00
0.000000000000000000e+00
0.000000000000000000e+00
0.000000000000000000e+00
0.000000000000000000e+00
1.291674147266921941e-256
0.000000000000000000e+00
0.000000000000000000e+00
0.000000000000000000e+00
0.000000000000000000e+00
0.000000000000000000e+00
5.054326141551161034e-318
0.000000000000000000e+00
0.000000000000000000e+00
0.000000000000000000e+00
4.207815802855186220e-317
0.000000000000000000e+00
0.000000000000000000e+00
0.000000000000000000e+00
0.000000000000000000e+00
0.000000000000000000e+00
0.000000000000000000e+00
0.000000000000000000e+00
0.000000000000000000e+00
0.000000000000000000e+00
0.000000000000000000e+00
0.000000000000000000e+00
0.000000000000000000e+00
0.000000000000000000e+00
0.000000000000000000e+00
4.227013125681780354e-257
0.000000000000000000e+00
1.149546505001803457e-218
0.000000000000000000e+00
0.000000000000000000e+00
0.000000000000000000e+00
0.000000000000000000e+00
3.843240699126419504e-58
1.547862839199022015e-05
0.000000000000000000e+00
2.398507790716338102e-10
1.283102786203481470e-91
2.937681667998580693e-72
0.000000000000000000e+00
0.000000000000000000e+00
2.696415463422080179e-50
0.000000000000000000e+00
0.000000000000000000e+00
0.000000000000000000e+00
1.848731016374162445e-86
0.000000000000000000e+00
8.660545581985428200e-217
0.000000000000000000e+00
0.000000000000000000e+00
0.000000000000000000e+00
0.000000000000000000e+00
0.000000000000000000e+00
0.000000000000000000e+00
1.354695074254363543e-24
0.000000000000000000e+00
2.035496700100378760e-221
6.113937134239598711e-187
0.000000000000000000e+00
0.000000000000000000e+00
0.000000000000000000e+00
0.000000000000000000e+00
0.000000000000000000e+00
2.233677102024436397e-97
0.000000000000000000e+00
0.000000000000000000e+00
3.952358962323165464e-294
0.000000000000000000e+00
0.000000000000000000e+00
0.000000000000000000e+00
0.000000000000000000e+00
8.321416500094804580e-07
0.000000000000000000e+00
0.000000000000000000e+00
0.000000000000000000e+00
0.000000000000000000e+00
0.000000000000000000e+00
0.000000000000000000e+00
0.000000000000000000e+00
0.000000000000000000e+00
0.000000000000000000e+00
0.000000000000000000e+00
0.000000000000000000e+00
1.447739141839976406e-254
