# residue i_ratio gamma_2
1.000000000000000000e+00 nan nan
2.000000000000000000e+00 9.063812427544071237e-01 9.306804173860546703e-01
3.000000000000000000e+00 8.522149174140033479e-01 1.553274274117745435e+00
4.000000000000000000e+00 8.656504644088632849e-01 1.392284424748525984e+00
5.000000000000000000e+00 nan nan
6.000000000000000000e+00 7.776048993796569331e-01 2.537752506024212096e+00
7.000000000000000000e+00 5.775366994539395948e-01 6.263640579917995943e+00
8.000000000000000000e+00 4.366768474685429058e-01 1.059753792856351495e+01
9.000000000000000000e+00 1.436614266812555607e-01 3.773067569320125614e+01
1.000000000000000000e+01 2.653800764236651302e-02 1.124257605742033945e+02
1.100000000000000000e+01 3.949927455346985417e-02 9.144959710620690885e+01
1.200000000000000000e+01 1.843970865579843688e-01 3.012497935708124430e+01
1.300000000000000000e+01 nan nan
1.400000000000000000e+01 1.816570710067039740e-01 3.055530613618863001e+01
1.500000000000000000e+01 2.476555269993437614e-01 2.230572222377489311e+01
1.600000000000000000e+01 nan nan
1.700000000000000000e+01 3.515042641758449049e-01 1.458760549855786692e+01
1.800000000000000000e+01 2.632247209388179354e-01 2.084282160746423784e+01
1.900000000000000000e+01 9.551518505423807481e-02 5.215016532600874655e+01
2.000000000000000000e+01 8.151820058100563149e-03 1.842799162991627497e+02
2.100000000000000000e+01 2.398061966940614326e-02 1.180597460547158875e+02
2.200000000000000000e+01 5.923633779513557546e-02 7.209401226744074620e+01
2.300000000000000000e+01 nan nan
2.400000000000000000e+01 nan nan
2.500000000000000000e+01 2.841337471101616254e-03 2.576416522741609469e+02
2.600000000000000000e+01 5.892766469986400468e-02 7.232973543958534890e+01
2.700000000000000000e+01 1.962674051486477111e-01 2.836685069567424833e+01
2.800000000000000000e+01 4.612903387767005037e-01 9.678517361895398352e+00
2.900000000000000000e+01 6.135389251418617018e-01 5.436457572616591349e+00
3.000000000000000000e+01 4.564034850378281827e-01 9.854291878503859792e+00
3.100000000000000000e+01 1.987219572260030265e-01 2.802334392324290491e+01
3.200000000000000000e+01 1.893526337644187499e-02 1.316180650240387138e+02
3.300000000000000000e+01 6.961682532609497764e-02 6.499339918557878093e+01
3.400000000000000000e+01 3.861731784034349579e-01 1.278689341145856062e+01
3.500000000000000000e+01 6.829139757854227888e-01 4.060463304883336733e+00
3.600000000000000000e+01 8.684136665653447995e-01 1.359732560968457404e+00
3.700000000000000000e+01 9.097993909205358554e-01 8.936470100881858114e-01
3.800000000000000000e+01 9.081986912873443174e-01 9.109580882459039630e-01
3.900000000000000000e+01 8.572769795626634659e-01 1.492084189483410261e+00
4.000000000000000000e+01 8.456983664143702395e-01 1.633018027838305963e+00
4.100000000000000000e+01 7.508359243871145505e-01 2.933469946725314692e+00
4.200000000000000000e+01 6.707748096807716331e-01 4.283085942237593535e+00
4.300000000000000000e+01 7.645475816697228089e-01 2.727681809943967473e+00
4.400000000000000000e+01 nan nan
4.500000000000000000e+01 8.406177932652348916e-01 1.695962086513141509e+00
4.600000000000000000e+01 9.436057041733325601e-01 5.405190615542004862e-01
4.700000000000000000e+01 9.656961420903021898e-01 3.219401222352175629e-01
4.800000000000000000e+01 9.818444789241448367e-01 1.678330761866673737e-01
4.900000000000000000e+01 9.904042963648707065e-01 8.800488769679787326e-02
5.000000000000000000e+01 nan nan
5.100000000000000000e+01 9.953543362857182331e-01 4.241324922769824229e-02
5.200000000000000000e+01 nan nan
5.300000000000000000e+01 nan nan
5.400000000000000000e+01 9.958050436694131369e-01 3.828262721958958920e-02
5.500000000000000000e+01 9.963981476864411935e-01 3.285217398914110770e-02
5.600000000000000000e+01 9.969574061829712397e-01 2.773701388421929981e-02
5.700000000000000000e+01 9.971348430691542308e-01 2.611521314992027928e-02
5.800000000000000000e+01 9.963363022620745912e-01 3.341815429077782396e-02
5.900000000000000000e+01 9.961663522420396433e-01 3.497378752121446666e-02
6.000000000000000000e+01 9.956731867866782659e-01 3.949070973942344492e-02
6.100000000000000000e+01 9.955693903219263730e-01 4.044190613190858097e-02
6.200000000000000000e+01 9.970327927407769408e-01 2.704790462980932036e-02
6.300000000000000000e+01 9.975901760693527409e-01 2.195580904696916441e-02
6.400000000000000000e+01 9.978825577261732915e-01 1.928677030803688242e-02
6.500000000000000000e+01 9.977507654647361779e-01 2.048967393992053715e-02
6.600000000000000000e+01 9.972293374161028678e-01 2.525173515907712038e-02
6.700000000000000000e+01 nan nan
6.800000000000000000e+01 9.968077992165021994e-01 2.910485443572527822e-02
6.900000000000000000e+01 9.972846995124212688e-01 2.474591238052279915e-02
7.000000000000000000e+01 9.966410685498143796e-01 3.062969690488780844e-02
7.100000000000000000e+01 9.953694337531968639e-01 4.227482938250291117e-02
7.200000000000000000e+01 nan nan
7.300000000000000000e+01 9.871725075218781287e-01 1.179958862746835480e-01
7.400000000000000000e+01 nan nan
7.500000000000000000e+01 9.681811142812078996e-01 2.979206309177969136e-01
7.600000000000000000e+01 9.534814517332060868e-01 4.416621395613957723e-01
7.700000000000000000e+01 9.230887662928344284e-01 7.520309382379328778e-01
7.800000000000000000e+01 9.274993884055328097e-01 7.058443510332805815e-01
7.900000000000000000e+01 nan nan
8.000000000000000000e+01 8.730595911064739090e-01 1.305421031746760274e+00
8.100000000000000000e+01 8.862458754303688124e-01 1.154077971381200163e+00
8.200000000000000000e+01 7.864884835688502607e-01 2.411763113056097918e+00
8.300000000000000000e+01 7.392544651499062258e-01 3.112583459218857929e+00
8.400000000000000000e+01 7.386261065012347249e-01 3.122444436171321946e+00
8.500000000000000000e+01 nan nan
8.600000000000000000e+01 6.556049873174245590e-01 4.571491754769025029e+00
8.700000000000000000e+01 6.301332248046318529e-01 5.083141877959927335e+00
8.800000000000000000e+01 4.272486789194613888e-01 1.097314295796569539e+01
8.900000000000000000e+01 2.672309154164841938e-01 2.048832878862604900e+01
9.000000000000000000e+01 2.126007078731774746e-01 2.619642418739262979e+01
9.100000000000000000e+01 2.348620367317928725e-01 2.362052787852177005e+01
9.200000000000000000e+01 5.396261492507667956e-01 7.237522720096467133e+00
9.300000000000000000e+01 6.294179549564571374e-01 5.098033789914902414e+00
9.400000000000000000e+01 6.656685227049358167e-01 4.378870894450272111e+00
9.500000000000000000e+01 6.997471455794471717e-01 3.763090623550120473e+00
9.600000000000000000e+01 nan nan
9.700000000000000000e+01 3.280704003176455053e-01 1.597969355922245605e+01
9.800000000000000000e+01 3.268020734224776902e-01 1.605967115470532036e+01
9.900000000000000000e+01 2.566410435664749912e-01 2.144433000755937613e+01
1.000000000000000000e+02 5.744717549002926749e-01 6.338221294704203146e+00
