0.000000000000000000e+00
4.335664765951210420e-01
3.004187153600366589e+00
2.856115384788212808e+01
3.552069827714989003e+01
3.264651872386141349e+02
9.100105032111162018e+01
7.482698057930853963e+00
6.153963184508318029e+00
1.679100164057352984e+01
5.232978309488149904e-01
2.064535278622086523e+01
5.714920645424351520e+00
9.979352987474772618e+00
1.433466830189309782e+01
9.112615921907684324e+00
1.125797474714188695e+01
1.185738666592144053e-01
1.089730989054331545e+01
1.282338782116554654e+01
1.532813609494819502e+02
1.261497166673194315e+01
4.970222939118309036e+00
2.017475786572494201e+01
1.866952789034641569e+01
3.333548791507146558e-01
3.705599225828200977e-02
5.904047791381668020e+01
2.127696240953631079e+00
2.515129074915233853e-01
4.202933578522593905e+01
1.667846007953930709e-04
4.949159591731398522e-01
2.361984980995816130e+01
5.391831675686770495e+02
9.677638067539243494e+00
7.505624384189283330e-18
1.904992831530857529e+03
1.787396121682100159e+01
4.497613212990970766e+01
1.240161424138739754e+01
1.102924602628118977e+00
7.241913778116010336e-02
2.211915490146537864e-13
9.432336315495390977e+01
5.261573794626175804e+00
1.554124618835551175e+01
7.636347129767790420e+01
3.050822255346151834e+01
6.328253415644234110e+02
2.355501960335013851e-49
1.583064523588884165e-09
1.752949553769886279e+03
4.760089039433720560e-292
1.606591436612536086e+02
5.830453788058125753e+01
1.241465505800799004e-04
2.422756980435179912e+02
0.000000000000000000e+00
0.000000000000000000e+00
6.450639415015299392e+02
1.759363974848058376e+01
3.852400656302241710e+00
4.395847012998833847e+00
1.396529736879784700e+01
2.698755987889120433e+01
3.080779998283548338e+01
8.831200251389176969e+00
2.734219737858318844e+00
1.114468515236479007e+01
4.238056081544431919e+00
7.379962244884167433e+01
5.370971650896392724e+00
5.717931274599331815e+00
2.342322910589917928e+00
8.132860407335217090e+00
1.185973270773023991e+01
3.967085167058217436e-141
3.869009507267317360e+01
2.042439220849819934e-75
2.069049865139036370e+01
1.277296003204926045e+01
8.028889303981076253e+00
2.862149741929547631e+00
6.473402142820749816e+01
9.562197777942467170e+00
6.117472860356276243e+00
3.168957372625587610e+01
1.133226274789743648e+01
6.452166390837572862e+01
7.321984464208440180e+00
1.478948778819857601e+01
6.988255135333555579e+00
1.297827023075469910e+01
1.628492865097641484e+01
1.018873712966086131e+01
1.040303512662243151e+02
1.829843720763867054e+01
1.172932981102703565e+01
4.965731673065020857e+01
3.042309225761800207e+01
9.239333842706123505e+02
1.089586058329970228e+02
1.650347563036262066e+00
5.690450849844381764e+00
1.318782840062270800e+01
3.347526170621170394e+01
6.543287336055154810e+02
3.535839947022421843e-127
5.041519960010955924e-318
3.254599675742657033e-09
3.528553514668367797e+01
4.096798582575024739e+02
2.363238907116956398e+03
2.398476571141358704e+02
1.161469183503933778e+02
2.014245273520405135e+02
2.943798778860380527e-145
4.460243249916992815e-21
8.773955213429145453e-20
2.411332938946456039e+01
8.477948016463339974e-148
2.535890055237498134e-61
0.000000000000000000e+00
2.943739917003871369e+02
0.000000000000000000e+00
5.323142879670190730e+00
1.522132112405532389e+01
1.305998381956845478e+01
1.603907257298083167e+01
5.541829439802107515e+00
3.044609102974360493e-02
1.198077112290245189e-01
1.124833619443784674e-05
7.091545786737686596e-03
1.924162769955969736e-04
4.195438834862595390e-01
2.864694089263403498e+01
4.966840955210966513e+01
2.897003393236028046e+01
4.473713046539542404e+01
9.006825859937704237e+00
5.045217824863210687e-01
1.089284179027713156e-01
1.973602653032438781e+01
3.165165080261746411e+01
5.474390387173693284e+01
1.322802438311305906e+01
5.630446920451620763e+00
3.236402339115090143e+01
1.003675892886845888e+00
2.871408189193375904e+01
2.142687515905749851e-01
1.357774395107584020e+00
2.432332338186935431e+03
1.809174341456169211e-93
0.000000000000000000e+00
6.515605134406154853e-162
0.000000000000000000e+00
9.381781784061862695e+00
0.000000000000000000e+00
5.235606624601543354e-24
0.000000000000000000e+00
9.140465288005418643e+02
1.106322954218861128e+02
2.152760967944068966e+02
7.199060790215982024e+02
2.986801983415819564e+02
6.537287693323420079e+00
0.000000000000000000e+00
3.012820431123168219e-01
4.722054293212987613e-21
1.292553267482741871e-27
0.000000000000000000e+00
8.745880912266226994e-40
1.006442308621641679e+01
0.000000000000000000e+00
0.000000000000000000e+00
0.000000000000000000e+00
6.516234924279139733e-134
6.302731619147302559e-31
3.171780581263364877e-152
6.531075551135018920e+00
1.560697143277319299e+02
0.000000000000000000e+00
0.000000000000000000e+00
3.470723320733321251e-39
4.796053288512057478e+00
6.106423143949360824e-04
2.303735043671591468e-41
9.847516691688593937e+01
5.052713059742684353e-17
1.255785325115232883e-07
1.920928031774738542e+01
7.121853681547456461e+01
3.581373170141272293e-50
3.366117705446029157e-61
1.551466636225792399e+02
2.802477335006926234e-10
1.340615769396560353e-01
2.690089189766219420e+02
0.000000000000000000e+00
3.507731488756482463e+02
1.075091472812403220e-01
1.593498501975795765e-101
8.321004079716480192e+03
1.117854105851323609e+00
1.617980412600543616e+01
2.517726686867280961e-01
0.000000000000000000e+00
9.844803067837804879e-04
1.506991018002483145e+02
1.769686346962650834e-41
4.412263686208644486e+01
3.730653610985474700e+01
6.357816986034036856e-11
2.691298033743175324e+02
4.362019773447711302e+00
2.220163065414983521e+03
2.905058755322511121e+00
1.391966588313220399e-01
2.280906790309684825e-89
1.498998351178214072e+01
5.182171281514448680e+01
8.185197855940029577e-02
1.897614724793595542e+01
2.568767801522980676e+01
6.567076443155694676e+01
4.541791453066989703e+01
4.932675746641102421e+00
1.614098975897138075e+02
7.206651789086393478e+01
2.580563592296527986e+01
5.995686823489000972e+01
8.110876645738802182e+00
4.161046887220739876e+01
9.768211949923058413e+00
1.035878141118978135e+01
8.831987606563091120e+00
1.081439681936899078e+01
7.732939078463849647e+00
8.325325397209232037e+00
7.476582211392104327e+00
1.068882093817463641e+01
1.068472566915937527e+01
6.858436067280557324e+00
6.445201953920834725e+00
1.315129253341874893e+01
8.954533806067468404e+00
1.092939780317454179e+01
8.537621820355468572e+00
6.109733937493422751e+00
7.988483763790826586e+00
5.552617683601973830e+00
9.006495672347078596e+00
8.139836550159991191e+01
1.289640089856480287e+01
3.329895665844229136e+00
1.084295507508290690e+01
1.000569198951594174e+01
7.769370444391507924e+00
7.723312108207109006e+00
1.409185780988057068e+01
8.973314801476377056e+00
6.992571008324203419e+00
7.976310915562484638e+01
9.659503318325580068e+00
9.405424801391767176e+00
8.652288294281653691e+00
1.253647006813672782e+01
9.900928022067564171e+00
2.928418381728527198e+00
2.369937752627824246e+00
5.983036294341389727e+00
1.146545323328840915e+01
9.748945042691147478e+00
1.108460026026504153e+01
6.974985412466658374e+00
2.554642088708769876e+01
9.419930067353671888e+00
8.953909152172563779e+00
8.401691843551732930e+00
1.149076374290260816e+01
1.275240407520265862e+01
7.925114029119681547e+00
9.579691787517798929e+00
8.424248300487992225e+00
1.020878994792750838e+01
4.341155800422160382e+01
8.974549848385571238e+00
7.154893064120536827e+00
9.707032816555154042e+00
8.068935382652151489e+00
9.147923786569009508e+00
1.312988463234150061e+01
2.021205333545218474e-01
1.924373920197155474e+00
1.359393325046554821e+02
5.504956606940072383e+00
0.000000000000000000e+00
1.621291149416711264e+01
3.839729960723985869e+01
1.796669653071189288e+01
1.603754919633312070e+01
1.652182413477116185e+01
1.182279591295587728e+01
1.945282395569532596e+01
1.852381894754639546e+01
1.666967836864106900e+01
1.494884539327528827e+01
2.210115384389467508e+01
1.183247940066406656e+01
7.884184587030719449e+00
1.287626446223960741e+01
1.113684240051107253e+02
5.700544538249709348e+01
1.908272394863820764e+01
3.210626346420697530e+01
2.595260695092862235e+01
1.670180089448688321e+01
2.109360043788739958e+01
1.099211630432525233e+01
1.235456369448550973e+01
1.049812642331760237e+01
7.696192723843561012e+00
2.722786839086656840e+01
1.890230398661863731e+01
2.283393334289542409e+01
2.687228506291628705e+01
1.132981324480789276e+01
9.764128138704524673e+00
1.507526683397389000e+01
6.436329884720496608e+00
6.451973044298313198e+01
0.000000000000000000e+00
1.064113843527987990e+00
3.728453295845211528e+02
0.000000000000000000e+00
4.588766250194840381e+02
5.028791999807310731e+01
2.743764721109313869e-124
5.645008244418057153e+00
1.647468531468736730e+00
1.757605567106846582e-14
1.381100121206453579e+01
5.847092523748925963e+00
6.179773848296493947e-10
1.659441425077763932e-01
3.996290734385874543e+01
2.719195037513560287e+00
1.360114466972437413e+02
3.742484039979567711e+01
2.093756721390395370e+01
1.346029947342629107e+01
1.077212913459649364e-15
1.593957031307612304e+01
1.727810999228883020e+02
2.695957680966403913e+01
6.588938895945688934e+00
1.799871236123201967e+01
1.304069038643905366e-108
3.184379268472870450e+00
1.246543662877529535e+01
3.315910589055250335e-06
4.426936409769172087e+01
1.658953806571811072e+02
6.264359225899336359e+00
5.960753838852610897e+00
5.688008971129684954e-02
9.795315270068709168e+00
8.329941463204808107e-124
1.086839817447688716e+01
1.952696463783028236e+01
2.129599629831774088e+00
6.818960795783530671e+01
2.414579637902475873e-01
1.619492588398676380e+00
1.636066224264901848e+03
2.124086147572822370e+02
4.750711116605447870e+00
7.209388843782607581e-02
3.647458766658249374e+01
1.280564769857663477e-08
1.657290282270576398e+01
4.737230107037784705e+02
8.453120657499086121e+01
5.843098079363645780e+01
1.575118564405993647e-03
2.380185279273445786e+01
1.348512534905081566e+02
3.838340342578679692e-10
2.315073103883864114e+00
1.714454321885497290e+00
1.743120282537923948e+00
2.103579144573981807e+01
4.127235642628422352e-01
1.001146210893848137e-09
0.000000000000000000e+00
1.648590381474045685e+01
4.329611724971252897e+02
1.916725272172577945e+02
2.907571203447471220e+01
7.592626382235334805e-112
8.557457529214826053e+00
1.020125628566659402e-43
7.548935283207841409e-100
1.377204293181867110e-09
0.000000000000000000e+00
1.326262879068229155e-16
0.000000000000000000e+00
3.572656794403651048e+01
9.719445386849993440e+01
6.674410859416758254e-85
2.030201759175617582e+01
4.526205218165950228e+00
5.245354519286007822e+00
4.403769734535629254e+00
3.722042685015424013e+00
2.194017081766999944e+00
5.696152112679354396e+00
1.155775102532522780e+01
2.017984340927056197e-01
1.352590848740492291e+00
1.810541622851745247e+00
5.291670770862432249e+01
2.062087576875394745e+01
3.495287612016326761e+00
0.000000000000000000e+00
1.769393556931102864e+02
0.000000000000000000e+00
0.000000000000000000e+00
0.000000000000000000e+00
0.000000000000000000e+00
0.000000000000000000e+00
1.175637786886688944e-211
0.000000000000000000e+00
0.000000000000000000e+00
0.000000000000000000e+00
0.000000000000000000e+00
0.000000000000000000e+00
1.980431970867943923e-19
0.000000000000000000e+00
1.630873689997142807e-26
1.319030852705021167e-88
1.874736454843113265e+01
1.070990365544714696e-07
1.115250697673147590e-06
4.025777185646659291e+02
2.283437529781406905e+00
3.863640484076350652e-103
2.232676783494376046e-90
7.330010855994111125e+02
3.632040942252901772e+01
3.361322287355800853e+01
1.124765361470334035e+01
3.459224278419590787e-15
2.470002624597788243e-01
2.982597897136339071e+01
1.650862545301557205e+01
6.117888093131419680e+01
3.952751408816485235e+00
2.185992660828969036e+01
8.658083224530402688e+00
5.166580335682849068e+01
5.524171856811907588e+01
4.491372295481307432e-175
1.119370228385252091e+02
0.000000000000000000e+00
2.289324692272403894e+01
4.510984630265022055e+00
1.861380331314060665e+00
5.014455729104503945e+01
4.793875760385414253e+01
5.093515528552652521e-22
1.015366137217631540e-02
0.000000000000000000e+00
9.567667587258895878e+00
0.000000000000000000e+00
2.915462727045613267e+00
4.692405057744760241e-73
2.132574079253586419e+01
3.775059507376735382e+03
9.351623625247559630e+02
1.776711075268302054e+01
8.491834349386818974e-45
3.023636789917254664e-04
1.695959523250533828e-193
1.623717848462358912e-09
5.493174860066390996e-01
2.926678441700444888e-01
6.345782720409790301e+00
1.543539385814734986e-05
3.302931637700152174e-49
1.874781578307974428e+01
1.602639804095335574e+00
3.987160874538642652e+00
2.303719309724741038e+00
8.470787019376375682e+00
6.288131480306786258e+00
7.057390260527538040e+00
5.574103263780583184e+00
1.976942287469501380e+01
1.341795220834126745e+01
6.959050144874773913e+00
2.359056298988444693e-101
1.533911019125819131e+01
9.969669058338855194e+00
1.284103876841782821e+01
1.642014238782926583e+01
1.015623091369302600e+01
2.505917074743313933e+01
1.028437421284632514e+01
1.054626016890049556e+01
1.279546017446807227e+01
7.811687716689405647e+00
2.045806139467886098e+01
1.197469163884473176e+01
1.310583690827338010e+01
1.424118278830043138e+01
7.906620206858709032e+00
5.199756438965049021e+00
3.249757971194829338e+02
8.827668613122352514e-01
6.404433530045857026e+00
1.538714076087321203e+01
7.122081042472693246e-01
1.448364896758937981e+01
2.215192070774188338e+01
1.043343691035262211e+01
3.386965827445225430e-04
1.387191538058474283e-01
5.453503559699198833e-04
7.061444019904824287e+00
2.935403442127667617e+01
1.176480455352980492e+01
2.637112513615455001e+01
1.402883395211544268e+02
1.027753016274706852e+03
1.184827448441067688e+01
3.483141661983915963e-03
5.903249239360315670e+01
1.584805224935447754e+01
7.722684022777025348e+01
8.649428186985947065e+00
1.420484449871166532e+01
1.627790201529542846e-01
5.468182831714637615e+01
6.248145984564950517e+00
1.050705735296000221e+01
8.334149131454488213e+00
1.138593934091286712e+02
3.988172613501435038e+00
7.405171461479019834e-01
8.205529655295070057e+00
9.465781096563539165e+00
9.920180328355888832e+01
1.633423058428871755e-12
1.768723867728943446e+02
2.212788865686588835e+01
1.166663511059463161e-04
1.056347165922421000e-04
5.060561095262992914e+00
4.965157969069011051e-02
9.343386607271882971e-01
2.189666289344214655e-03
1.076549130965862577e+00
2.131738468940184816e+00
5.059792416913681118e-02
9.589316850031501206e-04
8.559684821961267787e+00
1.520757777937915733e+01
1.069309407549248414e+00
8.258177674219988162e+00
8.990902544829875609e+00
1.163187267232574662e+01
1.200531711597562357e+01
7.292545447039534778e+00
9.983691553808352381e+00
1.058302147760041834e+01
1.274117217832560200e+01
7.738322444800922462e+00
1.527086996670733443e+00
6.268674787952255301e+00
1.269554784055199330e-08
3.279642460440947360e+01
3.635882833283150717e+01
2.730083734538598961e+01
4.637444021453876530e+01
5.847427550635818427e+00
2.341021493687451738e+01
1.018648427011347835e+01
6.679343041901499873e+02
0.000000000000000000e+00
2.283057740278801759e+02
1.441899402744068581e+00
3.774814158870809379e-33
4.032656883237772405e+01
4.530833912060461444e+01
3.219538891401936780e+03
0.000000000000000000e+00
3.093663170313283928e+01
7.763790220426214361e+00
4.346503910488280553e+00
0.000000000000000000e+00
6.197360991954234066e+00
6.947305780284515286e+00
1.341981943108107034e+00
6.258633260162074663e+00
3.610441265793422616e+01
8.460010323448241110e+00
8.109480826073863113e+00
7.567469589354057113e+00
5.789930672846426596e+00
1.271150739330752799e+01
1.636359933787504417e+01
1.788004176003713752e+01
1.016910154654528675e+01
1.435265841316405400e+01
1.227956664015738397e+01
1.578422417507839270e+01
2.644496446155434910e+01
1.754160872652079917e+01
2.407077925300532328e+00
1.377716639978418733e+01
2.366506656233445227e+01
4.226598004658546515e+00
8.581006112879226322e+00
1.097089769147699556e+01
5.636058490304656061e+02
6.406958286448100282e+00
3.120130125274081934e+01
1.306643597985173244e+01
1.525529826177426251e+01
3.376128975309355962e+00
1.454834509652020991e+01
1.101387608130318618e+01
1.213666846497991081e+01
1.364086474256386694e+01
2.724933187382774236e+01
1.247617738248703922e+01
9.523695261549518065e+00
6.418702692210355165e-01
1.035547803691573510e+00
1.900387404714052986e+00
5.221381431417466246e+00
3.104991549688289609e+01
1.063380077043465377e+01
6.205290636431567419e-01
3.856241281803819447e+02
2.349162342483195687e+01
1.381412351082094858e+02
1.458155829845715461e-73
9.187986141880464039e-06
6.839008899305421820e-11
2.156393267080667449e-20
1.044355352754341645e-05
1.921409417590157931e+00
0.000000000000000000e+00
3.369421112945484068e-04
3.866779472167861513e+02
2.594244385168506195e+00
3.724253145900353275e+02
3.762896359885019161e-23
1.698019487390946836e+02
1.796515945178695538e-71
1.999406080064152803e-12
2.446547789453350219e-01
3.765199190698265284e+02
1.679237132183867232e+01
1.951631050752303295e-301
9.648941485937011404e-04
3.163020585526265638e+00
6.501010299481269072e+00
0.000000000000000000e+00
1.477300834679971607e-20
4.397411476193752833e+01
4.924673518335409894e-112
0.000000000000000000e+00
0.000000000000000000e+00
0.000000000000000000e+00
9.479805290347306150e-06
3.753801376324371973e-24
1.100400834090176169e-20
1.188133639087070919e-36
4.533824483922332393e-01
8.220309077556578359e+00
1.490120808397089447e-176
3.130045660413603414e+01
4.154780989587186468e+01
1.262025180837357752e+01
2.435753372102556491e-01
1.262364890805674911e+01
2.344043344229807424e+00
1.067396029150656744e+01
3.965664002422632173e+00
3.328197131266618669e+01
1.320818114765513229e+01
1.246350987218951900e+02
1.901819229096955271e-46
1.951573363501139013e+01
0.000000000000000000e+00
1.209682968566009936e-26
6.557226157815811973e+00
2.537360637093054816e+00
2.121066735461345054e+00
1.272558934141473586e+01
2.258772002262533007e+01
1.073781004285029539e+00
4.628533876585029105e+01
2.914946746036513758e+01
1.036155932036904925e+00
1.664283506712115113e+01
4.025043991942796850e+01
4.393095858883346239e+01
3.912129735191899016e+01
2.975511176685183301e+01
7.968277314010457246e+00
1.957805979711307742e+01
4.795934984192456452e-01
7.640726134772377520e+01
9.688497050379783815e+00
3.439132599467933371e+00
1.253780190892639865e+02
3.697444469728575989e+00
3.996790568387768872e+02
5.975892991937368670e+00
5.655355516724405618e+01
3.547302258614263515e+00
9.561366491288550762e+00
8.342632763856537181e+00
1.613960149173081504e+01
3.254597805954705336e+01
4.009045997762236802e+00
1.140526493145452136e+01
7.379146230272271012e+00
1.006579508086684349e+01
6.272655863600800785e+01
1.126467832443966005e-01
9.785408296012590768e+00
1.372645534081899932e+00
8.891483648352947744e-02
8.953426846321892185e+01
2.680444886295145679e+01
2.219986386642313647e+01
8.899921221397207205e+00
2.194805512847642959e+01
2.263835162168276582e+01
4.725908275060324826e+01
9.238546448103772235e+00
2.140678500824513719e+00
9.482358877748988846e+01
5.919484143760478645e+01
8.022574439577526917e+00
3.063146239989561082e+01
3.721601130782619560e+00
2.224281264838278815e+01
8.217380895852819833e+00
1.125182531908825290e+01
3.670292406558306908e+00
1.174768546587905504e+01
1.773703177683361076e+01
1.232812607598301691e+00
3.324571232688302569e+00
5.965188097043718329e+00
6.159102207345974911e+00
8.000826339471709403e+00
1.661295801306704689e+01
1.135968136289879306e-07
6.269679227352471429e+01
1.057116024533138798e+01
7.629286282440826739e+00
1.264284624360061144e+02
1.699594094724274029e+01
1.236260385426027852e+01
7.026937640885736469e-01
1.321701343349713786e+00
1.317918763453830522e+01
1.540147904199243634e+01
6.863976490800482111e+00
5.779632459554420620e+00
7.599851787117255064e+00
6.330675246736645612e+00
7.984966161994125677e+00
7.593922802351115386e+00
5.173777555967581598e+00
9.414481605019544119e+00
8.019619344218723356e+00
8.013760097444345476e+00
6.780009506253551699e+00
6.119249340373306367e+00
1.015791351370243767e+01
7.364616280926867375e+00
8.171724903805612783e+00
8.008234045163218795e+00
9.817118514452166878e+00
7.378146985599051355e+00
6.797840478563505151e+00
7.302889789667972309e+00
7.757163862440737745e+00
8.277917871263113625e+00
8.691214052252437483e+00
4.861798300018758567e+00
9.322781304249714296e+00
6.301016888000895988e-02
6.723157120980115309e+00
9.652227877498001263e+00
1.126081696272809296e+01
1.427232859099504658e+01
1.299627787539576929e+01
4.877771907036930088e+00
9.465339681139031569e+00
9.479452566484203757e+00
3.248065627945120326e+01
2.831500494098731835e+01
3.540904415262487959e+01
8.295391314287675621e-01
6.991085670144459030e+00
1.329998807539647885e+02
1.518913970573317618e-01
6.782221204495691991e-01
6.960165411588205378e-07
1.106410612374170432e-01
2.485247639404546452e-04
9.275012723957493793e-03
3.231829483876302866e-02
5.137897729462052334e-06
2.302307067233819865e-02
2.895381366888539199e-01
0.000000000000000000e+00
7.010368665981886917e-12
4.807764138917656194e-01
2.180618276699349941e-12
5.956155553883679956e-28
0.000000000000000000e+00
1.064690559064645938e-60
2.127455728837929216e-01
3.765639227647932241e-02
4.271684425949719532e+00
2.632573509053147909e+00
1.372192847704559460e-01
8.149136703957322522e-03
2.792172724795855543e-01
1.226864212541982219e-01
2.789563024560925442e+01
1.789932554265118938e+02
9.930846240383452539e+00
4.884082866108365728e+00
1.002032271983127210e+01
0.000000000000000000e+00
4.636360508252083434e+01
1.318611297537784992e+02
8.333087120687299870e-03
1.807197894227086366e+01
4.915354176644711082e+00
1.087532323768691533e+01
3.686394973604552403e-03
1.403235569612616871e+02
4.769314939954782912e-81
0.000000000000000000e+00
1.364564789856451554e+01
0.000000000000000000e+00
0.000000000000000000e+00
9.242457780670288514e+01
3.001277257768768525e+00
1.445502232314198068e+02
5.517338524137429978e+00
4.508321284423370929e-18
1.316522446752401709e+00
1.642358995646051367e+00
5.044502074689198350e-19
4.393209242630393874e+02
7.281474775959322798e+00
2.172715949385586876e-213
8.677929639364005556e-33
1.804180775812421089e+01
1.831818356172526877e-02
6.374297686627597642e-50
2.928110064539938065e-02
3.763607034612606791e-134
1.428520823625287504e-11
1.599049743311165059e+02
3.689194398070875087e-39
2.890796515433959257e+02
1.264672637241971373e-04
1.457545325811155479e+00
2.590996303583587590e+01
2.313631239095124315e+01
1.348784204936302444e+01
1.443925447459642797e+01
1.781456823869321582e+01
6.483027171505763741e-20
1.576282624015826528e+01
4.905499615683843899e+02
4.837851091061699194e+00
1.712813244913282199e-02
1.258460563096598574e-04
2.346450291827914612e+02
6.658400490820098063e-13
3.095679339389367613e+01
1.506757731882412372e+02
4.679705548458296116e-02
2.037985401288933076e+02
2.813392164376910583e-03
2.588340862501390234e+02
7.997110041102678224e+01
7.347328855250139235e-01
9.771151418895664165e+01
3.717341039521812149e+02
8.183466744194674902e+00
4.913864787371892362e+02
2.803238065788688118e+02
2.251444920711368619e-02
9.996250546007607340e+01
9.646681866451031206e-01
4.281602139794720152e-01
1.129767075316901590e-20
2.656966277166388779e-01
3.720896233924845919e+00
1.951271386917022177e+00
0.000000000000000000e+00
4.209865119946544496e+02
5.689105545065500813e+00
3.767079637693545351e+02
1.480544989136117806e+02
2.717842482500522738e+00
7.734866773888663674e-06
2.762088292898648323e+00
4.031583762583522912e+01
1.142420445694705222e+02
1.095715643260537888e+02
1.016028461135420855e+02
1.061218261731688926e+03
5.290225284026451646e+01
2.679931924637942051e-07
5.537642075803653086e+01
1.495659206201857749e+01
3.305593450840723335e+01
1.493353187440779266e+03
1.132704004446884838e+01
9.154448070802145843e-02
1.287114833057971220e-15
1.132261289135445825e-01
3.607741101534879817e+02
1.046481731390169898e+02
2.016044656943461628e-26
0.000000000000000000e+00
1.939769152494272555e-230
0.000000000000000000e+00
1.558046154989836118e+01
1.628629820624503921e+01
8.296607727314742053e-01
7.563015470380121563e+00
5.399369631189562924e+00
3.893028465984681930e+01
1.331293513288631125e+01
1.754658831033031845e+02
4.761473553951367066e+00
9.005308204469058353e+01
7.293095756810051178e+00
2.024649723149615443e+00
1.414539500565042118e+01
2.882860816621763078e+01
2.006037064112835111e+01
1.535827406245123150e+01
7.426733279217755523e+01
1.496191598949347394e+02
3.206405381642994001e+01
2.589256690233075346e+02
4.643099352100600754e+02
3.322599064739486039e+03
1.927135492950999307e+01
2.006631839514821891e+01
6.384232574298312812e+01
1.933027559113152805e+01
1.389394150616153900e-01
2.901282438354520465e+01
4.089415122264570357e+01
1.848808575846109648e+02
1.444222836467633897e+01
2.625835235640546372e+01
1.294572106515099108e+01
1.500858284982051138e+01
1.609575778251627298e+01
1.560370741489287028e+01
7.487992345296821561e+00
2.118915942384355944e+01
8.028049881035714819e+00
1.763738591863183558e+01
1.000261129373103230e+01
1.153552599750136523e+02
1.097392331452492300e+02
1.309262915190628540e+00
6.725964287465027169e+00
3.058697629856255706e-01
2.857799250119294499e+01
9.597170526568277182e-01
4.387145599022504143e+02
8.955470991080478615e-01
1.069698198003183265e+01
1.300298285967814422e+02
1.859325313530532924e+02
1.642976757377211106e-01
1.352742796848926332e+01
1.054861779762747531e+01
1.138730489191789502e+03
0.000000000000000000e+00
3.626252787448967471e-189
6.546158990335953831e+01
7.542804128029092681e+01
3.549952311346392975e+01
9.650141945421088963e+01
2.977746657995105295e+00
2.157595348849009298e+01
1.549687641469325250e+01
2.414654051225699205e-01
1.776542868077481444e+03
1.877002751490846606e+02
1.388708717054552899e+01
1.093856715696444049e+00
0.000000000000000000e+00
1.094062431914294251e+02
9.963578028415782592e-03
4.302042491243027025e-07
0.000000000000000000e+00
0.000000000000000000e+00
0.000000000000000000e+00
0.000000000000000000e+00
1.084112604976215748e-02
0.000000000000000000e+00
2.060322126595581052e-178
0.000000000000000000e+00
8.883704284972763773e-142
0.000000000000000000e+00
1.720939077931822171e-41
0.000000000000000000e+00
0.000000000000000000e+00
3.325974791425662261e+03
1.553006489339717676e-80
2.929079342865442868e+03
9.366449851587614738e-189
7.179675223920991129e+02
0.000000000000000000e+00
2.256885302953934977e-42
2.558849364153843453e+00
5.209542486220176592e-09
1.303736698974671704e+01
2.180032009909675494e+01
1.084443845971255933e-02
1.056473489115417586e+01
5.673593919787947470e+00
1.085028663089131670e-86
1.736452417759845090e+01
1.977685633701367930e-11
6.111262317355897089e+00
9.322128554113238579e+02
6.149580730181738453e+00
2.771891250902111192e+00
1.169523075717312111e+01
3.976649293489282968e+02
8.422677354641883767e+02
1.977776944279675035e+03
0.000000000000000000e+00
1.986910735915319492e+03
2.549077276572282926e+02
1.272669287988921483e-01
8.539028775852749442e-01
1.282662591404289327e-186
5.963144076379594038e-08
2.474490290221800493e+01
1.573795213817613323e-02
3.922287664867648971e+01
2.735353146675508285e+01
1.662081615707140456e-02
0.000000000000000000e+00
6.084869729840835079e-218
1.113969240982905376e+03
4.732659971357800619e-229
1.048129745250210334e+02
7.524651097624231709e-118
4.240440201846339505e+02
3.717620457396157985e+00
1.397088222874669272e-24
0.000000000000000000e+00
1.688030693593349507e-01
6.933750304613723756e+02
1.210538353131715740e-132
0.000000000000000000e+00
4.726719335493381191e-01
1.572727972871738871e+02
1.369992872030711169e+03
1.156448458401203538e+01
1.046741339834120765e+02
5.131931301804228696e+01
5.457577931359168133e+02
1.089651752756177814e+02
3.269055626502177603e+01
1.840532202602900270e+03
5.597416548106424153e-19
1.611824072083513340e-95
4.402319866364099211e-28
3.305178201016926793e-70
1.495112828203637133e-133
1.690138106726992603e-24
2.975973294255312140e+01
2.495371393029327521e-192
7.406713405635170222e-01
2.623807126225612598e-163
1.282336157348634333e+04
5.057984207561446510e+02
1.428824606362585996e+02
1.839852072114839757e+03
1.095586765642083628e+04
1.462833631433620383e+02
2.862943295528757592e-01
5.417760524858596202e-27
5.353541510874830465e+02
2.142511733055680452e+03
6.443836200636448552e+01
4.875504410411018341e+00
1.675531589481096944e+03
2.260673293898206536e-08
5.635364613406048193e+03
2.854885125761296081e+02
8.922602341971514761e+03
1.194625379042840905e+03
1.318446415670641909e+04
6.995264450615635398e-13
1.870235376844507169e-13
9.505222633070630827e-09
2.827886584852584484e+00
8.056123219707821193e+00
2.606141665985527156e-02
5.859291079226125021e+00
1.704054289023300434e-15
0.000000000000000000e+00
1.774304492749067385e-11
6.673381863642881626e+02
2.873267675907914542e-01
3.904255740694390834e-05
6.800540534661244862e+00
5.829361614366627720e+01
3.941140372702849376e-50
4.648348613156390918e+00
2.037035864729215003e-12
9.352920693511793115e-02
3.230295696933200844e+01
3.534368686053489910e+02
7.325718598911562518e-02
8.004510320665715994e+01
7.088959239845776459e-13
2.595159428214628133e+04
4.569994339387343985e+02
1.003859131378993425e+03
2.167283869961879827e+04
5.499603547824179900e-02
1.502231831433718071e+03
1.744012930510586218e-07
2.452041061219696985e+03
2.139031862975723470e+02
1.500185215717338281e+02
6.676877820654995332e+01
2.496819988496289389e-01
6.434659277931687171e-17
2.112103514310436747e+00
1.133618416685638586e+01
0.000000000000000000e+00
1.773553159921073941e-21
0.000000000000000000e+00
2.250451143028540812e+01
2.937215938795861234e+02
2.271506455057331272e-02
1.641834131332205260e+01
1.936136923176431934e-02
1.741815193974812807e-05
6.840494862364836948e+00
5.085015446961088855e+03
5.163803030522651625e+02
2.755092531648552949e+02
2.893632310250139653e+03
2.392975832945960508e-05
2.384179021405561514e+02
1.530627380434209783e+01
1.201432026649260024e+03
3.786213872524601243e+01
1.031041883745251653e+01
0.000000000000000000e+00
2.773730397954142290e+02
2.735247513824426262e-03
3.586643484916473223e+00
6.005877194900412178e+03
6.283228760297279725e-02
7.981788664547838152e+02
3.173956703187646533e-05
9.055186854671856054e+02
0.000000000000000000e+00
1.552244648812310061e+03
6.849030344051552530e-67
9.087749330509042897e-17
0.000000000000000000e+00
1.198656970310645420e+01
1.526400622001956719e+02
6.276525042271799748e+02
4.738562745836020440e+01
3.023846070868623670e+01
3.283499787347246723e+01
2.029295643229108048e+00
2.118273481271695680e-13
0.000000000000000000e+00
0.000000000000000000e+00
0.000000000000000000e+00
3.763482272415239445e-100
0.000000000000000000e+00
0.000000000000000000e+00
0.000000000000000000e+00
0.000000000000000000e+00
0.000000000000000000e+00
1.444344511652614084e-103
3.622001242406899735e+01
0.000000000000000000e+00
0.000000000000000000e+00
0.000000000000000000e+00
0.000000000000000000e+00
0.000000000000000000e+00
1.715298792730843402e+00
1.113100221150017887e+03
3.450173636502795738e-02
1.097570996139874641e-38
6.908129470852672682e+01
0.000000000000000000e+00
1.041378471062088664e+02
4.465358054720372331e-04
6.845622656859403605e+02
9.875580696998468149e-70
1.095459710626628020e-17
5.770364596854858863e-206
8.949482055863684504e-01
5.583659801223656132e+02
1.885012794823679769e+02
0.000000000000000000e+00
5.849145990337528467e+00
1.991196169555572176e-253
2.622432814909991361e+00
2.367046910534448898e+02
1.505298512781497720e+03
9.026692238898621490e-01
3.322509323789107737e-127
0.000000000000000000e+00
0.000000000000000000e+00
4.284916944233978394e-17
2.796898259783412755e+02
1.184466333355297252e+01
3.191618315771700409e+00
3.382999941776449191e+02
2.581747039667344697e-30
0.000000000000000000e+00
9.363924304837383758e-257
1.702182251182923376e-128
1.717289731510265316e+00
3.085625685120709932e+03
1.952397808311458505e+02
4.691415934988559577e+00
0.000000000000000000e+00
5.380993704271357092e-03
1.048468627872543379e+01
3.996583639629669449e+00
8.790192914367912635e+01
2.537956897151695557e+03
2.485687682745538890e-02
1.299683103134576413e+03
4.194342711543359883e+02
1.077650027048726172e-01
8.967221177083585801e-90
2.442766660195884865e-50
3.214643994203126113e+03
4.051541767907912428e-02
1.696633679261062844e-01
1.061172942143924956e+04
3.753705893058100628e+04
3.638984606865992410e-03
3.581192221949123677e+01
5.345210288708842654e+02
8.934625204720195515e-03
2.296003402235116837e-50
1.231683955189099233e+00
4.030288492691797494e-75
9.858976383485135386e+00
4.867225958822953544e+03
3.097047915475394802e+03
2.653239865394161345e+00
4.008370711679969165e-17
2.983301874158631756e-08
2.320796691744295148e-02
1.898548043447074818e+01
1.479628951614222956e+02
2.942605084139248817e+01
9.785207423166258422e+01
4.640653701951397028e-05
2.765135290822484603e+04
0.000000000000000000e+00
2.760675201604167839e+01
7.619366894738339871e-04
2.608810831955434395e+01
1.169048621224264253e-120
7.945481833641678642e-269
1.087481182025914526e-301
6.851900072324993651e+00
2.214139583621095426e+03
1.390271084102097632e+02
1.281038792045721493e+03
3.772723713707197749e+04
1.253471255977079863e+02
2.945417041183842457e+02
3.504499827830731107e+01
1.196519282689435613e+03
3.350917190517558453e+01
1.345830900854899248e+01
1.946997405621084965e-39
1.507811801151453190e+00
1.253570604487873474e-31
2.575240544809161634e+02
1.730326508961643697e+02
1.087185258103331194e+02
3.023451287066559871e+03
1.561331288912744952e+01
6.048073359126532296e+02
1.379063016453990485e+03
2.732295012217031527e+00
2.471204174998750954e-19
1.792192355704900706e+02
7.697364248553177504e+02
4.784869193601527400e+02
2.852164889160265560e+01
4.198573708945362455e+02
7.852613288105605704e+01
4.806169704249729193e+02
3.304681947029980165e+03
2.925976832242993619e-36
2.796980426038965517e-02
1.665792330898624658e-40
1.197313118297361370e+03
4.440746243134368001e+02
8.782123403000981909e+01
1.125373815815543566e+02
6.911342469920643907e+02
4.543863739549956482e-01
2.120668477162625152e+02
1.745380522107937941e+04
1.318305555317073640e+03
1.524366148467902804e+03
9.224724513395233316e+01
1.720238106843264177e+03
4.325779514996294211e+02
6.486817068638406454e+02
1.573823548777175745e+02
4.201172093504114713e+01
5.825470620799285825e+03
1.968396409435555716e+00
2.360372869000842311e+00
7.986108575379405011e+03
3.772278368979014584e-01
1.457099213961466376e+03
2.115454463665652838e+03
1.235378810116836576e+04
1.952269156651868229e+02
1.007597016025926496e+04
7.244134506401165088e-04
0.000000000000000000e+00
3.049293133454296054e-50
2.495917584634147715e+03
3.362645587686802742e+02
7.091726723367563068e+01
1.699497173007316064e+00
1.000627493754759447e-07
4.444231935231441355e+01
2.885591992528668962e-11
1.156969987740649913e+03
3.672271826287012431e-01
2.077587055146224326e-22
1.453237022589029337e+01
1.504693188428872236e+04
1.253765865417873647e+04
6.917584439677430964e+03
8.128692227799716420e+03
3.030513815924090748e-01
4.821184063554221211e+03
1.391069926581908021e+03
1.807071341001299872e-174
5.401993328138495008e-04
2.430854794973741264e+03
1.361818272753196834e+04
7.253702045008835420e+00
3.161903528822754197e+02
7.123771936855850528e-01
1.130107714078067094e+00
5.027953601380190207e+00
1.422536036988097840e+04
1.393728892741319214e+04
1.356338942489129749e+03
1.226272535403813208e+03
5.712788608973686344e+00
1.270095122397004388e+03
7.376390298747990528e+03
2.812323261916987121e+03
1.095572649689505852e+03
2.707661523815146154e+01
9.109956400154354483e+00
6.882594069222598421e+01
5.227283888737585649e+00
1.076912733489183296e+02
1.563362876236649690e+01
2.730050879389018519e+02
5.625252925388209491e+01
1.214903900977262907e+01
3.970523036418604335e+01
1.082765044966373438e+02
2.136017745472991791e+01
1.994501261412882820e-127
6.259696665208546548e-27
6.707855949063990736e-10
2.629837140721163341e-03
5.752776098903108749e-85
1.894086090540850718e-282
0.000000000000000000e+00
1.161922158905644937e-19
0.000000000000000000e+00
2.649725021525224421e-105
7.142046222642651495e-294
0.000000000000000000e+00
0.000000000000000000e+00
0.000000000000000000e+00
1.198877703619263857e-45
1.971531293214957625e-81
6.209472229174269521e-261
1.515593820130394708e-14
0.000000000000000000e+00
5.681359434261219518e-167
7.847473523403834659e-22
6.316472284316056542e-05
1.898677666708292369e-126
2.620293998612576590e-265
8.939664056051322155e-24
0.000000000000000000e+00
1.106878561133648256e-21
2.554996162523878039e-02
3.943839026923399160e+01
6.936404761886907799e+00
2.387226235641892558e+01
3.975867203237613556e-01
2.631181336653666563e+02
1.162377710742162229e+01
5.315015097868669436e+00
1.175142017985953657e+01
9.593458267582795351e-02
2.003643334914260304e-02
0.000000000000000000e+00
6.907099422720851578e+01
1.013867520163406539e+03
7.029884128361385870e-17
1.869170385964686598e-01
2.214272309141088968e+01
4.136909645080923070e+00
0.000000000000000000e+00
0.000000000000000000e+00
4.977075481359539566e+01
2.315602484619411825e+03
1.266634247823221584e-34
0.000000000000000000e+00
0.000000000000000000e+00
3.041271091980723895e+01
1.007130433746506348e+01
5.804286491178671854e-35
3.598458690346945793e-02
3.193291265410082680e+00
3.062613150685735874e+01
0.000000000000000000e+00
1.453942224547543844e+02
1.045119068547019623e+02
1.266134042261337456e+01
6.705938036368122468e+00
1.370042417474371277e+01
1.434216410039611311e+01
1.179365642580853546e+01
3.747119098648789670e+00
9.953966550637045430e+01
3.588082014688365184e+00
3.006257528745943119e+01
1.622545220592844316e+03
5.160431982018701721e-16
0.000000000000000000e+00
0.000000000000000000e+00
4.238294516422022866e+02
1.436646167552426314e-33
8.716749986605710498e-75
1.587684426057511064e-227
0.000000000000000000e+00
0.000000000000000000e+00
0.000000000000000000e+00
0.000000000000000000e+00
0.000000000000000000e+00
0.000000000000000000e+00
0.000000000000000000e+00
0.000000000000000000e+00
0.000000000000000000e+00
0.000000000000000000e+00
0.000000000000000000e+00
0.000000000000000000e+00
0.000000000000000000e+00
0.000000000000000000e+00
0.000000000000000000e+00
0.000000000000000000e+00
0.000000000000000000e+00
0.000000000000000000e+00
0.000000000000000000e+00
0.000000000000000000e+00
0.000000000000000000e+00
0.000000000000000000e+00
0.000000000000000000e+00
0.000000000000000000e+00
0.000000000000000000e+00
0.000000000000000000e+00
0.000000000000000000e+00
0.000000000000000000e+00
0.000000000000000000e+00
0.000000000000000000e+00
0.000000000000000000e+00
0.000000000000000000e+00
0.000000000000000000e+00
0.000000000000000000e+00
0.000000000000000000e+00
0.000000000000000000e+00
3.952525166729972353e-323
0.000000000000000000e+00
0.000000000000000000e+00
0.000000000000000000e+00
0.000000000000000000e+00
0.000000000000000000e+00
0.000000000000000000e+00
0.000000000000000000e+00
0.000000000000000000e+00
0.000000000000000000e+00
1.522812169340145050e-251
0.000000000000000000e+00
0.000000000000000000e+00
0.000000000000000000e+00
0.000000000000000000e+00
9.525819088842374970e-139
0.000000000000000000e+00
0.000000000000000000e+00
0.000000000000000000e+00
0.000000000000000000e+00
0.000000000000000000e+00
0.000000000000000000e+00
0.000000000000000000e+00
5.006386485254391102e-57
2.662313880905479282e-165
0.000000000000000000e+00
0.000000000000000000e+00
0.000000000000000000e+00
0.000000000000000000e+00
0.000000000000000000e+00
0.000000000000000000e+00
0.000000000000000000e+00
0.000000000000000000e+00
0.000000000000000000e+00
0.000000000000000000e+00
0.000000000000000000e+00
0.000000000000000000e+00
0.000000000000000000e+00
0.000000000000000000e+00
0.000000000000000000e+00
5.473447803705923537e-215
0.000000000000000000e+00
0.000000000000000000e+00
0.000000000000000000e+00
0.000000000000000000e+00
0.000000000000000000e+00
0.000000000000000000e+00
0.000000000000000000e+00
0.000000000000000000e+00
0.000000000000000000e+00
0.000000000000000000e+00
0.000000000000000000e+00
0.000000000000000000e+00
0.000000000000000000e+00
0.000000000000000000e+00
0.000000000000000000e+00
0.000000000000000000e+00
0.000000000000000000e+00
0.000000000000000000e+00
0.000000000000000000e+00
0.000000000000000000e+00
0.000000000000000000e+00
1.858938509212308701e-69
0.000000000000000000e+00
0.000000000000000000e+00
0.000000000000000000e+00
2.245515064616278656e-54
0.000000000000000000e+00
0.000000000000000000e+00
0.000000000000000000e+00
0.000000000000000000e+00
0.000000000000000000e+00
0.000000000000000000e+00
0.000000000000000000e+00
0.000000000000000000e+00
0.000000000000000000e+00
0.000000000000000000e+00
0.000000000000000000e+00
1.293393851675210885e-90
0.000000000000000000e+00
0.000000000000000000e+00
0.000000000000000000e+00
0.000000000000000000e+00
0.000000000000000000e+00
0.000000000000000000e+00
0.000000000000000000e+00
0.000000000000000000e+00
0.000000000000000000e+00
0.000000000000000000e+00
0.000000000000000000e+00
4.644393470256880774e-39
0.000000000000000000e+00
0.000000000000000000e+00
0.000000000000000000e+00
0.000000000000000000e+00
0.000000000000000000e+00
9.055029144446237927e-253
0.000000000000000000e+00
0.000000000000000000e+00
0.000000000000000000e+00
0.000000000000000000e+00
0.000000000000000000e+00
0.000000000000000000e+00
0.000000000000000000e+00
0.000000000000000000e+00
0.000000000000000000e+00
0.000000000000000000e+00
0.000000000000000000e+00
0.000000000000000000e+00
0.000000000000000000e+00
0.000000000000000000e+00
0.000000000000000000e+00
0.000000000000000000e+00
0.000000000000000000e+00
0.000000000000000000e+00
0.000000000000000000e+00
0.000000000000000000e+00
0.000000000000000000e+00
0.000000000000000000e+00
0.000000000000000000e+00
0.000000000000000000e+00
0.000000000000000000e+00
0.000000000000000000e+00
0.000000000000000000e+00
0.000000000000000000e+00
0.000000000000000000e+00
0.000000000000000000e+00
0.000000000000000000e+00
0.000000000000000000e+00
0.000000000000000000e+00
0.000000000000000000e+00
0.000000000000000000e+00
0.000000000000000000e+00
0.000000000000000000e+00
0.000000000000000000e+00
0.000000000000000000e+00
0.000000000000000000e+00
0.000000000000000000e+00
0.000000000000000000e+00
0.000000000000000000e+00
0.000000000000000000e+00
0.000000000000000000e+00
0.000000000000000000e+00
0.000000000000000000e+00
0.000000000000000000e+00
6.176955349271114122e-289
0.000000000000000000e+00
6.323118619054713758e-240
0.000000000000000000e+00
0.000000000000000000e+00
0.000000000000000000e+00
0.000000000000000000e+00
0.000000000000000000e+00
0.000000000000000000e+00
0.000000000000000000e+00
0.000000000000000000e+00
0.000000000000000000e+00
0.000000000000000000e+00
0.000000000000000000e+00
0.000000000000000000e+00
0.000000000000000000e+00
0.000000000000000000e+00
0.000000000000000000e+00
0.000000000000000000e+00
0.000000000000000000e+00
0.000000000000000000e+00
0.000000000000000000e+00
0.000000000000000000e+00
0.000000000000000000e+00
0.000000000000000000e+00
0.000000000000000000e+00
0.000000000000000000e+00
0.000000000000000000e+00
0.000000000000000000e+00
0.000000000000000000e+00
0.000000000000000000e+00
0.000000000000000000e+00
0.000000000000000000e+00
0.000000000000000000e+00
0.000000000000000000e+00
0.000000000000000000e+00
3.304207566620358217e-244
0.000000000000000000e+00
0.000000000000000000e+00
0.000000000000000000e+00
0.000000000000000000e+00
0.000000000000000000e+00
0.000000000000000000e+00
0.000000000000000000e+00
0.000000000000000000e+00
0.000000000000000000e+00
0.000000000000000000e+00
0.000000000000000000e+00
0.000000000000000000e+00
0.000000000000000000e+00
0.000000000000000000e+00
0.000000000000000000e+00
0.000000000000000000e+00
0.000000000000000000e+00
0.000000000000000000e+00
0.000000000000000000e+00
0.000000000000000000e+00
0.000000000000000000e+00
0.000000000000000000e+00
0.000000000000000000e+00
0.000000000000000000e+00
0.000000000000000000e+00
0.000000000000000000e+00
0.000000000000000000e+00
0.000000000000000000e+00
0.000000000000000000e+00
0.000000000000000000e+00
0.000000000000000000e+00
0.000000000000000000e+00
0.000000000000000000e+00
0.000000000000000000e+00
0.000000000000000000e+00
0.000000000000000000e+00
0.000000000000000000e+00
0.000000000000000000e+00
0.000000000000000000e+00
0.000000000000000000e+00
0.000000000000000000e+00
0.000000000000000000e+00
0.000000000000000000e+00
0.000000000000000000e+00
0.000000000000000000e+00
0.000000000000000000e+00
0.000000000000000000e+00
0.000000000000000000e+00
0.000000000000000000e+00
0.000000000000000000e+00
0.000000000000000000e+00
0.000000000000000000e+00
0.000000000000000000e+00
0.000000000000000000e+00
0.000000000000000000e+00
0.000000000000000000e+00
0.000000000000000000e+00
0.000000000000000000e+00
0.000000000000000000e+00
0.000000000000000000e+00
0.000000000000000000e+00
0.000000000000000000e+00
0.000000000000000000e+00
0.000000000000000000e+00
0.000000000000000000e+00
0.000000000000000000e+00
0.000000000000000000e+00
0.000000000000000000e+00
0.000000000000000000e+00
0.000000000000000000e+00
0.000000000000000000e+00
0.000000000000000000e+00
0.000000000000000000e+00
0.000000000000000000e+00
0.000000000000000000e+00
0.000000000000000000e+00
0.000000000000000000e+00
0.000000000000000000e+00
0.000000000000000000e+00
0.000000000000000000e+00
0.000000000000000000e+00
7.475905212942365368e-06
0.000000000000000000e+00
0.000000000000000000e+00
0.000000000000000000e+00
0.000000000000000000e+00
0.000000000000000000e+00
0.000000000000000000e+00
0.000000000000000000e+00
0.000000000000000000e+00
0.000000000000000000e+00
0.000000000000000000e+00
0.000000000000000000e+00
0.000000000000000000e+00
0.000000000000000000e+00
0.000000000000000000e+00
0.000000000000000000e+00
0.000000000000000000e+00
0.000000000000000000e+00
0.000000000000000000e+00
0.000000000000000000e+00
0.000000000000000000e+00
0.000000000000000000e+00
0.000000000000000000e+00
0.000000000000000000e+00
0.000000000000000000e+00
0.000000000000000000e+00
0.000000000000000000e+00
0.000000000000000000e+00
0.000000000000000000e+00
0.000000000000000000e+00
1.499989210378731983e-304
0.000000000000000000e+00
0.000000000000000000e+00
0.000000000000000000e+00
0.000000000000000000e+00
0.000000000000000000e+00
0.000000000000000000e+00
0.000000000000000000e+00
0.000000000000000000e+00
0.000000000000000000e+00
0.000000000000000000e+00
0.000000000000000000e+00
0.000000000000000000e+00
0.000000000000000000e+00
0.000000000000000000e+00
0.000000000000000000e+00
0.000000000000000000e+00
0.000000000000000000e+00
0.000000000000000000e+00
0.000000000000000000e+00
0.000000000000000000e+00
0.000000000000000000e+00
0.000000000000000000e+00
0.000000000000000000e+00
0.000000000000000000e+00
0.000000000000000000e+00
0.000000000000000000e+00
0.000000000000000000e+00
0.000000000000000000e+00
0.000000000000000000e+00
0.000000000000000000e+00
0.000000000000000000e+00
0.000000000000000000e+00
0.000000000000000000e+00
0.000000000000000000e+00
0.000000000000000000e+00
0.000000000000000000e+00
0.000000000000000000e+00
0.000000000000000000e+00
0.000000000000000000e+00
0.000000000000000000e+00
0.000000000000000000e+00
0.000000000000000000e+00
0.000000000000000000e+00
0.000000000000000000e+00
3.700008733897491788e-214
0.000000000000000000e+00
0.000000000000000000e+00
0.000000000000000000e+00
0.000000000000000000e+00
4.732301051288359311e-91
0.000000000000000000e+00
0.000000000000000000e+00
0.000000000000000000e+00
0.000000000000000000e+00
8.479963833473992831e-105
0.000000000000000000e+00
0.000000000000000000e+00
0.000000000000000000e+00
0.000000000000000000e+00
8.683442340969443762e+01
0.000000000000000000e+00
0.000000000000000000e+00
0.000000000000000000e+00
0.000000000000000000e+00
2.168510880041478553e-70
0.000000000000000000e+00
0.000000000000000000e+00
0.000000000000000000e+00
0.000000000000000000e+00
0.000000000000000000e+00
0.000000000000000000e+00
0.000000000000000000e+00
0.000000000000000000e+00
3.475943979502582653e-33
0.000000000000000000e+00
0.000000000000000000e+00
6.038397305200372030e-245
0.000000000000000000e+00
1.108378788550757012e-227
0.000000000000000000e+00
0.000000000000000000e+00
0.000000000000000000e+00
0.000000000000000000e+00
0.000000000000000000e+00
0.000000000000000000e+00
0.000000000000000000e+00
0.000000000000000000e+00
0.000000000000000000e+00
1.002622415924241484e-150
0.000000000000000000e+00
0.000000000000000000e+00
0.000000000000000000e+00
0.000000000000000000e+00
0.000000000000000000e+00
0.000000000000000000e+00
0.000000000000000000e+00
0.000000000000000000e+00
7.612947222389266249e-50
0.000000000000000000e+00
2.420291566790529006e-91
7.253091563555083200e-262
0.000000000000000000e+00
0.000000000000000000e+00
0.000000000000000000e+00
0.000000000000000000e+00
0.000000000000000000e+00
0.000000000000000000e+00
0.000000000000000000e+00
0.000000000000000000e+00
0.000000000000000000e+00
0.000000000000000000e+00
0.000000000000000000e+00
0.000000000000000000e+00
0.000000000000000000e+00
0.000000000000000000e+00
0.000000000000000000e+00
0.000000000000000000e+00
0.000000000000000000e+00
0.000000000000000000e+00
0.000000000000000000e+00
0.000000000000000000e+00
0.000000000000000000e+00
0.000000000000000000e+00
0.000000000000000000e+00
8.577687251001395477e-249
0.000000000000000000e+00
2.429904283239006786e-67
0.000000000000000000e+00
0.000000000000000000e+00
0.000000000000000000e+00
0.000000000000000000e+00
0.000000000000000000e+00
0.000000000000000000e+00
0.000000000000000000e+00
3.164762978444410927e-266
5.509288599172772046e-250
0.000000000000000000e+00
0.000000000000000000e+00
0.000000000000000000e+00
0.000000000000000000e+00
0.000000000000000000e+00
1.287935527852072558e-311
0.000000000000000000e+00
2.537155667705149706e-36
0.000000000000000000e+00
0.000000000000000000e+00
0.000000000000000000e+00
0.000000000000000000e+00
0.000000000000000000e+00
0.000000000000000000e+00
2.459709485735437511e+02
0.000000000000000000e+00
0.000000000000000000e+00
0.000000000000000000e+00
1.314073894751806308e-111
0.000000000000000000e+00
4.094294054821334359e-239
0.000000000000000000e+00
0.000000000000000000e+00
0.000000000000000000e+00
0.000000000000000000e+00
0.000000000000000000e+00
0.000000000000000000e+00
0.000000000000000000e+00
0.000000000000000000e+00
0.000000000000000000e+00
0.000000000000000000e+00
0.000000000000000000e+00
0.000000000000000000e+00
0.000000000000000000e+00
1.155355869812108162e-48
3.449277190045887968e-238
0.000000000000000000e+00
0.000000000000000000e+00
0.000000000000000000e+00
0.000000000000000000e+00
0.000000000000000000e+00
