# residue i_ratio gamma_2
1.000000000000000000e+00 nan nan
2.000000000000000000e+00 9.772487332428851925e-01 2.112185900053009380e-01
3.000000000000000000e+00 9.858146090208510515e-01 1.306507019708144646e-01
4.000000000000000000e+00 9.857769074694737732e-01 1.310025120354045836e-01
5.000000000000000000e+00 nan nan
6.000000000000000000e+00 9.864411868311503406e-01 1.248074157519096644e-01
7.000000000000000000e+00 9.834709362645484010e-01 1.525673318042589099e-01
8.000000000000000000e+00 9.697083729258447748e-01 2.832139540522952137e-01
9.000000000000000000e+00 9.462183199515885601e-01 5.141840441529216266e-01
1.000000000000000000e+01 9.613318184062871197e-01 3.643988825461234593e-01
1.100000000000000000e+01 9.655527344331800155e-01 3.233297229685228036e-01
1.200000000000000000e+01 9.553743242920608170e-01 4.229267799964344099e-01
1.300000000000000000e+01 nan nan
1.400000000000000000e+01 8.687313000601414315e-01 1.356002670109949237e+00
1.500000000000000000e+01 7.910156086790798291e-01 2.348533780012618255e+00
1.600000000000000000e+01 nan nan
1.700000000000000000e+01 2.646583377640135404e-01 2.071498906610364088e+01
1.800000000000000000e+01 1.441007567116868171e-01 3.763209077211943310e+01
1.900000000000000000e+01 1.262273009393314882e-01 4.203464218632741733e+01
2.000000000000000000e+01 6.659388544293315393e-02 6.690963924131609986e+01
2.100000000000000000e+01 6.118780931249101496e-02 7.063989251353524423e+01
2.200000000000000000e+01 5.549823622464061801e-02 7.506148194464769574e+01
2.300000000000000000e+01 nan nan
2.400000000000000000e+01 nan nan
2.500000000000000000e+01 5.455785432251764218e-03 2.113788356642289727e+02
2.600000000000000000e+01 3.752540318120418245e-02 9.404748595367777853e+01
2.700000000000000000e+01 7.040996850280417663e-02 6.450881202199242637e+01
2.800000000000000000e+01 8.982113025223843750e-02 5.453352557496591402e+01
2.900000000000000000e+01 1.452994427862444315e-01 3.736532388841563801e+01
3.000000000000000000e+01 1.679810227399896883e-01 3.285851101229136617e+01
3.100000000000000000e+01 3.239463208956953610e-01 1.624161264525895731e+01
3.200000000000000000e+01 3.889302152546116886e-01 1.265518214868551006e+01
3.300000000000000000e+01 3.972622756283742951e-01 1.226641547536308074e+01
3.400000000000000000e+01 3.898570234670416523e-01 1.261125436195087701e+01
3.500000000000000000e+01 7.221054074734836181e-01 3.387179024952717832e+00
3.600000000000000000e+01 6.990604226733618809e-01 3.774973810226233351e+00
3.700000000000000000e+01 6.441478464630129297e-01 4.797227368867871711e+00
3.800000000000000000e+01 6.456976137797646453e-01 4.766280835898677459e+00
3.900000000000000000e+01 7.555800042019304996e-01 2.861515354917130605e+00
4.000000000000000000e+01 8.440485742868752972e-01 1.653382712351581629e+00
4.100000000000000000e+01 7.878828135008112410e-01 2.392219456011133172e+00
4.200000000000000000e+01 7.568020904192678255e-01 2.843110128486190380e+00
4.300000000000000000e+01 7.707324468454817001e-01 2.637000682293860532e+00
4.400000000000000000e+01 nan nan
4.500000000000000000e+01 8.115551763611036362e-01 2.069622613642343456e+00
4.600000000000000000e+01 7.780280404186289411e-01 2.531693014200268710e+00
4.700000000000000000e+01 8.877914562703107526e-01 1.136605227331271006e+00
4.800000000000000000e+01 8.342967214792439412e-01 1.775238207849801020e+00
4.900000000000000000e+01 9.352343180019291324e-01 6.258025021666385745e-01
5.000000000000000000e+01 nan nan
5.100000000000000000e+01 9.791601734716346428e-01 1.931287938274379723e-01
5.200000000000000000e+01 nan nan
5.300000000000000000e+01 nan nan
5.400000000000000000e+01 9.846325600502890962e-01 1.416926236754674773e-01
5.500000000000000000e+01 9.877884054498115018e-01 1.122665441375151757e-01
5.600000000000000000e+01 9.862327410447302434e-01 1.267505699385814699e-01
5.700000000000000000e+01 9.785641349023284086e-01 1.987627664198887145e-01
5.800000000000000000e+01 9.772000537468180648e-01 2.116801333030294274e-01
5.900000000000000000e+01 9.659911890600900719e-01 3.190823391016006649e-01
6.000000000000000000e+01 9.485025092686493187e-01 4.912676673213586254e-01
6.100000000000000000e+01 9.428698693708682521e-01 5.479601812386615256e-01
6.200000000000000000e+01 9.452716420633519023e-01 5.237112105279083663e-01
6.300000000000000000e+01 9.681518038564708162e-01 2.982032878869358417e-01
6.400000000000000000e+01 9.858699291642819551e-01 1.301345293648112356e-01
6.500000000000000000e+01 9.897109659410259219e-01 9.442393473375969293e-02
6.600000000000000000e+01 9.853716254491516890e-01 1.347859310323970550e-01
6.700000000000000000e+01 nan nan
6.800000000000000000e+01 9.799343817423804559e-01 1.858200274215083825e-01
6.900000000000000000e+01 9.561339035184475144e-01 4.154275646466207284e-01
7.000000000000000000e+01 9.070834896112722756e-01 9.230513831813665915e-01
7.100000000000000000e+01 9.434689195426957387e-01 5.419014958042085439e-01
7.200000000000000000e+01 nan nan
7.300000000000000000e+01 9.140836520179042024e-01 8.475845806480769573e-01
7.400000000000000000e+01 nan nan
7.500000000000000000e+01 8.832107376731386239e-01 1.188551055477291785e+00
7.600000000000000000e+01 7.798235555123849139e-01 2.506046237778346786e+00
7.700000000000000000e+01 7.970274036830593545e-01 2.265564099126966546e+00
7.800000000000000000e+01 8.385382167283893518e-01 1.721924417163509968e+00
7.900000000000000000e+01 nan nan
8.000000000000000000e+01 9.165737025167444152e-01 8.209921882263171433e-01
8.100000000000000000e+01 9.417096130983567681e-01 5.597147325302664900e-01
8.200000000000000000e+01 9.058267005816627027e-01 9.367123999270139389e-01
8.300000000000000000e+01 8.385294805637130144e-01 1.722033727828170768e+00
8.400000000000000000e+01 7.911224182995256760e-01 2.347049824928564732e+00
8.500000000000000000e+01 nan nan
8.600000000000000000e+01 6.158692184285280424e-01 5.385836437227270679e+00
8.700000000000000000e+01 5.541065461641596634e-01 6.851914018350925950e+00
8.800000000000000000e+01 5.057805921746195699e-01 8.212565285585418096e+00
8.900000000000000000e+01 7.884629874393740412e-01 2.384105679362806374e+00
9.000000000000000000e+01 7.574091361791265298e-01 2.833987428044506096e+00
9.100000000000000000e+01 7.195234741319471716e-01 3.429528897946160004e+00
9.200000000000000000e+01 9.061021550720481654e-01 9.337153321253216509e-01
9.300000000000000000e+01 8.670098226560232213e-01 1.376247108080318471e+00
9.400000000000000000e+01 7.817051731933817305e-01 2.479282772872763552e+00
9.500000000000000000e+01 7.746330421510464470e-01 2.580477121497774196e+00
9.600000000000000000e+01 nan nan
9.700000000000000000e+01 3.536983248547418412e-01 1.446504888674151168e+01
9.800000000000000000e+01 8.521127561650876370e-01 1.554515945795293064e+00
9.900000000000000000e+01 8.897708337740859452e-01 1.114308652962465063e+00
1.000000000000000000e+02 8.016956196310619509e-01 2.201907454501779160e+00
