1.463168290580120257e+01
6.329024161586252362e+00
3.780031829326266912e+00
3.068739353211450904e+01
1.974081232241051698e+00
1.676665312583854650e+00
2.415303823911762127e+00
7.901868209854917557e-02
4.524613521658181980e+00
7.530300031114809268e-04
1.890223792145755699e-01
2.243796491681017348e-04
1.672978002561761812e+01
2.321472873751299915e+01
8.694257416779651138e+00
1.785560807469987799e+00
7.807561163231029866e+01
7.447748699020475094e+00
3.837036408833956358e+01
8.442285268531593445e+00
6.328534345281750007e+01
1.205620810796756714e+01
1.358395559276301867e+01
1.406727658724224383e+01
2.689269078365042631e+01
3.075491623767780514e+00
2.097739764746725299e+00
1.185000189082275490e+01
3.338828174749096434e+01
4.968746948185501822e+01
1.859882881813256006e+01
3.044240652752377585e+01
1.452954952112648002e+01
1.263164426712545385e+01
1.854744469455000555e+01
1.654122898038266598e+01
4.918844724266526747e+00
2.015597024739975041e+00
7.217189020790775622e+00
1.293346117933791728e+00
4.682732109450955527e-01
3.325328733826971472e+00
1.223051470854211065e+00
1.820491785695560694e+00
3.153753371049365484e+00
1.313077523563370042e+00
9.710160430835618195e-01
2.235942162157167346e+00
3.806256224166260083e-02
6.751621615211726990e-01
1.008271576116808177e+00
8.791462330915297274e-01
6.846103824996888854e+00
9.437293429017595159e+00
1.077419475406392024e+01
1.095778629340121668e+01
8.680244626027230126e+00
1.392541701098095608e+01
9.485914897967592907e+00
3.057781433538009352e+00
9.569294505977552490e+00
1.238148225971620597e+01
8.654254864169231938e-07
9.364593641912428268e+00
1.107286822269140636e+01
9.013040333000786219e+00
2.925400694991553419e+00
1.450291075450335256e+02
9.372037391196442968e+00
2.205627922778797867e+01
1.912255732386693126e+02
1.311292758350612644e+02
5.797664020139991408e+02
3.738897219838562269e-01
6.919179045886528989e+00
4.071950229281944189e+01
5.722301902707337184e+00
5.365386968308656890e+01
3.030053927515042655e+00
1.502040868560541220e+01
8.592491579528127588e-02
1.018400385250376061e+01
9.609381163527813685e-01
5.436718804902000102e+00
9.084651932806771413e+01
1.859104732350831402e+00
2.738118272712747547e+00
3.290422032394890550e+01
9.213165302690510927e+00
2.968921756624322938e+01
1.216750484298177959e+01
1.852432530347711577e+02
5.989461675888917824e+01
1.922524871517155987e+01
1.894977463626740022e+00
3.357694016452038710e+01
8.276017404779150155e-01
2.335824628607294055e-03
2.146855311796996291e-01
1.347848243129501133e+00
1.428824302469677177e+00
1.948320050886482857e-01
5.345517570154034866e-05
6.391221662190817165e-02
1.621163555162480688e-02
4.476971530571985269e+00
1.786225892334503823e-02
1.183778770444365684e-02
1.588217346411617548e-02
5.144876043547365660e-05
2.312758629860128812e-02
8.396658314197169570e-03
4.203754134433836977e-03
1.939735419363412155e-04
1.135886245095283016e+02
3.185551114174468808e+02
9.190053254449665587e+01
5.683068987477942756e+03
1.024677204203128014e+02
2.760713626019565970e-191
6.588369398895513314e+02
1.507844482112240598e+02
2.334294342550776946e+03
4.618720112243725811e-44
4.648852222940910671e-115
8.179086182797868787e+02
1.082995776124224903e+03
6.262084624246696879e-04
7.348555343578072097e+03
1.380765455535650688e+02
3.587607347015465393e+02
3.184629821796025340e+02
4.086557280436286419e+02
0.000000000000000000e+00
2.167817965857054219e+02
3.141580766037375424e-41
4.164865757743567087e+01
1.454855827240309736e+03
0.000000000000000000e+00
5.139537250203952468e+00
0.000000000000000000e+00
1.763255581814149764e+02
4.580773386531178062e+02
2.526442127123078478e+02
4.803659731379689049e-08
1.074764667296198011e-20
2.323017043343478896e-21
6.436606387254323991e+00
4.663529064021860523e-44
0.000000000000000000e+00
9.268066687704273831e-71
1.992060441314233083e-26
6.215335774405499251e+03
0.000000000000000000e+00
2.403604415206483509e+02
1.075839087827893677e-04
1.748316510745559427e+01
2.484039094280287434e-08
1.510834962802891542e-02
4.164746803209491259e-32
8.597766057304386634e-20
1.243692129914601594e+02
6.541123396921207132e+02
2.320554069903529512e-02
1.466426879325461869e+03
4.067300927369491546e+03
3.549886029564110078e-36
4.471951389606970224e+02
6.877545105275262749e+00
7.384869996076577081e+01
1.708174923208094924e+02
2.563946774981878320e+02
8.486500183693874533e+01
2.100397359947461098e+02
1.142157968359402048e+03
1.255494816351358445e+01
5.265348072408047386e+01
3.481869816823179170e-02
8.020300989749513942e-02
2.988947278837002131e+01
4.436731553642491832e+01
3.616828981703953900e+02
4.004233398574912428e+01
1.950966730873096111e+01
3.352143107077595374e+01
1.190795181441552728e+02
4.562036524182819619e+01
5.237461300199991854e+01
1.317346509080348937e+02
2.890383849016452444e+01
1.163641445707720777e+03
1.229211542840068018e-168
5.907979329813126697e+02
2.372264609655580898e+03
2.304687363807160807e+02
2.544282164969916948e+02
7.553317277046210920e-01
3.240383253870970748e+01
5.205427924173880427e+01
2.581705477404014815e+01
2.399788174197974655e+01
1.757827816350907213e+01
2.059119515940858458e-01
1.649464037624944757e-01
4.100612352811302230e+01
8.352885730576508649e+01
4.784239477638269022e+01
1.425009609944797262e+02
0.000000000000000000e+00
3.135838589467130344e+00
2.282946449682858869e+01
5.032195265419030505e+01
2.707127154274249747e+01
1.098768208932356885e+02
4.391713850297854549e+01
2.352435600942638416e+01
8.754445077224065841e+00
4.912985397264644782e-01
4.193338427357177767e-01
3.166997161277893724e+02
4.282970677319730868e+01
3.913140088016012214e+03
2.557919433525833952e+01
1.273003461227102520e+02
6.475904986169260269e+01
8.060666496268154901e+00
7.034603726197881990e+00
1.054883912897882503e+01
2.359509886830614960e+02
1.695129150554740960e+01
7.414628155601678650e+00
2.883159407973279897e+01
1.594333040137787627e+01
1.743219680478737388e+01
1.673564920180714353e+02
5.224781389963967808e-26
7.351715164563971106e-05
3.782491100883318857e+00
8.113149791682885766e-06
1.853626710107638409e-01
5.954983594149373428e-04
4.664683601812239511e-01
2.858784767913356839e-02
4.272849809538530400e-03
1.990254718155712155e+01
3.562925266082848652e-01
9.686863281037959572e-01
1.088093248824288558e-04
4.568316100775542852e-06
1.546940004610069083e-08
3.847323906726187771e-03
1.060261654996396373e-03
2.024507870469402171e+00
6.260143554368735944e-03
2.140472097679988264e-03
2.932351778856523688e-04
3.539074019876994104e+00
4.927626072442191862e+00
2.440534618232680607e-03
8.160070877366347730e-01
1.252246731100134269e+02
4.491395030398663835e+01
0.000000000000000000e+00
1.962219118177588228e+01
7.829285743034755285e+01
2.499628455084621503e-01
3.813844560963507035e+01
1.430960598691951802e+01
1.772126729519256827e+01
3.150799552392135894e+01
2.005531706634537059e+01
4.374513149011226432e+01
1.338316009756235836e+01
1.266757804524416464e+01
1.462134953790964786e+01
1.416674365006588943e+00
5.830473059305541383e+00
9.953774542377223922e-01
8.922356716126270015e+00
4.887742724709517717e+01
7.072064065691637147e+00
8.426098122007681823e+00
1.562228064286856011e+00
1.116249971650976569e+01
8.183720562870613197e-03
4.290191769817364786e+01
6.712758114460135062e+01
8.149657588565219157e+00
3.679616506084457797e+02
1.389003973946398496e+01
1.480113377790846982e+02
4.273775643751159237e+01
1.500858109325926115e+01
1.339815796866761488e+01
3.787738502318060418e-01
8.158283789425370358e+00
4.165286552354343257e+03
2.842107133593086310e+00
9.843368089636076235e+00
6.349793937363727991e+00
2.639386780074657324e+01
1.744149222928589538e+01
2.415425287861135985e+03
1.355543337919812430e+01
1.257691072530577742e-02
1.207305948961013936e-17
0.000000000000000000e+00
4.327129584949614882e-125
5.674869646960394618e-54
2.499679606147385869e+01
1.793965482397639732e+02
0.000000000000000000e+00
2.054407159381075942e+01
2.029291939535508689e-114
0.000000000000000000e+00
5.837263276474659506e+03
0.000000000000000000e+00
0.000000000000000000e+00
1.553550252790674008e-219
0.000000000000000000e+00
0.000000000000000000e+00
0.000000000000000000e+00
0.000000000000000000e+00
0.000000000000000000e+00
1.366545914794212232e-17
0.000000000000000000e+00
2.512828022148353063e-07
1.930753231611957688e+01
4.503100182497650650e+00
6.021172318284377933e-01
6.652253543095121735e+00
1.908183700494896939e+01
7.778356430654324249e+00
1.105806029819870773e+01
1.453834831282240003e+01
3.049777509475691417e+01
1.828396500320149443e+01
4.185354700155452434e+01
1.347140351138117182e+02
1.005962607054180147e+01
1.310264377715216888e+01
8.060725755239974433e+01
1.628825540697645692e+03
3.376953190740132449e+00
1.426887966411133579e+00
1.929659238713346099e+02
1.706652376661781716e+02
7.968170053060043756e+01
1.423854199626627626e+01
1.302710013725306055e+02
2.514823869129392708e+00
9.672486534646576928e+00
4.542134831905973869e+01
2.162529999206623188e+01
1.301113537101298157e+01
9.767293507707851319e+00
1.873697077034439218e+01
4.701865311514160908e+02
5.202971591094437542e+01
1.685431224142377360e+01
4.521729434509011014e+01
4.873953077041959681e+00
2.754576016932778870e+01
6.112291456150568791e+01
6.219213666060041845e+01
2.626057002386619956e+02
0.000000000000000000e+00
1.335176426683591918e-61
8.429093111977912565e-08
2.522499289614998474e+01
9.833462700786522959e+00
3.900514958671718801e+01
4.436329783100689639e+01
6.600988600175843324e+00
4.858809255370258937e-97
0.000000000000000000e+00
6.913037467657244875e-03
9.574083089963120879e-03
0.000000000000000000e+00
1.348015464898879578e+01
4.251273462287750604e+00
1.428905932126443545e+01
6.382798251464463846e+01
0.000000000000000000e+00
2.420482015032985826e-241
3.685736976278042913e-21
1.302750181056238965e+00
0.000000000000000000e+00
0.000000000000000000e+00
0.000000000000000000e+00
0.000000000000000000e+00
0.000000000000000000e+00
8.230292651587942713e-21
3.741667589729890109e-01
0.000000000000000000e+00
0.000000000000000000e+00
0.000000000000000000e+00
2.625663453562250798e-206
0.000000000000000000e+00
2.364526977046309585e-199
1.240042797394766032e-171
9.542145683769361205e-175
4.178236889917927499e+01
7.487625868049692102e+00
8.386955805101719008e+00
1.018807597338136617e+01
5.317608290244078439e+00
5.649233326045017378e+00
1.163693232933269961e+01
6.113295157788239287e+00
3.187604094853783465e+01
3.480723597980392436e-01
8.667303322080352146e+00
2.678035693294102089e+02
2.255184304349349489e+01
1.552352134002916051e+00
2.380193789544336802e+00
1.086628905614242413e+01
3.845988740340894196e+01
9.144975265731746461e+00
5.740273585451602401e+01
5.069229920230362840e-02
2.937348464742433940e+00
4.058553990179621707e+00
7.025226346742927674e-01
1.639198550914551689e+01
2.634908199762515947e-17
9.332882615418977679e+00
1.888731784933172975e+01
8.509976353978493080e+01
4.720182509807634162e-192
4.499707760045952698e-36
1.400234129615803909e+02
5.975455411633637937e+01
3.554706818622300091e+01
3.850165961402060244e+00
3.712619971587342693e+00
6.157632052857361593e+00
7.754325785642564917e+00
1.183687839659983432e+01
8.599737816300017101e+00
6.816923584112937640e+00
7.755853828024908125e+01
5.027097178556738655e+00
1.072786594425491957e+00
2.428762113699015901e-01
6.467123801483793955e-01
5.535576841202363152e-01
2.938410010228797997e+00
1.711442631756647861e-02
1.369884500627200630e-01
9.147854554921220682e+00
4.345954398605516467e+00
2.905780421970082239e-01
2.261452976129876902e+01
1.254109948346736836e+01
2.097736900074108135e+01
6.164784988183967585e+00
6.071426133120478852e+00
7.784368712446930516e+00
5.849670064513074585e+00
4.638691167081718802e+00
6.519966270896982330e+00
1.249055391655685243e+00
8.634265831490534060e-01
5.512855310727591274e-01
1.054217170374745383e+00
2.877459222157067315e-02
5.207806419814351440e-01
2.336590284264494812e+02
1.530915758656294940e+02
5.112822382855068959e+00
9.955667529534887095e+00
1.954989711589203338e+01
8.308270776778108768e+00
3.029397346282307879e+01
1.758398233789130671e+01
1.359939180560116689e+01
1.465771823932884033e+01
1.251093025824862970e+01
1.180252160001529660e+01
4.167202579949997876e-01
2.851973715509028118e+00
7.446109732180718199e-03
2.750784409783344885e-03
7.096743911772580571e-01
2.064357398061161675e+01
3.224985108659567601e+01
1.456016741792286240e+01
1.204163511774929063e+01
1.505192675131272750e+01
1.674987935957293317e+01
6.931104050747559597e+01
3.666075248964873623e+01
4.011507744666558040e+01
2.184079155313208565e-01
2.537800043520701010e+01
3.495122140091473995e+01
1.585374331954736427e+01
2.244906374464701670e+01
3.654144770779661258e+02
6.142965189896631095e+00
5.231872104663596446e+01
8.236532055527642626e+01
1.075129636814037895e+02
1.001485237660690686e+01
3.291480083560211511e+01
5.584345417295509151e+01
1.123509119099910158e+01
3.923811354817119224e+01
3.262744057416856691e+01
4.120824670853950877e-01
1.966584320157900478e+01
1.786919889941670547e+01
2.093707136246410627e+01
2.354415008601919368e+01
3.169293403477744064e+01
4.168320075600749419e+01
6.755970549060620556e+00
7.238590541554155777e+01
1.392369045941601868e+01
5.714314447279749132e+00
1.983617298119389361e+00
2.795661939090652837e+01
1.110197839049892821e+02
1.340098730344375325e-03
1.445284336649101306e+03
2.075169230378015186e+02
4.051291740966933910e-04
6.703155912700968777e-01
5.357696292600122392e-29
2.226103823830697173e-02
0.000000000000000000e+00
4.361098913147393432e+02
2.462438309286138605e+01
5.873402336400544499e+01
3.545620793355448797e+01
2.583222920795566305e-34
3.202346217490590334e+03
2.693318394346081845e+02
2.861344916093241864e+02
8.143226420927136644e+01
3.560140526631183093e+03
8.817563088404428981e+02
1.752034699603719218e+03
6.295967358354145063e+02
0.000000000000000000e+00
9.529530379084859657e-287
7.387671238641086253e-278
1.120648797024910266e+02
5.997146159525047482e-01
8.546157924070488937e-03
1.750272881177987114e-02
2.622361117122654850e+00
1.806070187762729873e+01
4.254940638199637704e+01
3.285256097952180454e+01
1.338023855042195009e+02
4.900050964896037087e+00
1.166629464369558704e-57
1.309338355276032509e-10
3.275580323854374037e-08
7.160090837534994535e+01
7.619604277188370221e-04
2.936727949097977941e+01
1.377096031273696397e+01
9.576336666160175426e+00
1.744943663689056734e+01
7.853129997970088594e-01
1.447078709136501118e+02
4.974054468921528027e+00
5.643747614969255011e+01
6.765643335333829102e-61
2.327781030774238857e+01
3.134272585398420574e+01
9.695729198862229836e+00
1.399756182512804514e+01
2.053027093688764992e+01
1.609025109588615482e-09
2.038761653071186331e+01
5.415415105415652164e+01
3.225410462014335344e-01
8.588871362096010387e+01
3.188849100982982776e+01
4.455138140572429251e+01
5.875986871460624705e+00
7.475307694818780213e+00
5.905556496568703517e-01
3.030718228221987331e+00
2.015471483046798085e+01
7.953099038003671239e+01
5.702890013674875025e-01
1.215454130135219302e+01
9.231623985818196987e-01
1.486561433043150942e+02
1.196059781437877334e-01
2.904734357367872147e-07
3.811025260453193982e-26
1.269398164029965011e-62
9.425515887676638735e-94
4.903460690278748046e+01
4.464002667001127911e+00
1.056903267334603697e+03
0.000000000000000000e+00
2.467674521574488011e+01
3.907906667929149869e+00
1.758425832906038266e+01
7.833442378214965807e+00
2.921039870692752949e+00
2.384249358028086796e+00
4.594818932529641797e-01
6.811545387278420627e+00
1.168947657452651434e+01
1.355622938531390389e+02
6.385540265303649154e-03
5.676201178574850736e+00
1.263050813608245804e+01
1.032802610875403815e+01
3.535840339358792050e+01
4.585320190903262372e+00
2.198080416760377176e+01
9.065336637404415399e+01
1.036727087535918912e+01
1.247519308615825651e+01
1.820168877494326765e+01
1.151753592650603508e+01
7.706693658441202688e-01
6.537869859081391155e+01
1.759447657589819514e+01
1.692221290351153939e+01
1.578436901231198775e+01
3.384308717527018473e+01
2.398755483438029756e+01
2.642240910592012781e+01
8.730652929558621267e+00
6.932777180068686107e+01
2.754281645948125412e+00
9.371473537563718992e+01
1.277191933494530030e-01
1.577223109916166344e+01
2.227810676436599735e+01
6.325952017259002247e+00
2.109225505637171239e+01
1.016168342771954158e+01
1.321794481209382965e+01
5.471470953998916364e+00
2.835230315854717187e+00
3.907706481653580588e-01
2.145522323896503769e-01
7.815859822892822217e-01
2.799865205735015405e-01
4.776297164334479817e+00
2.593625571893058979e+00
2.638169016238661735e-01
8.163388477360511430e+00
1.817509056352306374e+01
1.122706149855251923e+01
1.361304682580952985e+01
2.016589965777140847e+01
3.946897120509522949e+01
1.340538210386911011e+01
5.501459583930037311e+00
2.225892145080402429e+01
1.566360263183715773e+01
1.360315005517710674e+01
2.677642982762197121e+01
1.254138828494654589e+01
2.349155723555941577e+01
1.552814644585131809e+01
8.243128623170601799e+00
1.492264378304478889e+01
8.885710896108486523e+00
1.280704713174944764e+01
9.832981793581575758e+00
6.574085430064333657e+00
1.290700514307962798e+01
1.284434884112986985e+01
9.449434603393942211e+01
8.760182558433200484e+01
7.178096095285125955e+01
1.551946531150716524e+01
3.003860398458744640e+01
8.412793043024135997e+00
3.221910179459454326e+01
9.800676892707686605e+00
1.430685194520272674e+01
1.423120150660660421e+01
8.739115631849045940e+00
1.734733607630803931e+01
8.700218217587774916e+00
8.200218000662454543e+00
1.097940775354555321e+01
1.737091122333792370e+01
4.268138224249613089e+00
1.791602568466113210e+00
1.745808225169463990e+00
3.472609628215190813e+00
9.595002070391932536e-01
1.402948780586078037e+01
1.681752687164706686e+02
2.476271303506470123e-01
1.051822701020121187e+01
4.641918306921496547e-09
9.413865973682913335e+00
2.588051464016331238e+01
3.628612684018995421e-02
0.000000000000000000e+00
2.647232298773741777e-01
3.868637199270103633e+00
1.755298893865696641e+01
7.041831400816704445e+00
8.401291794338535679e-01
1.429737014728496458e+00
4.061953963989722305e-01
4.567542622546882569e+01
5.627476490044001523e+00
8.714781840305821703e+00
8.869326793062006686e+01
5.491790593300873574e-03
9.173361325871049132e+00
7.196657355553639057e+00
1.023685823961530961e-01
1.259942597571103917e+01
3.345078353710302719e-04
3.552154187530510931e+00
1.470040463370908590e+01
8.427461379599925806e+00
2.072851234949951404e+01
1.516665687389065909e+01
2.637572777695964543e+00
3.350579106041400718e-02
1.518657976623847361e+01
1.045019472151076101e-01
3.445619899290136345e+01
0.000000000000000000e+00
9.434118602946504950e+01
6.346495499575985910e-01
4.487253967341728433e+00
4.717574618764172278e+00
2.789890001982814560e+00
6.911686198406776782e+01
1.374335423640780363e+01
3.271210173433185542e-01
3.643676250698534602e+01
5.178521753296055685e+00
1.212558168836725336e+01
2.942160083996379072e+00
1.167673013703059209e-22
9.117312931053177181e+02
1.052686382484873673e-01
2.577707916071950174e-18
4.296435999944431927e+01
5.778652228446452987e+00
1.201426591222086770e+01
1.256766698373366520e+00
1.350462906521562978e+01
1.064470947139036383e+01
1.098617100411100544e+01
1.325978633602116474e+01
4.094361646205746297e+01
2.853862924644801424e+01
1.747833975709277787e+00
1.106422309729649101e+01
2.169284198941273800e+01
1.653995019956144574e+01
3.158127322520379039e+02
8.331471495943131810e-10
1.852568558088973916e+00
3.801753407232344273e+01
2.168962881897534611e+00
1.652417011746050335e+01
3.062498441125904947e+01
5.375714438547067597e-02
2.789832045142156502e+01
1.839277923548059235e+01
2.294556841169986328e+01
1.788688983373521779e+01
7.715136131846840328e+00
3.839470959284062701e+01
1.856553983229581206e+01
6.966774221751628637e+00
1.004393749777894485e+01
6.440737968322969742e+00
1.826015270163319215e+01
1.148366847194753682e+01
2.357164414196343216e+01
1.109396990177402209e+01
1.120730434171755974e+01
8.595032072392784883e+00
3.510844081553650131e+00
3.412844192230136020e+00
1.010976428360087498e+00
3.474832398525128152e+00
3.048661680554286324e+00
4.822013552160130168e+00
1.686147065947912438e+01
1.265392480299279931e+01
1.491255880516786547e+01
9.553006703918208942e+00
4.812943132205325762e-04
0.000000000000000000e+00
2.893710675071566730e-87
2.265025904149669182e-145
0.000000000000000000e+00
1.399095909883353278e-286
5.422502819806418302e+02
0.000000000000000000e+00
8.633658757574437963e-14
1.517716579278778785e-13
4.722317662743135713e+01
1.484492019586974160e-02
5.523459028658304071e-01
9.573398198548453308e+00
3.751456117422739656e+00
8.854873253652737475e+00
5.740021276121018978e+00
1.673279688563392753e+01
4.123688622559806838e+00
2.375377809432408682e+01
2.537652370917049094e+00
1.867507617440525891e+01
1.595238038844714046e+00
1.489901471082889728e+01
1.080013306589068911e+01
1.383453536209550094e+01
6.986589171489073991e+00
7.462380715951320553e+01
7.410873285272635336e+00
1.129939496759231865e+01
9.387088593479276710e+00
1.031173237016311894e+01
5.245637636783462199e+01
1.333931321108875660e-04
1.133257989391622589e+00
1.872706722523283468e-07
7.323141263041548221e+00
8.673464101978064278e+00
2.402486651084389990e+01
6.797554917225520299e+00
1.142757379577940657e+00
3.489579530330898649e+01
3.374832805570938121e-01
3.121370360566519366e+02
5.291533958651828407e-02
2.495533089147680528e+01
2.057837064667958202e+02
7.516450219353060902e+00
9.318355080905291743e+00
9.247124379199649991e-04
1.331001369466383311e-01
2.559817496388765434e+01
3.327927013630497810e-01
4.709605798853230591e-04
3.939736727114158121e+00
3.442930134533260800e-01
1.119851737524614776e+01
3.307802336859101189e+01
2.004087876147943064e+02
7.791244636147200708e+01
1.857945781058692347e+01
1.313254664826146190e+01
1.716179042534703436e+00
1.059696988011201668e+01
1.573346220324865641e+01
1.460339149342923371e+01
1.143856366200662755e+01
1.341833444921857144e+01
6.474669789581892765e+00
1.388115193102929368e+01
2.440448424549498441e+01
1.879626056513234289e+01
1.575553750500588990e+01
1.929629332624900329e+01
3.392511798961234604e+01
1.089797479325198992e+01
1.320258122386975153e+01
2.032556441550775972e+01
1.657139996452309560e+01
1.205576196336184935e+01
1.174476690299390746e+01
1.113514252002226179e+01
3.349370071304009322e+00
5.232748622880681877e-01
4.998928485888426643e+00
6.678072429559707146e+00
3.238908963699829169e+00
6.399605698898667150e-01
2.531494218337590141e+01
1.302519711050679803e+02
1.672823633883458783e+01
1.660724917652650845e+01
4.464236228770576353e+00
8.662992507991221558e+00
3.335556244683068883e+00
1.061644573376046008e+00
5.903172294680377519e+00
1.655773372007676514e+01
3.046315145422698123e+01
4.549263205228381679e+00
4.776906292336971092e+02
1.668588026462300888e+01
7.236752257009775313e+00
4.517524269610508902e-01
8.102012286108633887e+00
6.351408612867494696e+00
8.784155022274541480e+00
1.964481271153434960e+01
2.469571216367608457e+00
1.518609872157814422e+01
9.352579476126983593e+00
0.000000000000000000e+00
1.217395361086639390e-06
0.000000000000000000e+00
0.000000000000000000e+00
0.000000000000000000e+00
0.000000000000000000e+00
0.000000000000000000e+00
0.000000000000000000e+00
0.000000000000000000e+00
3.051996120757250839e-72
4.066530380555011259e-02
0.000000000000000000e+00
0.000000000000000000e+00
0.000000000000000000e+00
5.578544337733882230e+01
1.908503075054602817e-291
6.203527199381768753e+01
5.686063394997912385e-02
1.152421116091845388e-06
1.219589998382829776e+02
0.000000000000000000e+00
1.329612892634313637e-167
7.677986012925508419e+00
1.680317261506079497e-320
8.605339899839439387e-05
0.000000000000000000e+00
0.000000000000000000e+00
3.286870641985822772e+01
0.000000000000000000e+00
8.564752940650336654e+01
3.143536144227529050e+01
1.676893713330427109e-03
1.801509722953447934e+01
3.204909802371709304e+01
1.508445803297572674e+01
4.105382287698451194e+01
8.394073804954587104e-01
3.223062402335612120e+01
3.674689528516319115e+01
3.160311303598462018e+01
1.152775755750807107e+01
3.101107836330504608e-190
5.197960634573500016e+01
2.364386391565924950e-01
1.317000873387191007e+01
3.163669474928597403e+00
1.023696009007787495e+02
6.034752715414886381e+01
2.300208138380439138e+01
2.122722211526792790e+01
3.259274388112838494e+01
1.139265562198770532e+01
4.964000130836684122e+01
2.674050462923922922e+01
1.422177386874130711e+01
1.497861977202218142e+01
1.193277492896306491e+01
9.255170600042205820e+00
2.316612026459333151e+01
1.216695710058349533e+01
1.858281082264977968e+01
4.482070260775095250e+01
6.690015981603362150e+01
1.575955107060821803e+01
4.263692882389449323e+00
3.784995752843681949e+00
9.911819628501440604e+01
8.893247122380778080e+00
2.760950335350877793e+01
2.958925626221128313e-01
2.050510228554177417e+01
2.229068854205328520e+01
8.119064602931547192e-02
3.196499207570937529e-01
2.914030926527051690e+01
4.409966798934095067e+01
6.883415994971845464e+01
1.148929623558882013e-29
6.149202231241514563e-20
3.348917967900766768e-19
8.032530920193903763e-37
4.804587489598944543e-12
8.984864800159820675e+01
1.341611274653562091e+01
1.096778393349148452e-260
4.699305580903959445e+00
1.337225751433362921e-14
2.720970087298796329e+02
6.601427391922317995e-58
6.262321225324992335e-04
2.107049340446347219e-04
7.947563419771114289e-04
8.237001482439602638e-07
2.084350873345547916e-01
8.636269137373037807e+00
3.425354387709596438e+01
2.504781893310689895e+02
8.118649260574266049e-61
1.870896365038503679e-11
2.887272938496096799e+02
1.164010735203449561e-19
1.950728902783370932e-74
4.175402939022263809e+02
1.358115614437759487e-38
4.509864730099965691e+00
5.638916492794859338e-96
1.291599624413118619e+01
1.757947379829303003e+01
9.471005026002929299e+03
4.613215641108940161e-222
0.000000000000000000e+00
4.536286528343604914e+03
5.565633162319434821e-281
1.583271268809218365e-217
9.812715044894700667e-27
5.634008666141986249e-108
0.000000000000000000e+00
7.939593530691470669e+00
2.557093079817207646e-110
5.581853228457770181e-05
4.565442297168968366e+02
8.805878411331026001e+00
1.212048126038204110e+01
1.074131777931161658e+00
2.593906900330899656e+00
6.996606886545093218e+00
1.951627458150294814e+01
5.527127680486383809e+00
3.057801837716741389e+01
2.564354913700653924e+02
1.533374476744485193e+01
1.168371360033454721e+03
8.324927276099104745e+01
7.171513116726137582e+01
1.250919649064075202e+03
2.977101011988263224e+01
4.734562473844616761e+02
4.223864340315653294e+02
1.044084840916644055e+02
1.598594850394750999e+01
1.037563007738974932e+02
4.672480082703626136e-01
4.259445781277858972e-02
1.035437653642647307e-75
7.027658972259047399e-02
1.456126345090244800e-01
2.682469961446369400e+00
3.446142673598811407e-02
1.355555366452260735e+01
1.733414292852444021e+02
9.568847376179539310e+01
3.915637217244144495e+02
1.116858663322355116e-02
1.392780810055457563e-01
2.361684794823935007e-01
6.800670384047172945e+00
9.036305211489751628e+02
4.821158882146362430e-111
9.121908292480771507e-01
9.347649087820707337e+01
5.495740044662431739e-02
1.085353705821785406e-04
1.242000374731171597e+01
2.380385069201258919e+00
3.592897181998953915e+00
1.578012010545505461e+01
1.077254695980359145e+02
2.855386783046903076e+01
1.952324292274472555e+02
5.728381519811392764e+00
1.843303993795790774e+01
9.678561613940051700e+01
2.801300115769211274e+01
1.437532672196646655e-01
4.638948494367070019e+00
7.174193094756607252e+02
2.451743337650685248e+02
9.654351490860099361e+00
5.165715323713006768e+01
4.716254165259511666e+01
4.553327706880038054e-131
1.583066732440272795e-01
3.001762615178462212e+01
1.385909271915886336e+02
8.909407171876645180e+02
7.422912675132647564e+01
7.379961011173733709e+01
6.115928310376846184e+02
5.186276293069792248e-13
1.033579919718478202e+01
5.781430456493817616e+01
7.286582793801621882e+00
1.502192760021725171e+01
2.392732593831924248e+02
3.044783932069661248e+00
1.062628951350184181e+01
2.331393142671271516e-04
1.908098929607892160e+03
2.663393381267739723e+00
1.331222227799520752e+01
2.872354471732544425e+02
1.579451066008673763e+02
3.891258331434457968e-23
4.604678793524144553e-01
3.672031837348603744e+01
3.154927351885953613e+02
1.867053098830372028e-28
1.549073744681103051e+02
2.162090997150895078e+01
7.011386091724190806e+01
9.833402408467372879e+01
8.948515191033710181e+00
1.253784588009972822e+03
4.694315379151022150e+00
1.042512692099888394e+00
7.625731196235059883e+01
7.310574012896873910e+02
2.275478496697838526e+00
4.378151933046184251e-226
0.000000000000000000e+00
0.000000000000000000e+00
7.609415944132540517e+02
1.037838491917192130e+00
2.845550902717968711e+01
1.756716341774194490e+01
9.629881212719233474e+00
2.726196088912768190e+01
7.478905902524357430e+01
8.739767693260293292e-40
9.487285709867570915e+01
0.000000000000000000e+00
4.466616443760613175e-01
1.356898208641753811e+01
1.300134777169934530e+01
6.964489585049625475e+01
6.965513524054916226e-116
0.000000000000000000e+00
6.270344193971072855e+01
9.483322609866826269e+01
1.891528101947075413e+01
5.512537463435663622e-03
6.282726524482092900e-01
2.894664898129316044e-01
1.795973088378973959e+00
1.058945692323925059e+01
1.211928655702384816e+01
7.588356974758465157e+00
6.554108396182862784e-01
3.669836981493580197e+01
5.913034362909270669e+01
1.615168331404679591e+01
3.962180278683170798e+01
8.636348654708631045e+01
1.863080416355426223e+02
1.708455129465329136e+01
9.079231388688687332e+01
1.698230942401566779e+01
3.539878346482211668e+01
1.075369324743926882e+04
4.168931008632287671e+01
2.109187888472575523e+01
1.074961957598357110e+01
9.884365868048805126e+00
2.923061434197749886e+00
2.232726762171826501e-02
8.486549283163967061e+00
1.755398257087755098e+00
1.865050751725884837e+01
2.341643688173264337e+01
1.412764503254480708e+01
3.278597866743631901e-04
9.284291020285360219e+01
1.515329966388212668e+01
2.702720726161369669e+01
2.772068933866838591e+01
1.226477990909482330e+01
2.754115513206509291e+01
2.690855553975810821e+01
3.060768170624382378e+01
6.931601443957502795e+01
2.441149830125635845e+01
8.834469920509420149e+00
7.604413062523251554e+00
2.593312948817951735e+01
2.434348230231055865e+01
1.102963559153129864e+02
1.335204535050721297e+01
3.750825804767529803e+01
2.348648852080092198e+01
1.758487883752794900e+01
2.340740892689138875e+01
2.513231046543457836e+01
3.346667652662945613e+01
1.498198968190887292e+01
6.548449992529783970e+01
1.223667991010686862e+01
1.154797400428260978e+01
2.112221953255700946e+00
1.719920485871208484e+02
6.810246720452297150e-141
3.950548308970489007e-205
2.074974179650770623e+02
6.310280922811525007e-15
2.416686809204716155e+02
5.561297763792301652e+01
1.367023168152763368e+01
1.548420560838295579e+01
4.584974620439775777e+02
2.177049480079171317e+01
1.669743082700282457e+02
1.348138618094942274e+02
2.034167331974929880e+02
2.444557634981359570e+03
1.814018045688998981e+01
2.010454967590869444e+02
1.570651298253273254e+01
3.480045250637117960e+01
5.222552500864942431e+02
1.828285322191443285e+01
3.176518101816806094e+01
7.283691514606089434e+00
2.691971146032013706e+00
2.629550066736267041e-04
1.020317216559145379e+02
4.532763629173872033e+01
1.671020037942101766e+01
4.949563989320770926e-05
7.560085939798426580e+00
3.574566816480300613e+00
2.321844489208386062e-06
2.162800586048180662e+02
8.062603455778225258e-24
2.549628535688439115e+02
2.641358800789810601e+01
3.684700886608305126e+01
5.221020389717645571e+01
2.712051865633434318e+02
2.029446018719541556e+00
1.914482059584960094e+00
2.746190952354418187e+02
6.094381770712976021e+01
1.475341261927985759e+00
1.414551716475048337e+01
9.901305712768166245e+01
4.744885738929842489e+01
1.290360940451615477e+02
5.377366647906609387e+01
1.934595474882008670e+00
5.115004622027324785e+02
4.484893514203899940e+02
9.990802249062024032e+01
1.159384071684807509e+02
3.261912160735676913e+00
9.562239986036024675e+01
3.570841586160659631e+01
3.914546918129949518e+02
3.018989524268361535e+01
7.470742248065317881e+01
7.961998666260707580e+01
5.203075249857663493e+02
1.597648328118829397e+00
6.290740579192671333e+01
1.013703258776038297e+03
1.490819488830422586e+02
3.245609262851812815e+01
3.312272159133481608e+01
6.292667193538420634e+00
1.744723804360117141e-72
1.414230235455364095e+02
9.896829365646381120e+03
1.478024917350709018e+02
1.245899146038511753e+04
4.078628920196410235e+01
9.223651013538500365e+01
1.419034686833459205e+02
8.773097030959170297e+02
2.017103673992355795e+01
3.155671626020667362e-173
5.947302730827373889e-20
7.924388314232130881e+01
6.327249446746664452e-01
1.192463552003958104e-12
7.444189040526548240e+01
2.499453244318839552e+03
1.800986258530040232e+03
2.034694457280459545e+01
1.799435625517295421e+02
1.869076670887139016e+03
1.956542274716689178e+02
1.446906885295976508e+02
9.330613297189769284e-01
2.833180319761771315e+01
1.447278161950666857e-115
1.807370397138156761e+02
2.823993702117795692e+02
8.805689165375281658e-17
1.327817927882167126e+01
5.427516483812306660e+02
0.000000000000000000e+00
4.286360706809972498e+01
8.043659338611183784e+01
0.000000000000000000e+00
2.007820594466490557e-07
1.159216959947741225e-126
1.951569829197063566e+00
2.324961279100838642e-117
2.973863133397227557e+03
3.638492936763007557e-02
0.000000000000000000e+00
6.527458279787340044e-31
3.400520781307047713e+01
1.232442589962256676e+02
1.636348232133352894e+03
6.120763611999201430e+02
1.573491307714259513e+01
1.299527917775797505e+03
4.435149548539025659e+02
4.948374353901826339e+01
4.963205864978746717e+01
1.362091604592332885e+02
1.008798726847902003e+02
5.049313618367460066e+01
2.753611732209796159e+01
3.707593331399136050e-01
5.320269975395061635e-02
3.388355063044355688e+02
5.406010255225617556e+01
7.946566576499551502e+02
2.288017479390132678e+02
2.472410573205057815e+01
1.917425891204692349e-06
7.137954574936492769e+00
1.927642993871312910e+03
1.842403407929807872e+04
1.154386845488642592e+02
1.664335571293984373e+01
3.270707943991476441e+02
2.716431580865099022e+03
3.511667903171149874e+02
9.442369799840848543e+01
6.636006873658811855e+01
1.352450831089288093e-23
7.938174616633064318e+01
2.409047809633510606e-206
1.610096514954223039e+02
1.454676939575162500e-45
0.000000000000000000e+00
9.305045023532917412e+02
1.217606205987685399e+02
5.224147609781324064e+01
0.000000000000000000e+00
1.648181661039531321e+01
2.566110385400129985e+02
4.841245936718798930e+02
2.197073912016423885e-06
3.652316858119489945e-02
4.142831543022525116e-05
1.500812369374795893e-20
0.000000000000000000e+00
0.000000000000000000e+00
1.120454239746485428e+02
5.117525305234887867e+01
0.000000000000000000e+00
0.000000000000000000e+00
0.000000000000000000e+00
0.000000000000000000e+00
3.147601195588884578e-116
1.137496909976751311e+02
2.662231362051444421e+02
1.674301550106518096e-117
2.084407132050550508e-59
1.292354696496246067e-20
7.923462757264080841e-13
1.579153933382210124e-74
2.147427571786121478e-219
0.000000000000000000e+00
1.537225089530080420e-186
1.381019282108114169e-218
0.000000000000000000e+00
3.302827979211465182e-228
3.593265293228515863e-10
2.483003486050766812e-04
1.506466335482766268e-24
3.916300815758963506e-52
0.000000000000000000e+00
0.000000000000000000e+00
0.000000000000000000e+00
0.000000000000000000e+00
4.351945078592342497e+02
1.652967385823043355e-13
2.581431032652254132e+01
1.421034709407931587e+02
1.255743204315729599e+03
3.803932523997651174e+02
7.066043727619135950e+01
8.845382802134004407e+01
4.787418956718394725e+01
2.089470461021452508e+01
3.886185136955515418e+02
8.190907520399739496e+02
8.675500524597315177e+01
1.065134126446012715e+03
2.806651631354407428e+01
1.042994564096216891e+03
8.444214565727104434e-11
7.776615761259539307e-04
4.355284794819632271e-08
1.282904055636753924e+02
2.793185233720549832e+02
2.519142686489794869e+01
1.973137963775743842e+01
4.907525672723337351e+01
6.185203409304801170e+01
1.446970501624849970e+00
4.298104476787768817e+02
2.453281359634804787e-02
4.195267889153067813e+02
0.000000000000000000e+00
0.000000000000000000e+00
0.000000000000000000e+00
7.454043412980845495e+00
9.308368299653435460e-203
5.847057118742254560e-114
2.154141484117670639e-06
2.476298499277247629e+02
0.000000000000000000e+00
0.000000000000000000e+00
1.385253462485012051e+03
4.161600305558878290e+02
0.000000000000000000e+00
0.000000000000000000e+00
0.000000000000000000e+00
1.957827171663967363e+02
1.597077834122202753e-64
1.063277059935760371e+04
1.864450673606946509e+02
3.090586821059091791e-16
4.885934119506251818e+02
1.545507854334574382e+01
6.169775272470885596e+01
8.284868177781267207e+01
3.717380860127317987e+01
6.605348627639622805e+01
2.171351753893294045e+01
7.088220462337905303e+01
2.111847913297783066e+02
1.045768975135442531e+02
8.923448082277957383e+01
4.154902947124530094e-02
7.366894618200276260e-03
2.389503468019204108e-37
2.399936304394559094e-50
6.448772090518960895e-68
6.815946954992317545e-119
5.329858663128902274e-33
1.011336317864192842e-10
5.174619471177670650e-07
0.000000000000000000e+00
0.000000000000000000e+00
8.677388008194019613e-151
6.837845640508415791e-111
7.820053597422129134e-137
3.450950990600802714e-14
3.610989564912713512e-17
0.000000000000000000e+00
0.000000000000000000e+00
3.055462701678810817e-38
2.419760148541614186e-29
0.000000000000000000e+00
2.228750109494560675e-153
1.011829944901062766e-11
2.412963658754139817e-17
7.032053323367188516e-293
0.000000000000000000e+00
3.230985494718436918e-05
0.000000000000000000e+00
2.749105089285154915e-02
1.484558671485630904e-58
1.620837489658202675e-131
3.930704452867521362e-17
8.339288266434824459e-02
1.656506053402648053e-03
1.360593931846404325e-79
1.813753746862679794e-58
1.555430522282767037e-33
1.251241063466684925e-180
0.000000000000000000e+00
0.000000000000000000e+00
5.650917738647529120e-09
2.559873906357325194e-38
5.712425046230402514e-92
1.278427974699898396e-123
1.589865808141583727e+02
1.802272848578990363e+02
1.158304376903763853e+02
2.515835398999007211e+01
5.195722043205853424e+02
9.487816322244556204e+02
5.692302668142848461e+02
3.419463594879531598e+01
1.319553909536443439e-10
2.517301604131648389e+02
1.809157042061677315e-154
4.060278285737943406e+03
4.471114547379429496e+03
9.101039156409247255e+01
1.409798737585139163e-169
1.931995771408031942e+04
8.426776781435029246e-21
4.248161032502325053e-85
0.000000000000000000e+00
1.362816746139855932e-05
3.985569188758100978e+01
1.275484040897906901e+01
2.061632064431951861e+01
5.483096998984730419e+01
1.044485487578599958e+02
7.572716751084338983e-56
6.487070691839341240e-45
5.777431878680873822e+00
9.395386793300733971e-61
9.221460537512331640e-50
1.062088878559385030e+01
1.539492302576104876e+01
7.024971651889870827e+01
7.168892683139785049e+01
3.491215037148290889e+01
1.425212396640579868e+02
2.045559894863471584e+02
2.071478992516540274e-01
2.050042451776695316e+02
1.202229205601330481e-01
1.535255546490301521e-253
2.641025750868241334e-49
5.199495973477290136e+03
1.192004777284981359e-01
1.676161925622845388e+02
4.021808274039935441e+03
1.184086898551112341e+02
1.385517019839869590e+02
2.320423957561611608e-200
3.033365733229373291e+03
5.594674550489514786e+01
5.269813323395619944e-15
3.228272756512760855e-02
6.554364907311726540e+01
2.988538224296213457e+02
2.098963165153902466e+01
1.408035783917274442e-116
8.020249437055622366e+01
5.371794747614301906e-10
6.488503617737491347e-02
3.094625891329480396e+02
0.000000000000000000e+00
1.592259340960358373e-12
3.160473390252966919e+00
2.229469344022696337e-02
1.434716369282919568e-01
1.080903048161151302e-14
6.663387085638531409e-122
3.946620009340756630e-01
1.638060821905206978e+02
4.355122663234208744e+02
3.680521926229202379e+00
9.246457984404826220e+02
5.610871768542292753e-36
1.713620224778506724e+02
0.000000000000000000e+00
6.493280941536146145e+01
1.081250049886091119e+03
1.491762874156462885e+03
5.377242807887681941e+00
0.000000000000000000e+00
0.000000000000000000e+00
0.000000000000000000e+00
1.064426213472106610e+02
1.063733608265502451e+00
5.837414603683608715e-04
2.936110461671644245e+01
2.501888680358953465e+01
4.483145827690901086e+01
2.112159854750924026e+01
1.253997861725654750e-01
2.366891653453776456e+01
1.975878913593037911e+00
4.153764955344307452e+01
6.165492785935403397e+00
3.132499004597537606e+01
5.303175242208720874e+01
3.398311892167528003e-03
1.238275404001277558e+01
1.935211853728505105e+01
1.760830908507805148e+01
3.827889084958331267e+01
1.012240369584843158e+01
3.491620159987065364e+01
1.804854406264882272e+01
2.114521468323682640e+01
1.771685796215585995e+01
8.401529083115553931e+01
2.864016385482476679e+01
3.860184910278095316e+01
1.676683804939645128e+01
1.187779953829206647e+01
1.882842417035893234e+01
3.433421273074733193e+01
6.976660725541459218e-01
2.495680731663949992e+00
5.212522819324013312e+01
7.006860899634560838e+02
4.486441211988807254e+01
2.206977729424073775e+00
4.842321750727477792e+01
1.463473619555995775e+01
4.627420775080683768e+01
7.233006221617864107e+00
1.595337877882668565e+00
8.414825081545356511e+01
1.741965109374767062e-02
1.937588329099770945e+01
4.021909015622716765e+01
1.473976375299373753e+00
8.545422061974134564e+00
9.702830352837382932e+00
1.103199883469586773e+01
8.308565123071412373e+00
5.952189488153715180e-01
1.025573434144480167e+01
2.370138318858419169e+01
4.366373258979068339e+01
7.402154813399582167e+01
4.987373318481835294e-01
2.072214013055370074e+01
1.841818691749372405e+01
1.423068814754524070e+01
1.323824709882751272e+01
1.738378048683532384e+01
9.948735567319788586e+00
1.067741721894055296e+01
7.999634642579318999e+00
1.111444690876588304e+01
1.007505444259506078e+01
6.723737646079959163e+00
1.506232667136786141e+01
9.096108482733090028e+00
1.003716063339493125e+01
7.627051641963606521e+00
6.622709756069410147e+00
2.894885172059593614e+00
1.185991817843781604e+01
1.866812910129708669e+01
1.002348429371986427e+01
1.873086653964347192e+01
8.749902492463192516e+00
1.131750327642087939e+01
9.430809374671085266e+00
9.139728049220588346e+00
5.159792859762045936e+00
7.200899783168654977e+00
1.145084652471908448e+01
3.986807266789139314e-33
1.193520824741783173e+02
3.305137515533922876e+00
2.860208483665778090e+01
6.538573255206146795e-02
8.970735533298193332e+02
2.063612114482067314e-02
2.749769739601164886e+00
3.166834393537975655e-13
2.722192131745238377e-72
1.558932502216512815e-35
2.567059721958655771e+01
1.484196989897238750e-01
3.132104773631300532e+02
3.885994528774429568e+01
6.394507354822654577e+01
2.616283259831920019e-02
2.743978067331659076e+02
1.498236595745872890e+01
8.846054859983675911e+00
4.545711468837995284e+01
1.903183624779797611e+01
4.560664500468598170e+00
1.611478166414387347e-02
2.880918758575363209e-07
4.801286010615621965e-22
1.678871199287072510e-25
1.873020810961387239e-136
0.000000000000000000e+00
0.000000000000000000e+00
0.000000000000000000e+00
1.512975797965900096e-113
1.980250899709420757e-243
2.808515093565384516e-59
2.451595806464628769e-21
2.673863079230939244e-01
9.167866831554734475e+00
4.559161089962447955e-01
6.801316895055275324e+01
1.899360774172172839e+01
3.506412155671260678e+01
2.198054317718228035e+01
1.607262740480919438e+00
1.482629604925127431e+01
1.069262776104456597e-177
0.000000000000000000e+00
1.514487332245029449e+01
1.661762642698884962e+00
2.964706050128233807e-17
0.000000000000000000e+00
0.000000000000000000e+00
3.647413728847778848e-101
2.990776523006943854e-04
1.152848730372287935e-14
1.771295599927728143e-03
0.000000000000000000e+00
7.843808991437300788e-301
0.000000000000000000e+00
6.378547517808848433e+00
8.886131722265693256e+00
1.605745333951954379e+01
1.653295297310438627e+01
5.296913597898545589e+01
3.558585245363349259e+01
1.531537107556824751e+01
1.222594072939480547e+01
1.337555931102165552e+01
1.560790101694213661e+01
1.995573888204860680e+01
1.471524263188952197e+01
1.153301229635227010e+01
2.924446168739357788e+01
1.581641915672420851e+01
4.641622238685622648e+01
1.459027240779904488e+01
1.654090647049870100e+01
1.200022459512662110e+01
1.630801351189700554e+01
1.344949936761389608e+01
1.353442852727921242e+01
1.431551990633485261e+01
1.818702895994919899e+01
8.895724207819702967e-01
1.285145693405156386e+01
1.584713179705472896e+01
1.484329236862945400e+01
9.436764038392118081e+00
1.148626520159822917e+01
1.508843497209429962e+01
1.515741375602495111e+01
1.012892915428628271e+01
1.093359447308891731e+03
5.326104931683235399e+00
7.914978316389767343e+00
2.887883203816288269e+00
1.139104927697523362e+00
1.777505575110333913e+00
1.603156544196619043e-02
3.986398224264702667e-03
5.822718659573475897e+00
1.791094714808834972e-03
1.621656585925099481e-01
9.073570660556178058e-02
7.308418141306534110e-01
1.747669670241779605e-01
1.713011439302031258e-01
2.747879344521661604e+00
2.444040777609912396e-01
1.275389051741036717e+01
6.413545711108148417e-02
1.420478933214984707e+01
1.086091907640572529e+01
1.607034489107741138e+01
1.700799727929623728e+01
1.609047839192992768e+01
4.254986783332955014e+01
1.990052392594891728e+01
1.702152415654037654e+01
1.473363107348189338e+01
1.468687341761378917e+01
1.519974200494937833e+01
1.215598836971820873e+01
6.358631282244225247e+00
1.555363885470428542e+01
7.722558014930577253e-01
1.224176432605813147e+01
1.737609944019647656e+01
3.633068630768905649e+01
1.097419397108526486e-03
1.333826501705618339e+00
1.398200539881699740e+02
2.343703019606425642e+03
2.123343398811975021e+03
2.692416712797027571e+02
8.787174329196294309e+01
1.744412184738271776e+01
4.060205484386098362e+01
2.239763713235867471e+01
6.904828243056725512e+01
1.968326123610619405e+01
7.859620154142844761e+00
4.124798898898340838e+01
4.191672026993841627e+01
7.655300941048538199e+00
1.444918592337734964e+01
1.042819643122102633e+02
3.713237200981863140e+01
1.131029867133638511e+01
6.201796554734923461e+01
8.771309906204924900e+00
8.365814792742087993e-06
1.235512371040368294e+02
2.375372398703180750e+02
4.072017004590181841e+02
5.621685482111120624e-01
2.938122370236058600e+02
5.345199174895703791e-31
3.111075362577803705e-01
2.959548188400327021e-15
1.235164114603116360e-322
1.463338313937408941e+01
5.584647571682052103e+02
8.779941699606579775e+00
1.330470097386940154e+02
1.048354621267222164e+01
6.279268122042409583e-01
4.602154671405378039e+00
0.000000000000000000e+00
6.261446725684172154e-01
1.872290021623231487e-15
1.167603073063213230e+02
3.212894535876150570e+01
2.242021049030355471e+02
4.621452630898387781e+01
1.935753124960182959e+03
4.270129094659301343e-04
9.644540293146115800e+03
1.873269796718431462e+04
5.208124194743178350e+02
4.806607241016459739e+03
1.603923024217238424e+00
3.917955406049601574e+00
7.228237919748778939e-01
3.838018686362562448e+01
2.998411853563464646e+01
2.328000419104241203e+01
2.664616422893252334e+01
1.163532090446450837e+02
0.000000000000000000e+00
0.000000000000000000e+00
0.000000000000000000e+00
0.000000000000000000e+00
2.123589269368878618e+01
0.000000000000000000e+00
7.978725818601607500e+01
3.989197985916161571e+01
2.217223692647731426e+01
4.243980432141742654e+01
6.452145815873708805e-62
0.000000000000000000e+00
3.201755451175439049e+01
2.382887126009510581e+01
1.455952494188491109e+01
1.068162458645934265e+01
1.657834647160693109e+01
1.126323088825922447e+01
1.513738714426901555e-01
8.013437159511305197e+00
5.556279747360064469e-01
5.921400403287013781e+00
1.119458643656599861e+01
3.813918724878428890e+01
8.737009599426029283e+00
2.666359676380562860e+01
2.234507057071509095e+01
7.535567906935064286e+00
2.128027394097049907e+01
9.718021201230197192e+00
9.103128432143985549e+01
1.827190044792757533e+02
5.447340576543179935e+01
4.823734397275614327e+01
6.886498428437084840e+01
5.753482016803465201e-147
1.867634796570107270e+01
5.723602652386644252e+01
3.112157741171135417e-01
1.557192880016229530e+01
2.203777780849235057e+01
6.780834555913067163e+01
3.296068303311210457e+01
3.474956030040325317e+01
9.079197967248655132e+00
1.304491074029050734e+00
2.394882473434610759e+01
1.632714766882866542e+01
1.563793115593314553e+01
7.525425091443349590e-01
4.973337644931850932e+00
1.829817714501502834e+01
1.433403010214455975e+01
8.618285458564159285e+00
1.702656004145791968e+01
1.503187753487128653e+01
8.354855108184416679e+00
1.614790732068905754e+01
1.029082234775696048e+00
8.512249533221812214e+00
1.989573228449606646e+01
1.622870127365309756e+01
9.767155170573285261e+01
1.632759342818273618e+00
2.543174254230533791e+02
1.568092491386753906e+01
1.839402833852129504e+01
2.380517855806715843e+01
5.651818637937235934e+00
2.006170957346713379e+01
1.733219879285218923e+01
1.186520983204930779e+01
1.564400447145631645e+01
2.800564679216796193e+01
1.808486057086210508e+01
2.150447946953050149e+01
7.240023757435377627e-01
6.370844800775180561e-01
6.195653192464194436e-01
4.198104800229635614e-01
1.786681228134233217e-04
4.514221030516746502e+00
8.567037574070203165e-01
3.792419092893944965e-01
1.674707700695118984e+00
4.571971436594687965e+00
8.618772492791904938e+00
1.480085234689922258e+00
4.359978640347343948e-01
1.403031192416312987e-02
1.300431927678548760e+00
1.106894916314879573e+00
5.173876652765899919e+00
2.534120647256269906e-04
6.396729191281460558e-01
1.329229337080845674e+01
1.045557212952243908e+01
6.992055939796409270e+00
8.155575342327628263e+00
9.828190459710725690e+00
2.931959544814653373e+00
8.072805964955978908e+00
9.114345101048405340e+00
2.975197905803567355e+00
6.406813306269545372e+00
1.067871400566224455e-01
1.296524504154754616e-25
9.772948682576778571e-04
3.005564244727221084e-04
1.740641201608698371e-116
2.150545389503310803e-12
2.713724998512034858e+01
3.488075173893225411e+00
1.160869961492554481e+01
1.295995155421830525e+01
4.888627878823212924e+00
8.344917886954739572e+00
9.542572224265592595e+00
5.561453174948960765e+01
7.916452418041900785e+01
5.132528792148746355e+00
3.376672573671926969e+00
8.709319997696839621e+00
1.252942182423476858e+01
2.794137089282908271e+00
6.408775568288755942e+00
1.845171660636142263e+01
7.070619861808155271e+00
7.833900681531568821e+00
1.258063367482936279e+01
7.898968361635694713e+00
1.338492952935480140e+01
6.936379158944959045e+01
1.155621396556426816e+01
2.076829307464502961e+01
9.470207599777952012e+00
9.165748322729879050e+00
6.189508446309567979e+00
9.870575383874820474e+00
1.615156325026852357e+00
9.246785586649949096e+00
6.469840549944432695e+00
1.371755803873228530e+01
