# residue i_ratio gamma_2
1.000000000000000000e+00 nan nan
2.000000000000000000e+00 5.828674186495980125e-01 6.135552937716388655e+00
3.000000000000000000e+00 5.714313778758602913e-01 6.412890957819332272e+00
4.000000000000000000e+00 5.580518215704367568e-01 6.749860626695676658e+00
5.000000000000000000e+00 nan nan
6.000000000000000000e+00 7.503149866990880268e-01 2.941420584927178616e+00
7.000000000000000000e+00 7.107816045941818262e-01 3.574943704908835063e+00
8.000000000000000000e+00 6.984373708002041825e-01 3.785773137757985296e+00
9.000000000000000000e+00 6.220437268193000913e-01 5.253314667490625034e+00
1.000000000000000000e+01 6.446452644601503579e-01 4.787280415985280868e+00
1.100000000000000000e+01 7.122589075735258346e-01 3.550147315695713068e+00
1.200000000000000000e+01 6.421236024327405811e-01 4.837846267550927060e+00
1.300000000000000000e+01 nan nan
1.400000000000000000e+01 3.553448285310482624e-01 1.437389643954072760e+01
1.500000000000000000e+01 4.023003419001793812e-01 1.203787733183395758e+01
1.600000000000000000e+01 nan nan
1.700000000000000000e+01 2.305713524845092732e-01 2.408684549475918857e+01
1.800000000000000000e+01 1.716543452331521502e-01 3.221297944228653876e+01
1.900000000000000000e+01 1.510818080083620452e-01 3.612227925970331910e+01
2.000000000000000000e+01 6.614057886400180608e-02 6.720690353273737117e+01
2.100000000000000000e+01 1.642280246690294432e-01 3.354013527703315845e+01
2.200000000000000000e+01 1.414773691841004766e-01 3.822737652542947018e+01
2.300000000000000000e+01 nan nan
2.400000000000000000e+01 nan nan
2.500000000000000000e+01 1.143231251536550031e-02 1.624050148541290923e+02
2.600000000000000000e+01 9.412828719170773795e-02 5.271234479078388091e+01
2.700000000000000000e+01 1.393204122876896822e-01 3.872898793616361957e+01
2.800000000000000000e+01 1.383908790022138624e-01 3.894864818248255744e+01
2.900000000000000000e+01 1.796393961858942789e-01 3.087848933760461989e+01
3.000000000000000000e+01 1.493772352206862997e-01 3.648137629655395386e+01
3.100000000000000000e+01 1.486470840765951595e-01 3.663703884126792332e+01
3.200000000000000000e+01 2.276227737784113636e-01 2.441520734668720038e+01
3.300000000000000000e+01 1.461816983612930498e-01 3.717102300415069749e+01
3.400000000000000000e+01 1.720229027368360974e-01 3.214934956609589278e+01
3.500000000000000000e+01 1.043390197381734025e-01 4.882048280451370914e+01
3.600000000000000000e+01 2.265429922343329683e-01 2.453711348520425162e+01
3.700000000000000000e+01 4.608951388245190461e-01 9.692614622862526730e+00
3.800000000000000000e+01 6.018347714751625110e-01 5.695885057514116667e+00
3.900000000000000000e+01 7.184592129405616978e-01 3.447064032836425707e+00
4.000000000000000000e+01 7.344500673293254955e-01 3.188361609629075666e+00
4.100000000000000000e+01 7.335676018706910329e-01 3.202376487763600732e+00
4.200000000000000000e+01 7.843487406356128844e-01 2.441875872648402002e+00
4.300000000000000000e+01 8.181798254439123230e-01 1.982349896317170623e+00
4.400000000000000000e+01 nan nan
4.500000000000000000e+01 6.765647238113698947e-01 4.176023100594338011e+00
4.600000000000000000e+01 8.003133649029207097e-01 2.220686710336179370e+00
4.700000000000000000e+01 6.660289484887090827e-01 4.372067441047248870e+00
4.800000000000000000e+01 6.078516636369954984e-01 5.561427000014626643e+00
4.900000000000000000e+01 7.500192540514462047e-01 2.945938489647511815e+00
5.000000000000000000e+01 nan nan
5.100000000000000000e+01 9.325293730231971612e-01 6.536564053608164837e-01
5.200000000000000000e+01 nan nan
5.300000000000000000e+01 nan nan
5.400000000000000000e+01 9.185792937268966174e-01 7.996686680795521696e-01
5.500000000000000000e+01 9.232031262635232993e-01 7.508283400513640071e-01
5.600000000000000000e+01 9.230079326313014310e-01 7.528811402164978794e-01
5.700000000000000000e+01 9.467011120341898289e-01 5.093319985369196834e-01
5.800000000000000000e+01 9.600963119154645176e-01 3.764824544951304031e-01
5.900000000000000000e+01 9.577643312586461288e-01 3.993671519596711517e-01
6.000000000000000000e+01 9.587546761863527944e-01 3.896361046327245226e-01
6.100000000000000000e+01 9.378002610856887022e-01 5.995149191535376065e-01
6.200000000000000000e+01 8.735801370665612353e-01 1.299368296117485500e+00
6.300000000000000000e+01 9.154124647808623561e-01 8.333772508326436901e-01
6.400000000000000000e+01 8.425742217083230789e-01 1.671642601912658233e+00
6.500000000000000000e+01 7.874714531535108586e-01 2.397978850433200915e+00
6.600000000000000000e+01 7.939542208291013869e-01 2.307836833692249900e+00
6.700000000000000000e+01 nan nan
6.800000000000000000e+01 7.194054453183781339e-01 3.431471308522713759e+00
6.900000000000000000e+01 7.282993036885901939e-01 3.286673516584400989e+00
7.000000000000000000e+01 6.864098647444097923e-01 3.997643784535896749e+00
7.100000000000000000e+01 7.560819094322640543e-01 2.853949985807840761e+00
7.200000000000000000e+01 nan nan
7.300000000000000000e+01 8.764919661680188323e-01 1.265630361595190490e+00
7.400000000000000000e+01 nan nan
7.500000000000000000e+01 5.952157224342272679e-01 5.846538542689414086e+00
7.600000000000000000e+01 7.959839478094801191e-01 2.279884393544241217e+00
7.700000000000000000e+01 6.393238624135212378e-01 4.894398906831755269e+00
7.800000000000000000e+01 6.628904065591033623e-01 4.431529980958815784e+00
7.900000000000000000e+01 nan nan
8.000000000000000000e+01 6.336539939232487262e-01 5.010269790309710203e+00
8.100000000000000000e+01 8.231725460882676204e-01 1.917410874196182613e+00
8.200000000000000000e+01 7.472633281250534720e-01 2.988194043042888826e+00
8.300000000000000000e+01 7.856929879243450543e-01 2.422941027532338865e+00
8.400000000000000000e+01 7.978809911779850550e-01 2.253874519789666575e+00
8.500000000000000000e+01 nan nan
8.600000000000000000e+01 6.754709959228294425e-01 4.196123292589497566e+00
8.700000000000000000e+01 6.597641163420352450e-01 4.491256092074563888e+00
8.800000000000000000e+01 5.719867910919308462e-01 6.399198875817342369e+00
8.900000000000000000e+01 7.483879911335918900e-01 2.970916498369494896e+00
9.000000000000000000e+01 7.657433199500863763e-01 2.710048091252981184e+00
9.100000000000000000e+01 8.693978749389401628e-01 1.348183251762504087e+00
9.200000000000000000e+01 8.494551079078143108e-01 1.586911712414320164e+00
9.300000000000000000e+01 7.715551762390456814e-01 2.625035977081474847e+00
9.400000000000000000e+01 9.181543082645949871e-01 8.041800721779716055e-01
9.500000000000000000e+01 9.066361691655184796e-01 9.279097221916271510e-01
9.600000000000000000e+01 nan nan
9.700000000000000000e+01 9.704281935981219354e-01 2.762970937234571767e-01
9.800000000000000000e+01 9.627296031095070594e-01 3.507622381317771487e-01
9.900000000000000000e+01 9.693986665476437281e-01 2.861928467181887314e-01
1.000000000000000000e+02 9.396032948976931198e-01 5.811212587966922971e-01
