3.937094988172431392e-03
1.915849604570775110e-21
2.140462521734908208e+01
1.746531770745958667e+01
3.627151469079085810e+00
2.381379991004691377e+01
1.374026672952468076e+01
1.138463504681367588e+01
6.114526193931406617e+00
1.669876469958766663e+01
6.693909201010349586e-01
1.917397359167278159e+00
7.900290897013525715e+00
1.544894183793648956e+01
2.488184765512887253e+00
2.272111635572420657e-02
6.079100632531587500e+00
1.883020657286687927e-17
1.527734133979864168e+02
2.860421672156379103e+00
2.905922005824565590e-145
2.330134925715825744e+01
6.307622700773228175e+00
1.895089208453884311e+01
6.534595038547087675e+00
4.410348500677429229e+00
1.503790047803588679e-02
1.543398562209364400e+01
4.400393676721133442e-75
9.068109635263946200e-02
8.980967523935809993e+00
2.556112714019407406e+01
1.554865446328123291e+01
6.945853762421795352e+01
0.000000000000000000e+00
2.256769684295187804e-52
0.000000000000000000e+00
0.000000000000000000e+00
0.000000000000000000e+00
0.000000000000000000e+00
4.203364077067283655e-01
9.637033363666398955e+00
1.817941911244801290e+01
3.122669268736357751e+00
9.562228532319277718e+00
4.855761996462385488e-01
4.789725267184516966e+00
2.434174488614070930e-01
2.027321368235572407e+01
1.267459292256245007e+01
1.840919839241601963e+00
9.469715575808806962e-01
1.572307835615187344e+01
1.394783977728638637e-02
2.898772138567512968e+01
6.278133430142872617e-01
5.577516688918091603e-01
1.354573385932898333e+01
1.410839317621854772e+00
6.459726993195032740e+00
2.376709575022389609e-01
4.980024614490544029e-05
6.305370952094067505e+00
9.227551827037627774e-01
7.567370768988773699e-01
2.232778613165699966e+01
6.939804674558554325e+02
1.334595940693840816e+02
7.160922598496714642e+00
3.349446249466734304e+00
1.552763314814552409e+01
4.454766506666970116e+01
1.695756804048947686e+01
2.232547936396577626e+01
3.295090605330792499e+01
8.130457228101147793e-01
6.377494677549790103e-02
7.209175537440172532e-02
1.002937234334747574e+00
1.342073471119488307e-03
8.087432623916597230e-01
8.304454448678040279e+00
1.444566524262142642e-04
1.854243954824696772e+01
4.432653171662937375e+00
1.505322497077827570e+01
5.519689937001242259e-57
0.000000000000000000e+00
2.389065464131639916e-25
5.456353998803006533e+01
1.246567134585664757e-12
1.218213804033130465e+01
1.964936150887236579e+02
1.361384068043269053e+03
1.654463431450216376e+03
3.928895708044007733e+03
2.118550465530429847e+03
3.021193581064704199e-04
5.676103774502896613e+02
1.593857835532038731e-10
6.411024276014632960e+03
1.036834928146125812e+01
5.436305060441505077e+01
0.000000000000000000e+00
1.045981921825587904e+02
4.260847773649137241e-17
6.582010236283620941e+01
1.102687795034722512e+03
2.307105411488861790e+01
1.152340007625383045e+01
5.563392342255126799e+00
6.782547172454866491e+00
9.511971907458162789e+00
3.407806381469355017e+01
1.777668637866714363e+01
1.811605467168905648e+01
3.033672903934639820e+01
2.259825907166946379e+01
1.450786418440893399e+01
0.000000000000000000e+00
1.923563463189255529e+01
9.407938859512589147e+01
1.263505731812135302e+01
2.404502576899581001e+01
1.410394723632716030e+01
3.759064342333702768e+01
4.895911319283576110e-04
1.356243049640826870e+00
4.517410517307672180e+00
9.315439394532946338e+00
1.762221947483677198e+01
1.664390025218649072e+01
2.673285329785894772e-104
4.193923363488001854e+01
3.395926168125352262e+01
1.729867144895583309e+01
2.170722750510899601e+01
2.723346087826291395e+01
5.022901082774475867e+01
3.060833504673307814e+01
4.945208571505509099e+01
7.507768970122006160e-14
3.634573466806710712e+03
2.750414176459455362e+01
3.506180001638516330e+01
2.376954959744869029e+02
4.460094606547340845e+01
7.705132320490528741e+01
2.756239947894269449e+01
3.987561260757341586e+01
2.395584505899936190e+01
3.600327419362752579e+01
2.320123189046975654e+01
1.863411987659960189e+01
2.549485190236771004e+01
1.927610284646476302e+01
1.256462281049602669e+00
1.650257509501097886e+01
4.512858826828202297e+01
2.773923002103619950e+01
3.065035150847474199e+01
1.017685166761789026e-47
1.681129391515820970e+01
3.114076229983765387e+01
1.645105987180746965e+01
2.417316168185578533e+02
4.751267113558071742e+01
3.125118649674273641e+01
1.170571421392331359e+02
8.622095524010762801e+01
1.650784279844844704e+01
1.865339471092374168e+01
1.860503478472087480e+01
5.301915836126505610e+01
2.005256708205719818e+01
6.025004918440249213e+01
1.732455161333584925e+01
2.040828623068702896e+01
1.886268784278889754e+01
1.051966214540066957e+01
6.108469798216882651e+01
1.593779859310578326e-109
2.751055345841914956e+01
1.247189955693364709e+02
1.778089646429589266e+01
4.713617462555686899e+01
1.591774596386180285e+01
1.988287074484900074e+01
2.625204527896595863e+01
4.160088473081117399e+01
1.630479356105977473e+01
3.730310382814248271e+01
8.254028272305080804e+01
6.648387476440932531e+00
6.282093006646460864e+00
1.081014087873930762e+01
1.485082593973876719e+01
2.239508443593329190e+01
3.048788906942837329e+01
1.520008400207210002e+02
5.292159265424306369e+00
2.058485284190212994e+01
2.633126005988344076e+01
4.091744952045662842e+01
2.595197132500786807e+01
3.256674949257165252e+01
2.228029516822469347e+01
1.112523459014972005e+01
1.120393622029478564e+01
2.805238344811141360e+01
3.081175451734067039e+01
6.069290517494928316e+00
9.413462546606318426e+00
8.152606164648724951e-03
1.268245743812617654e+01
5.076119521368219267e+01
4.386698354448074610e+01
1.400440837161341136e-02
0.000000000000000000e+00
2.924479305553343167e+01
4.653782695168590777e+00
2.602133325102126449e+01
8.920766300335090193e+01
1.868341343857871317e+00
8.265579076649711698e-01
4.612396002666547901e+01
5.358185849795867028e+01
5.069325938429014400e+01
5.733379964458611511e+01
1.157212148322632217e+01
1.556080608849050151e+01
1.414590243439669592e+01
7.168252486944565405e+00
1.857421274430016567e+01
2.246461675024336557e+01
7.077336065971511658e+00
1.170329310359683639e+01
1.558784056431476017e+01
1.929099572268463092e+01
4.102198028989586476e+01
4.660277291990770721e+01
4.237538007908062809e+01
9.007791195497603098e+00
1.538363387414332628e+01
2.975890887335562951e+01
2.913606594574087083e+01
6.886475633717783519e-03
2.295530810239847597e+01
6.319521139230483975e+00
1.679928424554295319e+01
2.510536369013525970e+01
3.686313710558727053e+01
5.560067379190385850e+01
2.504816338413712273e+01
1.105104548591966740e+01
1.529349117127360103e+01
1.886102814471604816e+01
5.882866919763217517e+00
1.872861468435625198e+01
1.307283931019141043e+01
2.261125300304473740e+01
1.567236859181041098e+01
2.277376449636307854e+01
6.115620872400112376e+02
3.134144865823153658e+00
9.583567782039049021e+00
3.646428651631362641e+02
9.417090378703252327e+02
2.748428441191115823e+01
1.372114248481806698e+01
1.771770618211570891e+01
3.177403041380506821e+01
2.257430418581673237e+01
1.950426312788581740e+01
1.611332362084315406e+01
1.521085476335967968e-01
1.540515133333348530e+01
1.171618400634678991e+01
1.653320444487980367e+01
1.396674041810124578e+01
1.438445427049307490e+01
5.190037177843530358e+00
9.802015307026273661e+00
1.634552744668679480e+01
1.454675366693789762e+01
1.194730429324985010e+01
1.309993583348812152e+01
1.828449678193830508e+01
1.390356020345644339e+01
9.117500532853311412e+00
8.136106094936057076e+00
1.138798677369427281e+01
4.583387824394053212e+01
1.071056956952619998e+01
1.223120744464207199e+01
1.163277945763749344e+01
1.706170943348084279e+01
1.368074498579517950e+01
7.879252230900781306e+00
7.540924631480532270e+00
1.000297909889997605e+01
1.595016894526381535e+01
1.506414568203421567e+01
3.427194503566210670e+01
1.499873589123421347e+01
4.175402167819582289e+00
3.864932047150244898e+01
2.548449367419142675e+01
3.881593870356424958e+01
9.548437701026523783e+00
5.456763110109809745e+00
3.569083307993787813e+00
1.061075212567868675e+01
1.007877212843525783e+01
1.837997096003086739e+01
1.052714795521498203e+01
8.093579533706101614e+00
1.015544331848187909e+01
2.116200061576878610e+01
7.180900486857302667e+01
9.942535752484301881e+00
1.582888860509500084e+01
6.640964907874031375e+00
2.749663868826388224e+01
4.439813455613681725e+01
6.133026567771977078e+00
1.319927015148116922e+01
4.654672146584636039e+01
1.262693374561397341e+01
3.988784711733592316e-06
2.234239619487184306e-09
0.000000000000000000e+00
6.798941950240439777e-13
0.000000000000000000e+00
2.948316466017998323e+02
0.000000000000000000e+00
0.000000000000000000e+00
0.000000000000000000e+00
0.000000000000000000e+00
0.000000000000000000e+00
0.000000000000000000e+00
0.000000000000000000e+00
0.000000000000000000e+00
0.000000000000000000e+00
2.297243371039397125e-154
0.000000000000000000e+00
0.000000000000000000e+00
1.682177153548133630e-01
5.570390242633990362e-241
3.337546318974695531e-02
3.314431978047856680e-96
1.034624629548225130e+03
1.546081664791356758e+01
4.395772682533883824e+01
7.570639179892992843e+01
0.000000000000000000e+00
0.000000000000000000e+00
7.115946810418880928e-25
8.887251405248709943e+02
5.512835335840113515e+01
1.457231063269309559e-66
0.000000000000000000e+00
7.147147153708068856e+01
5.353148283712962984e-21
0.000000000000000000e+00
0.000000000000000000e+00
3.146100866672182974e+02
2.628387459984622780e-11
2.264072711779055680e+03
0.000000000000000000e+00
8.214878264404656932e-288
0.000000000000000000e+00
0.000000000000000000e+00
0.000000000000000000e+00
0.000000000000000000e+00
0.000000000000000000e+00
5.143750947083343873e-95
3.281772920819844330e+01
5.933090458238691005e-13
1.127838843709718333e+02
8.858949483324595064e+01
1.101028036533351084e+01
0.000000000000000000e+00
9.762623344974290339e-112
0.000000000000000000e+00
0.000000000000000000e+00
1.640437696868414434e+02
2.944151916522599777e+02
1.455565140418087999e+01
3.222525450508526046e+04
1.488071537975786498e+02
1.421032863846772941e-104
0.000000000000000000e+00
2.960261785204172611e+02
9.010299390422387886e-159
0.000000000000000000e+00
1.099211100400434873e+02
3.791460592359850580e+03
9.200956417950041317e-10
5.054338287991857727e-32
3.605833588304034849e-14
1.414505998502311005e-79
1.617925102439512059e-06
0.000000000000000000e+00
0.000000000000000000e+00
0.000000000000000000e+00
0.000000000000000000e+00
0.000000000000000000e+00
9.447578697945015951e-05
0.000000000000000000e+00
4.368209093329675972e-146
0.000000000000000000e+00
1.750960037180721016e-299
0.000000000000000000e+00
2.364693474886108912e-03
2.843176455610649001e+01
0.000000000000000000e+00
1.552278054922554996e-05
0.000000000000000000e+00
3.515486212191507379e-03
7.200313089681246481e+01
2.470949535447062306e+00
1.768915159230445913e-03
1.216513144112111711e+01
9.894511451529805868e+01
9.010278524610185968e+00
1.293436153028639879e+01
1.040428522026517122e+01
2.290064454505581466e+02
1.649422661386726686e-83
9.689263102380593295e+01
2.495008787667784986e+02
1.389539655040418076e+01
8.573379237572384489e-269
0.000000000000000000e+00
1.897464753193512932e-85
5.618659813767259242e-135
0.000000000000000000e+00
0.000000000000000000e+00
1.444660445574885721e-71
0.000000000000000000e+00
0.000000000000000000e+00
0.000000000000000000e+00
0.000000000000000000e+00
4.831414417210911019e-16
0.000000000000000000e+00
0.000000000000000000e+00
1.236859149878329873e+02
1.963335356438020654e+02
8.696031777244505179e+01
0.000000000000000000e+00
5.540335322401473306e+00
6.055713402833711712e+01
0.000000000000000000e+00
1.629982747408655853e-71
0.000000000000000000e+00
5.495816512471442107e-74
3.729675647444687314e+01
8.494002629579971502e-10
0.000000000000000000e+00
0.000000000000000000e+00
8.422694419277386333e-251
2.572364127897654566e-111
0.000000000000000000e+00
1.647182850311895240e-12
0.000000000000000000e+00
0.000000000000000000e+00
2.631429599090282822e-157
0.000000000000000000e+00
1.337609042244704884e-169
0.000000000000000000e+00
4.695424244395656329e-107
0.000000000000000000e+00
0.000000000000000000e+00
0.000000000000000000e+00
0.000000000000000000e+00
0.000000000000000000e+00
0.000000000000000000e+00
0.000000000000000000e+00
0.000000000000000000e+00
1.541491241557728345e-152
3.241560942266905698e+01
2.048503490347425213e+02
1.816784652434479952e+01
1.749404133792660153e-226
0.000000000000000000e+00
1.177159489388208794e-275
5.405578154875385767e-118
0.000000000000000000e+00
0.000000000000000000e+00
1.448632069574538978e-293
4.676345119913656199e-04
3.662641130610742676e-94
0.000000000000000000e+00
2.533166612642640132e-100
1.254622568715368211e-15
0.000000000000000000e+00
0.000000000000000000e+00
0.000000000000000000e+00
8.505747239412862371e+01
4.023067484858883866e-210
0.000000000000000000e+00
3.374090602179791349e-153
3.850688660185347959e-31
0.000000000000000000e+00
3.931443218803326636e-165
8.168709048687408003e-58
0.000000000000000000e+00
1.765541283238742069e-131
5.885007065680181658e-151
7.564078387044744362e-16
3.404557084022206203e-94
8.983795628493544845e-05
2.368154753948580467e-71
0.000000000000000000e+00
4.495416619549869058e-51
4.974559139197631465e-08
0.000000000000000000e+00
0.000000000000000000e+00
0.000000000000000000e+00
0.000000000000000000e+00
0.000000000000000000e+00
1.314488573542672452e-14
0.000000000000000000e+00
0.000000000000000000e+00
2.220927687535058370e-02
2.654115174732848459e+02
3.083822207433085882e+00
0.000000000000000000e+00
0.000000000000000000e+00
0.000000000000000000e+00
0.000000000000000000e+00
0.000000000000000000e+00
0.000000000000000000e+00
0.000000000000000000e+00
0.000000000000000000e+00
0.000000000000000000e+00
3.161842668459903065e-17
0.000000000000000000e+00
0.000000000000000000e+00
0.000000000000000000e+00
0.000000000000000000e+00
2.278828487494395105e+01
5.982966982013866594e-09
0.000000000000000000e+00
0.000000000000000000e+00
8.549174905645535974e-39
1.443011388546694395e-12
3.964381778712702253e+00
7.462226618929017619e-01
7.456775741273094504e-02
2.358187859899500722e+02
2.545561939294186750e-06
0.000000000000000000e+00
0.000000000000000000e+00
2.227458722559533972e-09
4.784224544033096249e-04
5.075922184155866823e+00
0.000000000000000000e+00
7.244085423348038108e-42
1.683572713299096277e-43
0.000000000000000000e+00
0.000000000000000000e+00
2.109555661116591987e-126
0.000000000000000000e+00
6.801717536373132059e-09
0.000000000000000000e+00
0.000000000000000000e+00
8.763153221380644923e-45
1.341286972283934123e-199
0.000000000000000000e+00
7.206247361719533728e+01
0.000000000000000000e+00
5.829651523435448685e-47
0.000000000000000000e+00
2.269023491789583887e-64
3.711979290502363110e-02
4.046465212914735074e-33
0.000000000000000000e+00
2.699709091831722091e-209
0.000000000000000000e+00
0.000000000000000000e+00
0.000000000000000000e+00
2.565345198438755484e-02
3.457014948969803353e-03
0.000000000000000000e+00
0.000000000000000000e+00
0.000000000000000000e+00
0.000000000000000000e+00
1.614677406489145274e-43
0.000000000000000000e+00
6.902656807633644645e-88
0.000000000000000000e+00
0.000000000000000000e+00
0.000000000000000000e+00
0.000000000000000000e+00
0.000000000000000000e+00
0.000000000000000000e+00
2.705433794190776669e-62
0.000000000000000000e+00
1.041562855459913278e-08
6.955193971562402232e-101
3.772973161287515157e-28
0.000000000000000000e+00
0.000000000000000000e+00
0.000000000000000000e+00
0.000000000000000000e+00
0.000000000000000000e+00
0.000000000000000000e+00
4.889960084169155022e-08
2.869169609060502613e-02
0.000000000000000000e+00
3.212955682807694946e-01
2.742320471444683605e+00
0.000000000000000000e+00
1.059913923894329782e-26
0.000000000000000000e+00
0.000000000000000000e+00
0.000000000000000000e+00
0.000000000000000000e+00
0.000000000000000000e+00
0.000000000000000000e+00
0.000000000000000000e+00
0.000000000000000000e+00
8.761961687091131416e-19
0.000000000000000000e+00
0.000000000000000000e+00
3.008281516771011636e-298
1.315087032533417182e-282
0.000000000000000000e+00
0.000000000000000000e+00
9.196329761457008173e-04
9.663372212245629533e-10
1.854466462914245592e-22
0.000000000000000000e+00
7.349323159101558176e-106
1.127022981736381255e-165
2.863108725963275347e+01
0.000000000000000000e+00
4.316985652096043153e-53
4.200309765197759651e-90
0.000000000000000000e+00
0.000000000000000000e+00
0.000000000000000000e+00
1.086414462530628523e-110
6.557762375764297769e-02
3.929805588210417000e-142
3.171903484828948763e+02
1.283660813379809576e-04
0.000000000000000000e+00
0.000000000000000000e+00
0.000000000000000000e+00
2.231277336862916457e-04
1.457311145756390479e-156
3.561293318588707454e-15
0.000000000000000000e+00
3.504575186233811196e-13
0.000000000000000000e+00
0.000000000000000000e+00
0.000000000000000000e+00
0.000000000000000000e+00
1.031726411786301275e-133
0.000000000000000000e+00
0.000000000000000000e+00
9.815643422125625450e-19
0.000000000000000000e+00
0.000000000000000000e+00
0.000000000000000000e+00
1.036492884758546552e+03
2.117838870258543524e-129
0.000000000000000000e+00
1.406196513700209051e-53
9.094990590472545877e-01
3.679589674134919782e-142
1.882293190535508712e-02
4.710317383821052317e+02
0.000000000000000000e+00
1.135709554838318925e-14
0.000000000000000000e+00
0.000000000000000000e+00
0.000000000000000000e+00
1.708895275460908354e-196
0.000000000000000000e+00
0.000000000000000000e+00
1.277812194869292223e-153
4.747162993424533973e-175
0.000000000000000000e+00
2.816931604367737764e-279
0.000000000000000000e+00
0.000000000000000000e+00
0.000000000000000000e+00
0.000000000000000000e+00
0.000000000000000000e+00
8.265439355630238543e-32
1.901895251269860738e-69
0.000000000000000000e+00
4.421538167169001591e-39
4.175014449639479818e-247
1.538799709818498937e-56
1.868501465537367499e-82
0.000000000000000000e+00
0.000000000000000000e+00
0.000000000000000000e+00
0.000000000000000000e+00
0.000000000000000000e+00
1.447745738487357014e-71
0.000000000000000000e+00
0.000000000000000000e+00
1.687426797696066393e-251
0.000000000000000000e+00
4.018615148809157038e-163
0.000000000000000000e+00
0.000000000000000000e+00
0.000000000000000000e+00
7.607575338364769356e-215
0.000000000000000000e+00
0.000000000000000000e+00
3.382220814086529117e-312
0.000000000000000000e+00
0.000000000000000000e+00
0.000000000000000000e+00
4.130879631543558131e-38
0.000000000000000000e+00
0.000000000000000000e+00
0.000000000000000000e+00
0.000000000000000000e+00
0.000000000000000000e+00
0.000000000000000000e+00
0.000000000000000000e+00
0.000000000000000000e+00
0.000000000000000000e+00
0.000000000000000000e+00
1.122888066030865143e-162
0.000000000000000000e+00
0.000000000000000000e+00
0.000000000000000000e+00
0.000000000000000000e+00
0.000000000000000000e+00
0.000000000000000000e+00
3.134545817941958600e-80
0.000000000000000000e+00
0.000000000000000000e+00
0.000000000000000000e+00
2.150291975942534305e-84
2.529617485729910128e-107
1.147989873439451242e-12
0.000000000000000000e+00
0.000000000000000000e+00
5.057985408448185671e-01
0.000000000000000000e+00
7.522213045396412001e-01
1.092147900977248840e-124
4.554065514366889555e-02
0.000000000000000000e+00
1.139778845405504981e+01
2.153914226673301346e+00
2.874618486302310387e-14
0.000000000000000000e+00
8.979761082282840334e+01
1.668719412814558609e+02
1.244220863947607600e-02
2.993515188484796568e+02
8.991931907691955794e-57
3.783920198096615012e-13
8.899984922789857685e-16
0.000000000000000000e+00
0.000000000000000000e+00
0.000000000000000000e+00
7.211661121503526450e-02
1.260089597629152813e-66
0.000000000000000000e+00
0.000000000000000000e+00
0.000000000000000000e+00
0.000000000000000000e+00
0.000000000000000000e+00
0.000000000000000000e+00
1.931270756858235094e-239
0.000000000000000000e+00
0.000000000000000000e+00
0.000000000000000000e+00
7.697076337909778836e-88
0.000000000000000000e+00
0.000000000000000000e+00
0.000000000000000000e+00
5.731980943162401410e-17
0.000000000000000000e+00
0.000000000000000000e+00
0.000000000000000000e+00
0.000000000000000000e+00
0.000000000000000000e+00
0.000000000000000000e+00
0.000000000000000000e+00
1.819026424024329682e-81
5.506822574983233545e-83
2.609551023374425193e-109
0.000000000000000000e+00
0.000000000000000000e+00
0.000000000000000000e+00
0.000000000000000000e+00
0.000000000000000000e+00
0.000000000000000000e+00
0.000000000000000000e+00
0.000000000000000000e+00
0.000000000000000000e+00
0.000000000000000000e+00
0.000000000000000000e+00
2.750276653031634515e-27
1.226823311439912810e-34
5.757825262852113293e-18
0.000000000000000000e+00
0.000000000000000000e+00
4.416927576027950545e-92
0.000000000000000000e+00
0.000000000000000000e+00
0.000000000000000000e+00
9.817687455411488486e-127
0.000000000000000000e+00
0.000000000000000000e+00
0.000000000000000000e+00
0.000000000000000000e+00
0.000000000000000000e+00
0.000000000000000000e+00
0.000000000000000000e+00
0.000000000000000000e+00
0.000000000000000000e+00
0.000000000000000000e+00
0.000000000000000000e+00
0.000000000000000000e+00
7.146285073327511571e-83
0.000000000000000000e+00
0.000000000000000000e+00
1.608322902984086620e-92
7.201405899104539050e-186
1.692642107547079792e-88
2.094605021357426896e-26
3.888951130203421505e-45
0.000000000000000000e+00
1.045625392590798792e-32
1.351489895882536628e-07
0.000000000000000000e+00
0.000000000000000000e+00
0.000000000000000000e+00
0.000000000000000000e+00
0.000000000000000000e+00
0.000000000000000000e+00
0.000000000000000000e+00
1.156277335403791619e-43
4.489914834111623446e-47
0.000000000000000000e+00
0.000000000000000000e+00
0.000000000000000000e+00
1.295320083428984019e-123
0.000000000000000000e+00
5.336549206436532327e-175
0.000000000000000000e+00
0.000000000000000000e+00
4.181452227552142454e-176
9.144570615086958996e-206
0.000000000000000000e+00
0.000000000000000000e+00
1.774512359592096462e-36
0.000000000000000000e+00
0.000000000000000000e+00
0.000000000000000000e+00
0.000000000000000000e+00
0.000000000000000000e+00
0.000000000000000000e+00
0.000000000000000000e+00
2.489129143856748269e-149
0.000000000000000000e+00
0.000000000000000000e+00
0.000000000000000000e+00
0.000000000000000000e+00
0.000000000000000000e+00
4.770362899957288671e-165
8.286285245526401632e-31
0.000000000000000000e+00
0.000000000000000000e+00
0.000000000000000000e+00
0.000000000000000000e+00
3.911006390414986718e-84
0.000000000000000000e+00
0.000000000000000000e+00
0.000000000000000000e+00
0.000000000000000000e+00
0.000000000000000000e+00
6.082241969563580591e-109
2.466098070535726852e-241
1.762265681393872494e-38
0.000000000000000000e+00
0.000000000000000000e+00
3.073152394338839396e-09
3.597152566090797047e-76
0.000000000000000000e+00
1.518913679045300765e-40
1.071882826076528362e-107
1.056786348197430243e+03
0.000000000000000000e+00
1.671548298650672954e-04
3.414300634130933871e-284
1.067737867327716876e-144
5.475607628710239538e+01
0.000000000000000000e+00
1.489671358463829383e-247
0.000000000000000000e+00
1.755951533367585723e-07
0.000000000000000000e+00
8.678418253762288361e-204
0.000000000000000000e+00
5.331152111047303155e-317
0.000000000000000000e+00
3.125687854040762803e-129
0.000000000000000000e+00
0.000000000000000000e+00
0.000000000000000000e+00
0.000000000000000000e+00
0.000000000000000000e+00
0.000000000000000000e+00
4.504983687660429758e-30
0.000000000000000000e+00
0.000000000000000000e+00
0.000000000000000000e+00
0.000000000000000000e+00
0.000000000000000000e+00
4.007541394630303625e-147
0.000000000000000000e+00
0.000000000000000000e+00
0.000000000000000000e+00
2.411930017681123140e-01
0.000000000000000000e+00
0.000000000000000000e+00
0.000000000000000000e+00
0.000000000000000000e+00
0.000000000000000000e+00
0.000000000000000000e+00
0.000000000000000000e+00
0.000000000000000000e+00
0.000000000000000000e+00
8.123066799206696127e-32
0.000000000000000000e+00
0.000000000000000000e+00
0.000000000000000000e+00
5.764263890029823431e-320
0.000000000000000000e+00
3.908419954080577601e-203
0.000000000000000000e+00
0.000000000000000000e+00
1.384275668938316290e-137
0.000000000000000000e+00
0.000000000000000000e+00
0.000000000000000000e+00
0.000000000000000000e+00
0.000000000000000000e+00
1.228519445491706262e-220
0.000000000000000000e+00
0.000000000000000000e+00
0.000000000000000000e+00
2.510300295592449881e-58
0.000000000000000000e+00
0.000000000000000000e+00
3.446840697130735670e-152
0.000000000000000000e+00
0.000000000000000000e+00
0.000000000000000000e+00
2.572879894113828829e-221
0.000000000000000000e+00
3.782631898670359843e-02
1.516021015683486836e-03
5.521181415057720804e-106
4.392558350529007072e+01
0.000000000000000000e+00
1.286162047014860697e-45
8.469709278633314372e-229
1.362228301107383799e-01
1.185539443646633356e-02
9.156890926648602047e-01
2.257337053431565721e+02
3.210140871106501037e-02
9.861548821856989097e-166
0.000000000000000000e+00
0.000000000000000000e+00
0.000000000000000000e+00
0.000000000000000000e+00
0.000000000000000000e+00
0.000000000000000000e+00
0.000000000000000000e+00
0.000000000000000000e+00
0.000000000000000000e+00
0.000000000000000000e+00
0.000000000000000000e+00
1.954693827577026255e-73
1.529189732121722953e-125
0.000000000000000000e+00
0.000000000000000000e+00
0.000000000000000000e+00
2.097967491339827717e+01
0.000000000000000000e+00
5.772734024389467589e-01
0.000000000000000000e+00
0.000000000000000000e+00
3.178239122548439185e-59
2.788424780786872034e-190
1.012049947361252078e-36
4.169131457361911414e-114
3.189565250156957410e-02
7.851710480907201548e-97
0.000000000000000000e+00
0.000000000000000000e+00
5.632348362590210604e-322
6.324131510182682944e-23
0.000000000000000000e+00
0.000000000000000000e+00
4.719755965352850358e-01
0.000000000000000000e+00
0.000000000000000000e+00
0.000000000000000000e+00
0.000000000000000000e+00
0.000000000000000000e+00
1.113795886229174365e-32
0.000000000000000000e+00
0.000000000000000000e+00
1.343566366366360718e-02
0.000000000000000000e+00
0.000000000000000000e+00
0.000000000000000000e+00
0.000000000000000000e+00
3.901653133772970544e-02
2.710305330975298268e-119
0.000000000000000000e+00
0.000000000000000000e+00
4.383938203339148032e+01
0.000000000000000000e+00
1.099100858698914750e-229
4.406085641522235125e-212
1.261183048205152619e-190
5.564915811292782323e-289
0.000000000000000000e+00
2.199201602520954970e-04
0.000000000000000000e+00
4.006325878297220705e-71
2.217224002913671317e-27
1.203529214988290574e+00
1.647113272159991837e+01
2.138898685218210716e+01
0.000000000000000000e+00
3.185427159891140964e-139
6.059667506188587743e-122
0.000000000000000000e+00
6.221890768431857310e+01
0.000000000000000000e+00
1.155516729710537935e-09
1.306115008819167174e-17
0.000000000000000000e+00
0.000000000000000000e+00
3.268274552652281295e-13
0.000000000000000000e+00
5.030539467171941830e-225
1.128893341216773519e-103
0.000000000000000000e+00
0.000000000000000000e+00
0.000000000000000000e+00
0.000000000000000000e+00
6.109146997843220572e-02
1.503992265224595959e-22
3.093106590367388662e-08
0.000000000000000000e+00
0.000000000000000000e+00
4.213733535206752363e-09
0.000000000000000000e+00
1.916970149236851607e-93
0.000000000000000000e+00
4.731314899680906239e-01
6.912251735800828281e-19
6.661926698845842124e-05
0.000000000000000000e+00
0.000000000000000000e+00
5.417050759132469233e-59
2.746231012309741035e-28
0.000000000000000000e+00
7.544953183105066945e-17
1.166506102357229624e-176
1.632679773914514952e-85
0.000000000000000000e+00
1.114303475636305998e-07
0.000000000000000000e+00
0.000000000000000000e+00
4.976415379059755952e-06
3.630081947344074411e-176
3.658620982428767258e-04
0.000000000000000000e+00
2.752759991603360883e-33
1.910965899026295870e-05
2.426407411125416422e-06
0.000000000000000000e+00
9.511504732229543352e-17
0.000000000000000000e+00
0.000000000000000000e+00
0.000000000000000000e+00
1.665105076314141484e-19
3.244584558744734782e-11
0.000000000000000000e+00
0.000000000000000000e+00
1.030832946389395411e-211
0.000000000000000000e+00
0.000000000000000000e+00
5.189367221644251632e-05
1.229012997616255409e-27
0.000000000000000000e+00
0.000000000000000000e+00
2.362844695729812274e-50
2.450495227181698317e-58
2.541301135175042210e-15
1.035476762953703612e-55
2.339487121127286628e+03
8.302187923131836458e-92
1.946472420378292009e-63
0.000000000000000000e+00
0.000000000000000000e+00
0.000000000000000000e+00
0.000000000000000000e+00
0.000000000000000000e+00
5.236017159365252063e-06
4.967501368316462731e+02
5.069593923853761956e-182
0.000000000000000000e+00
0.000000000000000000e+00
5.256317078300080763e-03
1.900203008883099214e-08
1.612460670649426328e-104
1.962027527641581339e-80
7.808150466217734713e-287
0.000000000000000000e+00
0.000000000000000000e+00
1.198294140010913262e-46
1.258406356873259406e-203
1.275982231608656872e-37
1.088495348803991203e-03
0.000000000000000000e+00
1.958643292925480464e-58
0.000000000000000000e+00
1.155629113237145605e-11
5.977265936834748172e-56
1.842163362005175960e-33
8.001154793222480362e-06
0.000000000000000000e+00
5.862208003504926594e-07
1.338887004050393159e+01
0.000000000000000000e+00
0.000000000000000000e+00
2.988923539388747611e-157
3.334914947572182895e-29
4.592421668711658130e-06
6.801862610160370806e-07
2.699871240161799444e-91
4.272034498434902616e+01
3.595493388784402100e+01
0.000000000000000000e+00
1.896718014384545483e-320
0.000000000000000000e+00
0.000000000000000000e+00
0.000000000000000000e+00
0.000000000000000000e+00
0.000000000000000000e+00
0.000000000000000000e+00
0.000000000000000000e+00
0.000000000000000000e+00
0.000000000000000000e+00
0.000000000000000000e+00
0.000000000000000000e+00
0.000000000000000000e+00
0.000000000000000000e+00
0.000000000000000000e+00
1.489905618235750706e-05
6.906635372973330213e-19
0.000000000000000000e+00
0.000000000000000000e+00
0.000000000000000000e+00
3.755603689471642617e-274
1.346971757702401474e-08
4.946522398921446850e+00
0.000000000000000000e+00
0.000000000000000000e+00
7.429115033548301845e-123
0.000000000000000000e+00
0.000000000000000000e+00
0.000000000000000000e+00
0.000000000000000000e+00
0.000000000000000000e+00
0.000000000000000000e+00
0.000000000000000000e+00
0.000000000000000000e+00
0.000000000000000000e+00
0.000000000000000000e+00
0.000000000000000000e+00
1.896880574042822902e-48
9.856903995113843202e-18
0.000000000000000000e+00
0.000000000000000000e+00
0.000000000000000000e+00
0.000000000000000000e+00
0.000000000000000000e+00
0.000000000000000000e+00
0.000000000000000000e+00
0.000000000000000000e+00
0.000000000000000000e+00
4.373503234060975330e-284
7.477152802640061726e-41
2.362813732920610521e-266
0.000000000000000000e+00
0.000000000000000000e+00
6.773593900335886686e-25
0.000000000000000000e+00
0.000000000000000000e+00
0.000000000000000000e+00
0.000000000000000000e+00
0.000000000000000000e+00
1.471183983675083776e-20
5.022723697666322610e-51
0.000000000000000000e+00
2.943900759540184369e-05
0.000000000000000000e+00
0.000000000000000000e+00
0.000000000000000000e+00
0.000000000000000000e+00
0.000000000000000000e+00
0.000000000000000000e+00
8.884913042962401253e-01
5.423899369040693363e-01
2.873955835147777455e-14
7.490841461100040677e-01
5.543928350734406152e-01
1.331724015936718963e+01
1.208950246309576093e-01
4.815653046645064848e-31
0.000000000000000000e+00
5.549373318824913270e-06
4.966741970507525368e-135
1.099304893260283578e+00
1.802081744248937517e-03
5.987532853373665952e-07
7.827344639266646458e-17
9.153148163165068796e-02
8.000718582386056374e-19
6.778436243823456664e+01
9.241604699997493398e-05
0.000000000000000000e+00
0.000000000000000000e+00
0.000000000000000000e+00
0.000000000000000000e+00
0.000000000000000000e+00
0.000000000000000000e+00
0.000000000000000000e+00
0.000000000000000000e+00
0.000000000000000000e+00
0.000000000000000000e+00
0.000000000000000000e+00
0.000000000000000000e+00
0.000000000000000000e+00
0.000000000000000000e+00
0.000000000000000000e+00
0.000000000000000000e+00
0.000000000000000000e+00
0.000000000000000000e+00
0.000000000000000000e+00
0.000000000000000000e+00
0.000000000000000000e+00
0.000000000000000000e+00
0.000000000000000000e+00
0.000000000000000000e+00
0.000000000000000000e+00
0.000000000000000000e+00
0.000000000000000000e+00
0.000000000000000000e+00
0.000000000000000000e+00
8.324179055172011476e-259
0.000000000000000000e+00
0.000000000000000000e+00
0.000000000000000000e+00
0.000000000000000000e+00
0.000000000000000000e+00
0.000000000000000000e+00
0.000000000000000000e+00
1.653095844248987496e-33
0.000000000000000000e+00
6.538130456327145053e-218
1.928351232653784933e-122
1.835168210976929112e-133
2.743657067721164275e-164
0.000000000000000000e+00
0.000000000000000000e+00
0.000000000000000000e+00
0.000000000000000000e+00
0.000000000000000000e+00
7.394625840892288131e-96
0.000000000000000000e+00
0.000000000000000000e+00
1.490268364888861021e-79
0.000000000000000000e+00
0.000000000000000000e+00
1.511120174608435692e-85
3.112383461801634509e-04
0.000000000000000000e+00
0.000000000000000000e+00
9.029559244912892626e-33
1.242909155792225677e-34
5.619636741908823575e-27
1.617831050241032358e+02
0.000000000000000000e+00
6.692158328683066408e-123
1.039686430191807982e-97
3.982079406053200155e-183
3.926409736230229060e-16
1.234737607124270239e-96
2.279890649262878701e-10
3.961171480222752926e-55
2.547427254688007057e-24
0.000000000000000000e+00
0.000000000000000000e+00
4.812682420202170320e-39
5.036425627037374360e-11
0.000000000000000000e+00
6.537202470342429670e-242
2.727642511927851702e-265
6.830852663823836984e-25
0.000000000000000000e+00
2.137437592358240077e-166
2.468508602486166582e-14
5.474679183937325045e-190
0.000000000000000000e+00
1.604265886485095308e-280
0.000000000000000000e+00
0.000000000000000000e+00
0.000000000000000000e+00
1.465572768419567143e-271
0.000000000000000000e+00
2.455532231929449458e-02
5.029438780553578001e-55
9.792334255423152601e-179
0.000000000000000000e+00
3.948702753638556437e-176
0.000000000000000000e+00
0.000000000000000000e+00
0.000000000000000000e+00
3.102959634970239232e-138
5.782817535059039531e-144
0.000000000000000000e+00
0.000000000000000000e+00
0.000000000000000000e+00
0.000000000000000000e+00
0.000000000000000000e+00
0.000000000000000000e+00
0.000000000000000000e+00
0.000000000000000000e+00
0.000000000000000000e+00
0.000000000000000000e+00
0.000000000000000000e+00
5.070038854440715060e-113
3.659161057151120112e-56
4.985985856433486329e-220
0.000000000000000000e+00
0.000000000000000000e+00
0.000000000000000000e+00
0.000000000000000000e+00
0.000000000000000000e+00
0.000000000000000000e+00
0.000000000000000000e+00
0.000000000000000000e+00
0.000000000000000000e+00
0.000000000000000000e+00
1.811262262843321699e-13
0.000000000000000000e+00
0.000000000000000000e+00
0.000000000000000000e+00
3.828121945912603649e-151
0.000000000000000000e+00
0.000000000000000000e+00
0.000000000000000000e+00
0.000000000000000000e+00
0.000000000000000000e+00
0.000000000000000000e+00
0.000000000000000000e+00
0.000000000000000000e+00
2.540299658783742839e-70
0.000000000000000000e+00
7.645550337477563382e-08
0.000000000000000000e+00
0.000000000000000000e+00
6.258995437006755938e-102
5.981950930237668981e-246
0.000000000000000000e+00
0.000000000000000000e+00
0.000000000000000000e+00
1.500881616561069664e-06
5.962551355396909471e-27
0.000000000000000000e+00
0.000000000000000000e+00
0.000000000000000000e+00
9.394980038790720113e-24
0.000000000000000000e+00
1.615343577739653059e-38
0.000000000000000000e+00
8.938499210732579537e-51
1.199687402693076083e-02
0.000000000000000000e+00
2.215522097512362321e-09
4.973026312292549679e-65
2.293412508965466866e-107
0.000000000000000000e+00
0.000000000000000000e+00
0.000000000000000000e+00
1.429813813898582796e-135
5.351388882122508051e+01
0.000000000000000000e+00
0.000000000000000000e+00
0.000000000000000000e+00
0.000000000000000000e+00
1.006146312541807142e-01
0.000000000000000000e+00
5.133263564341670182e-240
0.000000000000000000e+00
0.000000000000000000e+00
0.000000000000000000e+00
0.000000000000000000e+00
0.000000000000000000e+00
3.777809028616762697e-22
0.000000000000000000e+00
0.000000000000000000e+00
2.301932726204011477e-14
2.050043852796234885e-19
0.000000000000000000e+00
4.581732993039861658e-23
1.341116682518876446e-259
0.000000000000000000e+00
0.000000000000000000e+00
0.000000000000000000e+00
1.372565567305699015e-02
0.000000000000000000e+00
0.000000000000000000e+00
2.541180242561131593e+02
4.574652550609897493e-115
2.768360808289606513e-14
0.000000000000000000e+00
0.000000000000000000e+00
5.714062855970054119e-135
0.000000000000000000e+00
0.000000000000000000e+00
0.000000000000000000e+00
0.000000000000000000e+00
7.197152794594291557e-182
0.000000000000000000e+00
1.435693728260487926e-20
5.790943864452291850e-26
4.888362987833086208e+02
9.586609243001434355e-03
6.258148320583931223e+00
0.000000000000000000e+00
1.080942623734674616e-119
0.000000000000000000e+00
0.000000000000000000e+00
3.317182635405187333e-25
2.180687757644075092e-93
4.996404505251443418e+00
3.680747497984352864e-63
0.000000000000000000e+00
2.779220657219325180e-48
0.000000000000000000e+00
1.388089289185381185e-05
2.925398496030695095e-04
1.906424096910974119e-39
3.369923100201704134e-161
2.327806744638549643e-43
1.052328556351214968e-22
3.081633327208051706e-14
0.000000000000000000e+00
3.553660473488074700e+01
2.612692617407487666e-04
1.827858969971051046e-14
0.000000000000000000e+00
0.000000000000000000e+00
4.143885257323491980e-25
0.000000000000000000e+00
6.975920906662387439e-17
0.000000000000000000e+00
2.385822815880676216e-266
0.000000000000000000e+00
0.000000000000000000e+00
0.000000000000000000e+00
0.000000000000000000e+00
0.000000000000000000e+00
0.000000000000000000e+00
1.292026948254570488e-41
0.000000000000000000e+00
6.395260953418278267e-87
9.384121993170705365e-292
3.370718685197360216e-88
0.000000000000000000e+00
8.938443639783201106e-116
0.000000000000000000e+00
0.000000000000000000e+00
0.000000000000000000e+00
0.000000000000000000e+00
0.000000000000000000e+00
0.000000000000000000e+00
0.000000000000000000e+00
0.000000000000000000e+00
0.000000000000000000e+00
0.000000000000000000e+00
0.000000000000000000e+00
2.207901308892487889e-317
0.000000000000000000e+00
0.000000000000000000e+00
0.000000000000000000e+00
0.000000000000000000e+00
0.000000000000000000e+00
0.000000000000000000e+00
1.857651725979907851e-292
0.000000000000000000e+00
0.000000000000000000e+00
0.000000000000000000e+00
0.000000000000000000e+00
0.000000000000000000e+00
0.000000000000000000e+00
0.000000000000000000e+00
0.000000000000000000e+00
4.483807681918261713e-31
0.000000000000000000e+00
1.461006742066192927e-275
0.000000000000000000e+00
0.000000000000000000e+00
0.000000000000000000e+00
0.000000000000000000e+00
0.000000000000000000e+00
5.093962414484576119e-38
0.000000000000000000e+00
0.000000000000000000e+00
0.000000000000000000e+00
1.286600411941065888e-06
0.000000000000000000e+00
0.000000000000000000e+00
0.000000000000000000e+00
3.880184624002549043e+01
0.000000000000000000e+00
0.000000000000000000e+00
6.320023501843877184e-14
1.158199519497310103e-138
0.000000000000000000e+00
2.810443903238555956e-134
0.000000000000000000e+00
0.000000000000000000e+00
1.537807470250209739e-107
0.000000000000000000e+00
0.000000000000000000e+00
0.000000000000000000e+00
1.851216748566474419e-88
6.421914734807280364e-20
0.000000000000000000e+00
2.012157962888950632e-82
0.000000000000000000e+00
0.000000000000000000e+00
0.000000000000000000e+00
0.000000000000000000e+00
0.000000000000000000e+00
0.000000000000000000e+00
0.000000000000000000e+00
0.000000000000000000e+00
0.000000000000000000e+00
0.000000000000000000e+00
3.870329776016771633e-17
0.000000000000000000e+00
7.122726896499212625e-13
0.000000000000000000e+00
0.000000000000000000e+00
3.811803735695099205e-11
3.621582631261721868e-142
4.141076700370365691e-125
0.000000000000000000e+00
2.600288394200697833e-48
0.000000000000000000e+00
2.562220526172667131e-16
0.000000000000000000e+00
2.142346859633895023e-114
0.000000000000000000e+00
8.042993476013743572e-93
0.000000000000000000e+00
4.268929167427333708e-11
2.144260957181499424e-18
0.000000000000000000e+00
0.000000000000000000e+00
0.000000000000000000e+00
0.000000000000000000e+00
0.000000000000000000e+00
1.557437819061212951e-195
1.734565049787668322e-161
1.630075926432905569e-72
2.192601546099169922e-36
0.000000000000000000e+00
0.000000000000000000e+00
2.166044686458622416e-138
6.965269996433727131e-08
5.067209733442552159e-213
3.380485247809306604e-08
0.000000000000000000e+00
5.379699814169685368e-74
7.374866676282996991e+01
0.000000000000000000e+00
1.037122088406631219e-26
0.000000000000000000e+00
0.000000000000000000e+00
0.000000000000000000e+00
0.000000000000000000e+00
0.000000000000000000e+00
0.000000000000000000e+00
0.000000000000000000e+00
0.000000000000000000e+00
4.388734858462727431e-24
0.000000000000000000e+00
0.000000000000000000e+00
0.000000000000000000e+00
9.980961126945759342e-28
7.139853866711851852e-04
0.000000000000000000e+00
1.441229886410779044e-232
0.000000000000000000e+00
0.000000000000000000e+00
0.000000000000000000e+00
2.744612046560499003e-181
6.277841474014557054e-31
0.000000000000000000e+00
0.000000000000000000e+00
0.000000000000000000e+00
0.000000000000000000e+00
0.000000000000000000e+00
0.000000000000000000e+00
7.794187762182049540e-55
0.000000000000000000e+00
3.892241124709954705e-74
1.214227740030688043e-50
7.322624104212226648e+00
5.714655505554229546e-10
1.891791821553029103e-58
1.189280992911083796e-18
0.000000000000000000e+00
2.708294139953944989e-207
4.670291809218343253e-94
6.723087560163813797e-197
1.050194872118861316e-101
1.689982010440173167e-81
0.000000000000000000e+00
4.699486073327539365e-82
3.339433098956259753e-134
9.579240370946790329e-188
0.000000000000000000e+00
0.000000000000000000e+00
0.000000000000000000e+00
0.000000000000000000e+00
7.361567791662183798e-26
4.593642254409372833e-19
9.045584575786990572e-177
6.536481656473361592e-36
2.046426768848163391e+01
3.329949217414299116e-13
9.312569139681300683e-93
0.000000000000000000e+00
2.939657212412077430e-61
0.000000000000000000e+00
2.111354337294979814e+03
2.373167387836070121e-54
2.693434610370908331e+02
7.520010188359280805e-12
9.013060222724047572e-177
3.177262269756191451e-197
6.860610798994006834e-28
0.000000000000000000e+00
0.000000000000000000e+00
0.000000000000000000e+00
0.000000000000000000e+00
0.000000000000000000e+00
3.598769572746954594e-243
0.000000000000000000e+00
0.000000000000000000e+00
0.000000000000000000e+00
3.745431374118988891e-278
0.000000000000000000e+00
0.000000000000000000e+00
1.050176082778102751e-208
3.259252417258796982e-10
4.160136578976893675e-136
8.918088523898153455e-122
1.239996921549297427e-85
1.187815493232580347e-82
3.254663757234272977e-106
8.382088029708691559e-84
4.347524453212922174e-18
0.000000000000000000e+00
7.893264598547795607e-01
4.744810689753717556e-217
0.000000000000000000e+00
0.000000000000000000e+00
0.000000000000000000e+00
0.000000000000000000e+00
0.000000000000000000e+00
7.121293085354623997e+01
0.000000000000000000e+00
0.000000000000000000e+00
1.565579193888090614e+01
0.000000000000000000e+00
3.826057916328362557e-05
5.817903454189051748e-01
0.000000000000000000e+00
0.000000000000000000e+00
4.693612218894082401e-13
0.000000000000000000e+00
0.000000000000000000e+00
0.000000000000000000e+00
0.000000000000000000e+00
2.748682148068066103e-229
1.671585645078880233e+01
8.890017670980664299e-95
1.017927048292368618e-24
2.781535298631678324e-03
3.185493309258714767e+00
2.310438613907382533e-96
6.259927340603297821e-308
5.327564837001099762e-12
0.000000000000000000e+00
2.415753756275983405e-77
0.000000000000000000e+00
6.009563879327981883e-193
9.008143669977996322e-40
2.434912236854487990e-151
3.269706798369711826e-46
0.000000000000000000e+00
3.364688546420994183e-04
1.764500304006251949e-311
1.198255348254173985e-01
0.000000000000000000e+00
1.837919783129214279e-10
0.000000000000000000e+00
0.000000000000000000e+00
0.000000000000000000e+00
0.000000000000000000e+00
3.316224881493093078e-148
1.321649879553761051e-261
8.920316941598580360e-34
0.000000000000000000e+00
1.324683952041758039e-03
4.655875319556648547e-94
0.000000000000000000e+00
4.737393371234857931e+00
2.352685681496882353e+01
0.000000000000000000e+00
0.000000000000000000e+00
1.290003871556642970e-94
0.000000000000000000e+00
0.000000000000000000e+00
0.000000000000000000e+00
0.000000000000000000e+00
3.653230273888752633e-09
9.171712794584420845e-09
0.000000000000000000e+00
0.000000000000000000e+00
3.372614152157269040e-43
3.381182186769100103e-204
6.425677632974753426e-23
0.000000000000000000e+00
1.119131835333188274e+00
0.000000000000000000e+00
5.345436987681896876e-115
8.859110613890548647e-199
1.106697741000565626e-267
3.159044820048625536e-42
0.000000000000000000e+00
0.000000000000000000e+00
0.000000000000000000e+00
1.154474378195619630e-164
0.000000000000000000e+00
0.000000000000000000e+00
0.000000000000000000e+00
0.000000000000000000e+00
0.000000000000000000e+00
0.000000000000000000e+00
0.000000000000000000e+00
0.000000000000000000e+00
0.000000000000000000e+00
0.000000000000000000e+00
1.057772500112668301e-04
4.500030898530227863e-230
0.000000000000000000e+00
0.000000000000000000e+00
0.000000000000000000e+00
0.000000000000000000e+00
0.000000000000000000e+00
0.000000000000000000e+00
0.000000000000000000e+00
7.563605548257422484e+00
2.835638853716646095e-05
0.000000000000000000e+00
2.561560090735539485e-32
0.000000000000000000e+00
0.000000000000000000e+00
0.000000000000000000e+00
0.000000000000000000e+00
0.000000000000000000e+00
0.000000000000000000e+00
0.000000000000000000e+00
0.000000000000000000e+00
0.000000000000000000e+00
0.000000000000000000e+00
0.000000000000000000e+00
0.000000000000000000e+00
0.000000000000000000e+00
0.000000000000000000e+00
0.000000000000000000e+00
0.000000000000000000e+00
0.000000000000000000e+00
3.066714178418982453e-15
0.000000000000000000e+00
0.000000000000000000e+00
0.000000000000000000e+00
0.000000000000000000e+00
0.000000000000000000e+00
0.000000000000000000e+00
0.000000000000000000e+00
0.000000000000000000e+00
0.000000000000000000e+00
0.000000000000000000e+00
0.000000000000000000e+00
0.000000000000000000e+00
0.000000000000000000e+00
0.000000000000000000e+00
0.000000000000000000e+00
0.000000000000000000e+00
0.000000000000000000e+00
0.000000000000000000e+00
0.000000000000000000e+00
0.000000000000000000e+00
0.000000000000000000e+00
0.000000000000000000e+00
0.000000000000000000e+00
0.000000000000000000e+00
0.000000000000000000e+00
2.246374898650073418e-146
2.376311912664780834e+01
5.171317648967579305e-67
0.000000000000000000e+00
0.000000000000000000e+00
0.000000000000000000e+00
0.000000000000000000e+00
0.000000000000000000e+00
0.000000000000000000e+00
0.000000000000000000e+00
0.000000000000000000e+00
0.000000000000000000e+00
0.000000000000000000e+00
4.212397524883445815e-159
0.000000000000000000e+00
0.000000000000000000e+00
0.000000000000000000e+00
0.000000000000000000e+00
6.613455746903339073e-10
9.022514925968684776e-110
1.880059806134637882e-60
0.000000000000000000e+00
0.000000000000000000e+00
0.000000000000000000e+00
0.000000000000000000e+00
0.000000000000000000e+00
0.000000000000000000e+00
0.000000000000000000e+00
0.000000000000000000e+00
0.000000000000000000e+00
0.000000000000000000e+00
0.000000000000000000e+00
0.000000000000000000e+00
0.000000000000000000e+00
0.000000000000000000e+00
0.000000000000000000e+00
0.000000000000000000e+00
6.466530719568628245e-33
1.976336754001523723e-55
0.000000000000000000e+00
0.000000000000000000e+00
0.000000000000000000e+00
0.000000000000000000e+00
0.000000000000000000e+00
0.000000000000000000e+00
0.000000000000000000e+00
0.000000000000000000e+00
0.000000000000000000e+00
0.000000000000000000e+00
0.000000000000000000e+00
3.169275888776009537e-181
0.000000000000000000e+00
0.000000000000000000e+00
9.239027577231310376e-322
0.000000000000000000e+00
0.000000000000000000e+00
8.316259501824816880e+00
1.488062518306518064e-55
6.353001313118877286e-90
7.409223149661565074e-07
0.000000000000000000e+00
0.000000000000000000e+00
0.000000000000000000e+00
0.000000000000000000e+00
0.000000000000000000e+00
0.000000000000000000e+00
0.000000000000000000e+00
0.000000000000000000e+00
0.000000000000000000e+00
0.000000000000000000e+00
0.000000000000000000e+00
0.000000000000000000e+00
0.000000000000000000e+00
0.000000000000000000e+00
0.000000000000000000e+00
0.000000000000000000e+00
0.000000000000000000e+00
0.000000000000000000e+00
0.000000000000000000e+00
0.000000000000000000e+00
1.229546961253186019e-84
0.000000000000000000e+00
0.000000000000000000e+00
0.000000000000000000e+00
1.069516598494511230e-176
0.000000000000000000e+00
0.000000000000000000e+00
1.181971889731114640e-63
0.000000000000000000e+00
1.646426747270556214e-284
0.000000000000000000e+00
0.000000000000000000e+00
0.000000000000000000e+00
7.809536022043443919e-86
4.555201642542249671e-77
7.476171454476249279e-34
0.000000000000000000e+00
0.000000000000000000e+00
0.000000000000000000e+00
0.000000000000000000e+00
4.186383587450132890e-142
0.000000000000000000e+00
0.000000000000000000e+00
0.000000000000000000e+00
3.175717072638461954e-279
0.000000000000000000e+00
0.000000000000000000e+00
0.000000000000000000e+00
0.000000000000000000e+00
0.000000000000000000e+00
0.000000000000000000e+00
0.000000000000000000e+00
0.000000000000000000e+00
0.000000000000000000e+00
0.000000000000000000e+00
0.000000000000000000e+00
0.000000000000000000e+00
0.000000000000000000e+00
1.637026634066341670e-300
3.850058184101495016e-161
1.563784863820749330e-28
0.000000000000000000e+00
0.000000000000000000e+00
0.000000000000000000e+00
0.000000000000000000e+00
0.000000000000000000e+00
0.000000000000000000e+00
4.179980202076622507e-107
1.911727422518501740e-171
1.508940569046508838e-18
0.000000000000000000e+00
0.000000000000000000e+00
0.000000000000000000e+00
1.058089893194120990e+01
4.145943660386323720e-83
2.096227985421967877e-54
0.000000000000000000e+00
0.000000000000000000e+00
0.000000000000000000e+00
0.000000000000000000e+00
0.000000000000000000e+00
6.338256403087776651e-42
0.000000000000000000e+00
0.000000000000000000e+00
9.857649443938937941e-41
1.885601485417023646e-139
0.000000000000000000e+00
0.000000000000000000e+00
6.736460873703504328e-07
0.000000000000000000e+00
0.000000000000000000e+00
1.656500999937879686e-95
1.704021559989037207e-138
6.264238541535850500e-39
0.000000000000000000e+00
0.000000000000000000e+00
4.799909662343350917e-103
5.439442454890924824e-144
9.881312916824930884e-324
6.067240176010579876e-26
