# residue i_ratio gamma_2
1.000000000000000000e+00 nan nan
2.000000000000000000e+00 8.673292519882889184e-01 1.372485160495139134e+00
3.000000000000000000e+00 9.386066536955375295e-01 5.912805614978698943e-01
4.000000000000000000e+00 8.924548768922091480e-01 1.084217430316438913e+00
5.000000000000000000e+00 nan nan
6.000000000000000000e+00 9.847476051220467319e-01 1.406168863440881434e-01
7.000000000000000000e+00 9.794652100541200168e-01 1.902478960933567942e-01
8.000000000000000000e+00 9.794680344900001945e-01 1.902212285412528125e-01
9.000000000000000000e+00 9.770542802270946181e-01 2.130625017189403114e-01
1.000000000000000000e+01 9.795081528293226869e-01 1.898424572812147382e-01
1.100000000000000000e+01 9.723810683130781340e-01 2.575786443326165132e-01
1.200000000000000000e+01 9.454144289737923534e-01 5.222731221353037467e-01
1.300000000000000000e+01 nan nan
1.400000000000000000e+01 6.773162290088181603e-01 4.162245419500219867e+00
1.500000000000000000e+01 3.660656991573160157e-01 1.379696206379470880e+01
1.600000000000000000e+01 nan nan
1.700000000000000000e+01 4.357278239549537413e-01 1.063472490244597779e+01
1.800000000000000000e+01 3.014313697178737095e-01 1.777308010773838731e+01
1.900000000000000000e+01 2.354920770606656610e-01 2.355317144067782209e+01
2.000000000000000000e+01 8.319369017857382309e-02 5.758228998982681190e+01
2.100000000000000000e+01 3.339315611456841054e-02 1.000790581573855178e+02
2.200000000000000000e+01 1.568998599431426985e-02 1.428113526477004029e+02
2.300000000000000000e+01 nan nan
2.400000000000000000e+01 nan nan
2.500000000000000000e+01 6.869685065835812003e-03 1.956867653648808414e+02
2.600000000000000000e+01 6.285562051932186423e-02 6.944433835092580409e+01
2.700000000000000000e+01 1.344226596467152091e-01 3.991099800872353143e+01
2.800000000000000000e+01 1.431647506135187431e-01 3.784265975991510089e+01
2.900000000000000000e+01 3.053364139589954118e-01 1.749439696067909011e+01
3.000000000000000000e+01 5.822365184413548223e-01 6.150605798927399448e+00
3.100000000000000000e+01 6.339108523715394350e-01 5.004981211105467231e+00
3.200000000000000000e+01 4.765636724287824477e-01 9.148976497457555368e+00
3.300000000000000000e+01 6.121338041284599685e-01 5.467144093862822629e+00
3.400000000000000000e+01 5.980142309957225955e-01 5.782487587432183496e+00
3.500000000000000000e+01 7.083403810125559197e-01 3.616120535906685252e+00
3.600000000000000000e+01 4.549226627344626905e-01 9.908187254411080502e+00
3.700000000000000000e+01 2.813829274143374581e-01 1.930082447160439685e+01
3.800000000000000000e+01 2.003352464453341530e-01 2.780107184909811124e+01
3.900000000000000000e+01 1.593208521083619156e-01 3.446709000803573986e+01
4.000000000000000000e+01 1.146269961295684342e-01 4.540276053867671635e+01
4.100000000000000000e+01 1.185241993113803349e-01 4.421906392028739674e+01
4.200000000000000000e+01 1.469141563366977155e-01 3.701100989375571260e+01
4.300000000000000000e+01 2.524554643816905863e-01 2.183956907368935063e+01
4.400000000000000000e+01 nan nan
4.500000000000000000e+01 6.056342087945076891e-01 5.610708202093725561e+00
4.600000000000000000e+01 8.305219948341745484e-01 1.823096981313835130e+00
4.700000000000000000e+01 8.984742634637261638e-01 1.017325260676718246e+00
4.800000000000000000e+01 9.401113087733593554e-01 5.759503320858919695e-01
4.900000000000000000e+01 9.535955958313342418e-01 4.405304414021369852e-01
5.000000000000000000e+01 nan nan
5.100000000000000000e+01 9.347050998044028614e-01 6.312405494513168014e-01
5.200000000000000000e+01 nan nan
5.300000000000000000e+01 nan nan
5.400000000000000000e+01 9.705422312471316815e-01 2.752021474037253390e-01
5.500000000000000000e+01 9.743538151666268909e-01 2.387391567285274685e-01
5.600000000000000000e+01 9.759593811948651387e-01 2.234574467052742874e-01
5.700000000000000000e+01 9.635617171413388693e-01 3.426613275995856744e-01
5.800000000000000000e+01 9.633280203724908786e-01 3.449351573902465495e-01
5.900000000000000000e+01 9.495181405261147178e-01 4.811104482084014311e-01
6.000000000000000000e+01 9.471265664276873331e-01 5.050599239776207838e-01
6.100000000000000000e+01 9.293288798234881076e-01 6.868033395557914256e-01
6.200000000000000000e+01 9.094097980918267599e-01 8.978552508497674722e-01
6.300000000000000000e+01 9.044383909912893094e-01 9.518430073361707766e-01
6.400000000000000000e+01 9.470595067652204380e-01 5.057330520152013564e-01
6.500000000000000000e+01 9.499190198720803835e-01 4.771067353054981863e-01
6.600000000000000000e+01 9.490206538352516930e-01 4.860832883319092801e-01
6.700000000000000000e+01 nan nan
6.800000000000000000e+01 9.525521900016442611e-01 4.508846215534469959e-01
6.900000000000000000e+01 7.680336846730120293e-01 2.676408803479236376e+00
7.000000000000000000e+01 8.393040565987525126e-01 1.712349863020172780e+00
7.100000000000000000e+01 9.010135461611000762e-01 9.893495832202118256e-01
7.200000000000000000e+01 nan nan
7.300000000000000000e+01 9.799474565544935567e-01 1.856966875567658826e-01
7.400000000000000000e+01 nan nan
7.500000000000000000e+01 9.896105331157709628e-01 9.535445048987760408e-02
7.600000000000000000e+01 9.871414606854865825e-01 1.182848697186135722e-01
7.700000000000000000e+01 9.786545935566473009e-01 1.979073156956319690e-01
7.800000000000000000e+01 9.622027643733112034e-01 3.558977866547515800e-01
7.900000000000000000e+01 nan nan
8.000000000000000000e+01 3.668547295154198640e-01 1.375560273549668899e+01
8.100000000000000000e+01 8.895720788395700129e-01 1.116543459953116324e+00
8.200000000000000000e+01 8.962080898273918628e-01 1.042413268971393192e+00
8.300000000000000000e+01 8.503963410346391250e-01 1.575417543176335311e+00
8.400000000000000000e+01 9.436435268579598246e-01 5.401368652654917613e-01
8.500000000000000000e+01 nan nan
8.600000000000000000e+01 9.401175426319448025e-01 5.758869109854030111e-01
8.700000000000000000e+01 9.666971019722786496e-01 3.122514155451049378e-01
8.800000000000000000e+01 9.517049807820034957e-01 4.593070501525873262e-01
8.900000000000000000e+01 9.616099196485363709e-01 3.616828788768577940e-01
9.000000000000000000e+01 9.557334673369629607e-01 4.193796608459071651e-01
9.100000000000000000e+01 9.596047468071248199e-01 3.812979650285582833e-01
9.200000000000000000e+01 9.260224380575204917e-01 7.212660075069919907e-01
9.300000000000000000e+01 8.506547115672109527e-01 1.572266380753545745e+00
9.400000000000000000e+01 7.448771296717195955e-01 3.025005833152461854e+00
9.500000000000000000e+01 6.568235120603500565e-01 4.547891913421273635e+00
9.600000000000000000e+01 nan nan
9.700000000000000000e+01 6.458504023979962927e-01 4.763236950805703529e+00
9.800000000000000000e+01 7.951270315608885975e-01 2.291669833414521129e+00
9.900000000000000000e+01 7.229148177286497390e-01 3.373958133959467087e+00
1.000000000000000000e+02 6.644351923536141458e-01 4.402200683911240198e+00
