alpha R1 R2 NOE Magn_field(MHz) 600
1	n	n	n
2	n	n	n
3	1.6630303030303029	1.9340490797546013	1.9340490797546013
4	n	n	n
5	1.561212121212121	3.9079754601226995	3.9079754601226995
6	n	n	n
7	n	n	n
8	2.027878787878788	3.1303680981595092	3.1303680981595092
9	1.6715151515151514	3.8680981595092025	3.8680981595092025
10	n	n	n
11	n	n	n
12	n	4.326687116564417	4.326687116564417
13	n	n	n
14	n	n	n
15	1.7309090909090907	3.76840490797546	3.76840490797546
16	n	n	n
17	2.1636363636363636	4.705521472392638	4.705521472392638
18	1.476363636363636	4.346625766871165	4.346625766871165
19	1.8496969696969696	4.406441717791411	4.406441717791411
20	n	n	n
21	2.0787878787878786	5.542944785276074	5.542944785276074
22	1.6884848484848483	5.7024539877300615	5.7024539877300615
23	n	n	n
24	n	n	n
25	2.1127272727272723	n	n
26	1.6375757575757575	4.326687116564417	4.326687116564417
27	1.8496969696969696	3.9877300613496933	3.9877300613496933
28	n	n	n
29	1.4933333333333332	n	n
30	1.5866666666666664	3.2699386503067482	3.2699386503067482
31	1.4678787878787878	3.1901840490797544	3.1901840490797544
32	2.0448484848484845	n	n
33	1.858181818181818	n	n
34	n	n	n
35	n	n	n
36	n	4.506134969325153	4.506134969325153
37	1.7987878787878786	n	n
38	2.121212121212121	4.904907975460122	4.904907975460122
39	1.8072727272727271	3.6288343558282206	3.6288343558282206
40	1.7818181818181817	5.124233128834356	5.124233128834356
41	1.7478787878787876	3.76840490797546	3.76840490797546
42	n	n	n
43	1.7733333333333332	4.1871165644171775	4.1871165644171775
44	2.562424242424242	4.306748466257669	4.306748466257669
45	n	n	n
46	n	n	n
47	n	n	n
48	1.544242424242424	3.469325153374233	3.469325153374233
49	n	n	n
50	1.6630303030303029	3.9079754601226995	3.9079754601226995
51	n	3.7085889570552144	3.7085889570552144
52	1.6969696969696968	3.728527607361963	3.728527607361963
53	2.0957575757575757	4.625766871165644	4.625766871165644
54	1.8496969696969696	3.429447852760736	3.429447852760736
55	1.9260606060606058	3.7484662576687113	3.7484662576687113
56	n	n	n
57	1.6969696969696968	4.54601226993865	4.54601226993865
58	1.8921212121212119	3.6487730061349692	3.6487730061349692
59	1.8072727272727271	5.104294478527607	5.104294478527607
60	1.595151515151515	4.785276073619632	4.785276073619632
61	n	n	n
62	n	n	n
63	1.561212121212121	3.808282208588957	3.808282208588957
64	1.7309090909090907	3.6288343558282206	3.6288343558282206
65	n	n	n
66	1.7987878787878786	2.73159509202454	2.73159509202454
67	2.2824242424242422	3.389570552147239	3.389570552147239
68	1.4339393939393938	3.0107361963190185	3.0107361963190185
69	1.875151515151515	2.6319018404907975	2.6319018404907975
70	1.6799999999999997	2.7515337423312882	2.7515337423312882
71	1.7393939393939393	3.4095092024539877	3.4095092024539877
72	1.7563636363636361	3.1104294478527605	3.1104294478527605
73	1.79030303030303	3.8680981595092025	3.8680981595092025
74	1.6799999999999997	3.0904907975460123	3.0904907975460123
75	1.4848484848484846	3.888036809815951	3.888036809815951
76	1.9175757575757575	4.067484662576687	4.067484662576687
77	1.476363636363636	3.6487730061349692	3.6487730061349692
78	n	n	n
79	n	n	n
80	1.79030303030303	4.645705521472393	4.645705521472393
81	1.9430303030303029	4.346625766871165	4.346625766871165
82	1.6036363636363635	3.25	3.25
83	1.6799999999999997	3.5889570552147236	3.5889570552147236
84	1.9175757575757575	3.1303680981595092	3.1303680981595092
85	2.027878787878788	3.50920245398773	3.50920245398773
86	1.7393939393939393	3.429447852760736	3.429447852760736
87	1.8072727272727271	2.9907975460122698	2.9907975460122698
88	n	n	n
89	1.8666666666666665	3.289877300613497	3.289877300613497
90	1.4509090909090907	3.1503067484662575	3.1503067484662575
91	1.6799999999999997	3.170245398773006	3.170245398773006
92	1.5527272727272725	3.170245398773006	3.170245398773006
93	1.9939393939393937	4.406441717791411	4.406441717791411
94	n	n	n
95	1.6969696969696968	3.808282208588957	3.808282208588957
96	1.9939393939393937	3.6487730061349692	3.6487730061349692
97	n	n	n
98	1.8921212121212119	3.76840490797546	3.76840490797546
99	1.5866666666666664	4.326687116564417	4.326687116564417
100	1.909090909090909	4.306748466257669	4.306748466257669
101	2.1127272727272723	3.4892638036809815	3.4892638036809815
102	2.0448484848484845	3.6288343558282206	3.6288343558282206
103	1.7478787878787876	4.2469325153374236	4.2469325153374236
104	1.858181818181818	4.266871165644171	4.266871165644171
105	n	n	n
106	n	n	n
107	1.7478787878787876	3.6288343558282206	3.6288343558282206
108	n	n	n
109	1.875151515151515	3.76840490797546	3.76840490797546
110	1.9006060606060604	3.9877300613496933	3.9877300613496933
111	1.8327272727272725	3.329754601226994	3.329754601226994
112	1.7563636363636361	3.4095092024539877	3.4095092024539877
113	1.8072727272727271	4.087423312883436	4.087423312883436
114	n	n	n
115	1.6884848484848483	4.127300613496932	4.127300613496932
116	1.7563636363636361	4.446319018404908	4.446319018404908
117	n	n	n
118	1.6206060606060604	4.585889570552147	4.585889570552147
119	1.6630303030303029	4.54601226993865	4.54601226993865
120	n	n	n
121	1.9515151515151512	5.363496932515337	5.363496932515337
122	1.7563636363636361	5.662576687116564	5.662576687116564
123	1.629090909090909	3.3696319018404908	3.3696319018404908
124	1.7224242424242422	4.007668711656442	4.007668711656442
125	1.3915151515151514	3.888036809815951	3.888036809815951
126	1.8072727272727271	4.386503067484663	4.386503067484663
127	n	n	n
128	n	n	n
129	1.3915151515151514	3.8282208588957056	3.8282208588957056
130	1.8157575757575755	3.25	3.25
131	n	n	n
132	n	n	n
133	n	n	n
134	n	n	n
135	1.7563636363636361	2.9907975460122698	2.9907975460122698
136	2.18060606060606	2.73159509202454	2.73159509202454
137	1.6884848484848483	2.5920245398773005	2.5920245398773005
138	n	n	n
139	n	n	n
140	n	n	n
