# residue i_ratio gamma_2
1.000000000000000000e+00 nan nan
2.000000000000000000e+00 1.620258394211628872e-01 3.395097465431030770e+01
3.000000000000000000e+00 1.540610692856608233e-01 3.550872432916463595e+01
4.000000000000000000e+00 2.016516926552013589e-01 2.762171216731999124e+01
5.000000000000000000e+00 nan nan
6.000000000000000000e+00 3.736643815757388909e-01 1.340467147570421425e+01
7.000000000000000000e+00 3.470504102692985038e-01 1.484029987548685448e+01
8.000000000000000000e+00 4.297922877329576341e-01 1.087044221046842196e+01
9.000000000000000000e+00 5.127390650205094769e-01 8.003074614840405943e+00
1.000000000000000000e+01 6.237051346551033548e-01 5.218049109438219979e+00
1.100000000000000000e+01 4.805003158996631885e-01 9.017146524807076347e+00
1.200000000000000000e+01 1.225456620501867988e-01 4.305422175131307228e+01
1.300000000000000000e+01 nan nan
1.400000000000000000e+01 1.646419079657163442e-01 3.346383343211105910e+01
1.500000000000000000e+01 1.736458221768724108e-01 3.187156632863928252e+01
1.600000000000000000e+01 nan nan
1.700000000000000000e+01 1.417891766789262098e-01 3.815578377982863856e+01
1.800000000000000000e+01 1.868022510484048937e-01 2.975511880060824765e+01
1.900000000000000000e+01 3.423400751057536495e-01 1.511340379560618707e+01
2.000000000000000000e+01 1.540405472936341447e-01 3.551289086215331281e+01
2.100000000000000000e+01 8.833273371582057998e-02 5.519092897304793155e+01
2.200000000000000000e+01 7.584088394747592887e-02 6.137521618452218775e+01
2.300000000000000000e+01 nan nan
2.400000000000000000e+01 nan nan
2.500000000000000000e+01 2.864659033046097411e-02 1.082502665531909685e+02
2.600000000000000000e+01 1.287378645471407568e-01 4.136347588462292890e+01
2.700000000000000000e+01 1.458560851684379545e-01 3.724253347249287316e+01
2.800000000000000000e+01 2.232321654855545789e-01 2.491659172946382483e+01
2.900000000000000000e+01 2.910346865466442168e-01 1.854424776578955658e+01
3.000000000000000000e+01 2.751206235737583827e-01 1.981429070113298252e+01
3.100000000000000000e+01 4.888830466958864474e-01 8.742474856212393064e+00
3.200000000000000000e+01 7.015531344853467299e-01 3.731937886739764121e+00
3.300000000000000000e+01 7.199008617525874953e-01 3.423321994826616699e+00
3.400000000000000000e+01 7.172592521313683189e-01 3.466890444202572308e+00
3.500000000000000000e+01 7.095608214069039077e-01 3.595503579638184011e+00
3.600000000000000000e+01 7.489490003940618701e-01 2.962315338776897011e+00
3.700000000000000000e+01 7.496972009011398930e-01 2.950862108496949077e+00
3.800000000000000000e+01 6.821821594238155484e-01 4.073685768247663042e+00
3.900000000000000000e+01 6.021023496795639973e-01 5.689855676639796300e+00
4.000000000000000000e+01 6.940544185276675826e-01 3.862227884047995996e+00
4.100000000000000000e+01 7.398587892171009095e-01 3.103113739190342280e+00
4.200000000000000000e+01 7.365224234620590948e-01 3.155567064108919517e+00
4.300000000000000000e+01 8.168662618694035871e-01 1.999553595519061311e+00
4.400000000000000000e+01 nan nan
4.500000000000000000e+01 7.366846968743587798e-01 3.153006062545987032e+00
4.600000000000000000e+01 8.015750052883194865e-01 2.203543802066851853e+00
4.700000000000000000e+01 9.132403791855854269e-01 8.566200869577943466e-01
4.800000000000000000e+01 8.973665984879952706e-01 1.029573492020430470e+00
4.900000000000000000e+01 8.622618783938001963e-01 1.432460681886298826e+00
5.000000000000000000e+01 nan nan
5.100000000000000000e+01 9.589865928733295464e-01 3.873599544294243358e-01
5.200000000000000000e+01 nan nan
5.300000000000000000e+01 nan nan
5.400000000000000000e+01 9.095700844214612557e-01 8.961235002145416795e-01
5.500000000000000000e+01 7.802468270307386655e-01 2.500015701466734797e+00
5.600000000000000000e+01 5.644438701691526505e-01 6.587144692489586006e+00
5.700000000000000000e+01 5.082013543594554594e-01 8.139127740696331159e+00
5.800000000000000000e+01 5.714667262254574664e-01 6.412018858950578881e+00
5.900000000000000000e+01 8.152378495901096978e-01 2.020950004278789347e+00
6.000000000000000000e+01 8.481145406777970130e-01 1.603322180154703736e+00
6.100000000000000000e+01 8.433225147257972232e-01 1.662367787060901492e+00
6.200000000000000000e+01 8.615378391930657020e-01 1.441082129575358417e+00
6.300000000000000000e+01 8.649085416944867211e-01 1.401056614976617931e+00
6.400000000000000000e+01 9.014548530322298303e-01 9.845021994921862030e-01
6.500000000000000000e+01 9.011240919961905904e-01 9.881349267146680715e-01
6.600000000000000000e+01 8.472928573972238198e-01 1.613403899997566171e+00
6.700000000000000000e+01 nan nan
6.800000000000000000e+01 8.045747672394055749e-01 2.162977411267304806e+00
6.900000000000000000e+01 7.390648983446856946e-01 3.115556801413934096e+00
7.000000000000000000e+01 7.937151991041521137e-01 2.311136961808729851e+00
7.100000000000000000e+01 7.152906815851005629e-01 3.499544203774890505e+00
7.200000000000000000e+01 nan nan
7.300000000000000000e+01 8.774969057523651639e-01 1.254033602415218551e+00
7.400000000000000000e+01 nan nan
7.500000000000000000e+01 7.235525005655926156e-01 3.363560756237557126e+00
7.600000000000000000e+01 8.744664652908997748e-01 1.289077349886333046e+00
7.700000000000000000e+01 8.956313782062497175e-01 1.048816189072606209e+00
7.800000000000000000e+01 8.478822226013129626e-01 1.606170842490752593e+00
7.900000000000000000e+01 nan nan
8.000000000000000000e+01 7.528541510739125142e-01 2.902760130720255294e+00
8.100000000000000000e+01 7.368094583435154110e-01 3.151037758144380252e+00
8.200000000000000000e+01 8.791866818278831763e-01 1.234588032431966242e+00
8.300000000000000000e+01 8.177525113839619886e-01 1.987940963799097238e+00
8.400000000000000000e+01 7.934086323032477628e-01 2.315372281077627825e+00
8.500000000000000000e+01 nan nan
8.600000000000000000e+01 9.220745948144255522e-01 7.627077116200042806e-01
8.700000000000000000e+01 9.026721959016275054e-01 9.711529761793036286e-01
8.800000000000000000e+01 9.158717932578386289e-01 8.284749242790634405e-01
8.900000000000000000e+01 9.398297329798006583e-01 5.788157832349739573e-01
9.000000000000000000e+01 9.428144706045209489e-01 5.485208279559992128e-01
9.100000000000000000e+01 9.241255780326299574e-01 7.411378070628433790e-01
9.200000000000000000e+01 8.811977710564635746e-01 1.211532756627074381e+00
9.300000000000000000e+01 8.601739641700395511e-01 1.457357954470663408e+00
9.400000000000000000e+01 9.792342001909409843e-01 1.924295030129218875e-01
9.500000000000000000e+01 9.817105688297116384e-01 1.690919964829277755e-01
9.600000000000000000e+01 nan nan
9.700000000000000000e+01 9.714131547830856528e-01 2.668475956863642917e-01
9.800000000000000000e+01 9.005367589838998432e-01 9.945915246741723337e-01
9.900000000000000000e+01 9.469847505379102026e-01 5.064835384339821944e-01
1.000000000000000000e+02 9.453022031764315436e-01 5.234033789040292151e-01
