2.027837505018763409e+01
9.649658695338761305e+00
2.881706195796708130e+02
5.958499776371291290e+01
1.247514541486827056e+03
1.193015355542589333e+02
2.841425505296178017e-02
4.089394395375312713e-02
2.917990827887392236e-14
9.106279229634702821e-01
6.018730290957370244e+02
1.347386594894400053e-14
2.855164875028833293e+01
6.048790033788798981e-01
3.417140123048566736e+00
4.426443049207641825e-03
8.570040740586188477e+00
1.486434894214546354e+01
1.586990264862152111e+00
1.232160657289202099e+00
8.823047360170551912e+00
5.861148114969473966e+01
4.217125580734355594e+01
3.028713472222164427e+01
2.654497556538963563e-12
0.000000000000000000e+00
0.000000000000000000e+00
8.475755200483377243e-88
0.000000000000000000e+00
0.000000000000000000e+00
1.175067728943021146e-83
0.000000000000000000e+00
1.299179711594265043e-179
0.000000000000000000e+00
1.255122363749377656e-28
0.000000000000000000e+00
0.000000000000000000e+00
0.000000000000000000e+00
1.294332705703165402e+03
5.858404852641026395e+01
3.089209485944107314e+01
1.812571558797675095e+02
9.329003934995396818e+00
6.098097940514986881e+00
2.831171041500812180e+01
1.000519871593515120e+02
6.637230528989094580e+01
2.728143270756639893e+01
1.043444661121298550e-20
3.647613700938561632e+00
1.663649098164591322e+01
6.368200885468328352e+02
1.569450991566405378e+02
3.055733336430390068e+02
1.944861906641303406e+01
4.065161234287460047e+03
4.899633771628169256e+02
4.466393571722953482e+01
2.802546502903583132e+02
1.925443128952692859e+02
6.907347103706953817e+01
9.846437628923231955e+01
1.609507647392342506e+03
5.475948811072955587e-09
1.040267746033850358e+02
1.995608482418428364e+00
4.263687940826094547e+01
4.045610573327647330e+01
4.878000790153213018e+01
4.712324593594430411e+01
2.379887897060614321e+01
2.002906220571301219e+02
1.285473348164334162e+01
3.771586119976164753e+01
1.544308927391357145e+02
1.234306125918814689e-30
8.028220348966806341e+01
0.000000000000000000e+00
4.216054206758106022e-218
4.999664345204483080e-09
0.000000000000000000e+00
1.347717073855577664e-13
5.053505593922051986e+01
4.600639152884295413e+01
4.667135689990942637e+01
8.420006457473461126e+01
1.370543140942352345e+01
6.691392952308149233e+01
6.479669484365774501e+00
2.602072783622347742e+03
8.698107979877207754e+02
1.339541625329614590e+03
7.612221542177806400e-265
1.255757914358276111e+02
1.509318900503741929e+02
1.344383220010164719e-06
3.335379300814669818e+02
2.638025321788690007e+02
1.110284228199985752e-35
0.000000000000000000e+00
1.138059947839738693e-63
3.276006837119078280e-02
2.087437690982140026e+01
1.204448540989843330e+01
2.718302569639771349e+01
2.736096099981236041e+00
1.248079384332024588e+01
2.267938391259757225e+01
1.766992032113587641e+02
3.963717821576589984e+01
1.350343528150525785e+01
1.380379919095247665e+01
7.538411992821425045e+00
1.467364582478771329e+00
4.595534062550750143e+00
9.030123878810462301e+00
1.010132530720563260e+01
8.698888695179000763e+00
3.508492630708709648e+00
1.266978002590608554e+01
3.342628457849369239e-01
6.457853263031970714e-02
2.612368895576723249e-01
2.453118462200537808e-01
3.999371875685992173e+00
3.163567606987664482e-01
1.792427053025293440e-02
1.529533290202447215e+00
5.828432530118630162e-01
5.271185831273513811e-01
3.659083627849866183e-01
1.343786416834358199e+01
1.320719251254902993e+01
1.162498024027835264e+01
5.642191951453997767e+00
1.445602747613917050e+00
2.534449867100963538e-01
4.287367599937158325e+00
1.290205265887728814e+01
4.485360577554698125e+01
1.233606578980690216e+01
5.824825622063682040e+00
4.126735477219936499e+00
2.504836223085644775e+01
1.472690596950100783e+01
1.390203554363629124e+01
2.637502220190335578e+01
1.763323318828291875e+01
3.643203044828126735e+01
1.264843209117342937e+01
1.194867476036907128e+01
4.435062844981596442e+01
2.185970883236629092e+01
9.463919448802576539e+01
1.552484640455315912e+01
5.535952564218982630e+00
3.484406902264947803e+01
7.806580411342153525e+00
8.385947657051788795e+00
5.115378137331912001e+01
1.903050660673234162e+01
3.338756411569490012e+01
2.902819296146736505e+01
2.082528268017487250e+01
4.802986200170783349e+01
1.832131989421687024e+01
2.408652821672444944e+01
4.231727563058274910e+01
2.092360189266891624e+01
1.556989365769420175e+01
2.149506989433838555e+00
1.313486478891144138e+01
4.666747359624353386e+00
1.997375314790048861e+01
4.250427633143556960e+01
1.740371421154390319e+01
1.695440638400702937e+01
3.887183509783941560e+01
2.593558823692807636e+01
2.933288854937577739e+00
2.019775089367735461e+02
2.321877235620890900e+01
1.549882169185527481e+01
1.298415910197398304e+01
1.811475648017944451e+01
1.515406518621547072e+01
1.040930996206513548e+01
1.610923022513840053e+01
3.866937173584401588e+00
6.770105035906235358e+00
6.504045412987629504e+00
1.083141199083999417e+01
1.159981433093586212e+01
3.616599500722031291e+00
1.893219646216296681e+01
4.241581756073525335e-20
3.562525682637438962e+01
4.193464679677496143e+00
1.491465408514379476e+00
1.662622682212099079e+01
2.374300853541584644e+01
1.531874092207150895e+01
7.554870243337473923e+00
6.703931041360466914e+00
8.354551339971521884e+01
3.514915730643737390e+01
8.581394660291778109e+00
9.622234123136204076e+00
2.510948680325972759e+01
4.915832886342823826e+01
4.244189433900874775e+01
5.517881287342339647e+01
9.552558383973416056e+00
3.982548245391138408e+01
2.122611863024683387e+01
1.400480048401007771e+01
3.721449225539692662e+01
1.011908122310375902e+01
6.583542112481182151e+00
9.221105296581006527e+00
7.536607570942565815e+01
4.143236753666118766e+00
1.699568900455633624e+01
1.569634797408255444e+01
1.664803269398623442e+01
1.572301810088776897e+01
3.532416112977875855e+01
1.232324330607168328e+01
1.712976523325000500e+01
1.107304713714887257e+01
2.038692582756157989e+01
1.214560022360303648e+01
1.411366406398257212e+01
5.589361111281024641e+00
1.878493279131302529e+01
7.199573863236605753e+00
9.029538128946651909e+01
2.905117709787792268e+00
1.118717853433604326e+01
9.221714484924659061e+00
3.932180410270156301e+01
1.356741563879354073e+00
6.844286890562948145e+01
1.787135538405305368e+01
1.284789553588468891e+02
1.807849231321014472e+01
1.459746676085067065e+02
7.514321392737574001e+01
0.000000000000000000e+00
1.267343074024946077e+02
2.769642412595608150e+01
4.806066714346465929e+00
1.107245703395427050e+01
1.096824387559877856e+01
3.110421258225766650e+00
2.716375438868125869e+01
9.562452989604869558e+00
7.904231366025115335e+00
2.123060355027071855e-02
9.366065188159991450e+00
1.565493346022501520e+01
4.714851066688130478e-16
1.536199744176767581e+02
7.528231594380085490e+00
2.073299511439502536e-13
5.330606027582026489e-88
1.028143303738605674e+01
5.601472492230134215e+00
4.652319161437143435e+01
1.375962892614158939e+01
1.239682876563454528e+01
2.941818402374179442e+01
3.187727296487210893e+01
2.504190201488951573e+01
2.696775550101693852e+01
8.533425194240911082e+01
6.909172504950210225e+01
3.827608397339338353e+01
3.434198568813893360e+01
2.109538661990898589e+01
1.462988155709841820e+01
1.433080405039529559e+01
5.445113305753536679e+02
1.062495771477308153e+03
2.752812783434345079e+01
3.733015945994417706e+01
2.602294284112586098e+01
2.985712449492294951e+01
9.591025488527432685e+01
1.539310974907957430e+01
7.514990043710953387e+02
2.802408012270772701e+02
5.885437347231752625e+01
9.016960597542551170e+01
1.721807273555475248e+01
1.230351022064761395e+02
4.152854341024811191e+01
1.840738041766562105e+01
2.490289487613198460e+01
9.143305352286992616e+01
1.732007756322845182e+01
1.547682615264965555e+01
1.178836007481771864e+00
1.033930817952365970e+02
1.712937151018035209e+01
1.779267588624119512e+01
1.296006928784957069e+01
1.851373342287415369e+01
9.850844248093189037e+00
4.807326068306674927e+01
2.155341536434324823e+01
1.698556212043058267e+01
2.038788649591877444e+01
2.458642892783121425e+00
6.727992797696138449e-01
4.037384970940391504e+00
1.738477476760943441e+00
1.068913291427751311e+01
7.935706724036259097e+00
8.076967643926945328e+00
4.221192898013947570e+01
4.683284080923400872e+00
3.847119147850450105e+01
1.900815953188062224e+01
1.566920964264911476e+01
1.383730323549437280e+01
6.352827616402667132e+00
3.427611618200611332e+01
1.221936532928981123e+01
2.039540396817821133e+01
9.975141068265696020e+00
5.983181724378599853e+00
5.600327408308960031e+00
1.723677020303951091e+00
1.732840293819853983e+01
1.501637374853008744e+01
1.732113137574332384e+01
2.379057221923254062e+01
3.708613510776746125e+01
1.835237836377240228e+01
5.601215481449617783e+01
3.610543557709304707e+01
8.166201823391634917e+00
1.198703309799193661e+01
7.778406659082035901e+01
6.436525286477025709e+00
4.985839243506203999e+00
2.478606624152084592e+01
6.101073623981995375e+00
9.206972146599953888e+00
1.975021421127608461e-03
9.689352487197687935e+00
5.099009879123571842e+00
1.783947933016250786e+01
9.238890967805629018e+00
2.724158983805615364e+01
6.410518288320217195e+00
2.310327141102603932e+01
2.070044941956965090e+00
1.234372165397528143e+01
1.686240023376020503e+01
8.627965472336363462e+00
1.517613567940999530e+01
7.715136544735526059e+01
9.960990157583637483e+00
1.332976602037563474e+01
2.181023494049198064e+01
1.771410192697220864e+01
1.360297551569891183e+01
1.423403795442424880e+01
1.078999541836988740e+01
8.585275167688774189e+00
2.014848484353706937e+01
1.694076580661501907e+01
1.358819445577865181e+01
6.781843092010796603e+00
7.549009210678995885e+00
6.892618804628243723e+00
5.117463444104867420e+00
4.316417195844452159e+00
4.598884419472246243e+00
1.131688211265593402e+01
1.345115826257866587e+01
1.016947790346233482e+01
8.757615840263463625e+00
1.131545715094717330e+01
6.777615797977489365e+01
9.137988614802829090e+00
1.345678451382852359e+01
9.818757645225188568e+00
1.521862209901133189e+00
1.271815873818324327e+01
6.438651158761622639e+00
1.718213143058838810e+01
7.112158909909932269e+00
4.377069406446312883e+01
2.162393433330674952e+01
1.294759865913334274e+01
1.267246398347658065e+01
8.784972124544962568e+00
4.520415825869224591e+01
7.058218910481336650e+01
1.108488104841607504e-97
7.634660896812012254e+01
1.558215502481645457e-282
5.855225649540473569e+03
1.378280408515895283e+00
9.335533147334711401e+00
1.562922260720066125e+00
5.054470235978710591e+00
7.878576878709670162e+00
2.493402226583759429e+01
1.119997027213412899e+01
7.936210214471228319e+00
1.174610222029776807e+01
2.002256117591971574e+01
1.348835749528932837e+01
8.802902569617899076e+00
1.526261705143880398e+01
1.103286196914938699e+01
1.012398098603780561e+01
2.295802939726953440e+01
8.702345208727860992e+00
1.659022463193359087e+01
6.866505566433215080e+00
9.797730923177628171e+00
9.293122941497928835e+00
5.956823181423501978e+00
1.701675634169033557e+01
3.008612968056704418e+00
9.988854973692840034e+00
1.747400040253147679e+01
3.069193874719837822e+01
1.167849789169855157e+01
7.273041394373611190e+00
1.620021927392565431e+01
1.505531932334627498e+01
8.617690058982825363e+00
2.670018927112897345e+01
5.236038904762531132e+01
9.994394152352407801e+00
1.147516545358192630e+01
1.355715672375520953e+01
9.700204563394798640e+00
8.891410784373460885e+00
1.029628431928852095e+01
3.307346941649772987e+01
2.279272572703107969e+01
1.084894204359294356e+01
2.979457854767383562e+00
1.643478162269417808e+01
2.135157344149109448e+01
3.265345980621780342e+01
4.859387867302280561e+00
8.909369822873451028e+00
8.320814608785065403e+00
2.214590485611592996e+01
1.354762962649547831e+01
1.083688416920169395e+01
2.797171314260850039e+01
2.049921222977082635e+01
3.515357097115687335e+00
2.062783217386765955e+01
1.874970290229030212e+01
1.022764919443928555e+01
1.069999200466019396e+01
4.861895492022013343e+01
1.148045713104279386e+01
1.400120610599509696e+01
2.221347393948623861e+01
1.137396517249465688e+01
1.976777185478178467e+01
1.527673722971535142e+01
1.069185336928647523e+01
2.147683547529686621e+01
6.596981993787835563e+01
3.226700404541843881e+01
8.734397929058371091e+00
5.839834996554991164e+01
1.045033040060863172e+01
9.670468461094685608e+00
1.251268399708033741e+01
3.678233303259710141e+01
2.389142127618127986e+01
1.321177283043501127e+01
1.223444720743292535e+01
1.605882100787103184e+01
1.399422435210645865e+01
1.169019618109420655e+01
1.384439099137783735e+01
1.069960976216322202e+01
8.705560691210584068e+00
3.632876041920975574e+00
9.515020048180243606e+00
5.104200379984924929e+00
6.868511023200101206e+00
7.267725732726090904e+00
1.611307698127521704e+01
4.733590266928673351e+00
7.455741547522135804e+00
2.030879121907840457e+01
5.170947918203047777e+00
6.117062235664193715e+00
4.754274548889485530e+00
9.194489648739238419e+01
8.494327873675267426e+00
4.228139071037273489e+00
1.115917054995613000e+01
7.560690644734929577e+00
7.204710802709962891e+00
5.329062349647355035e+00
1.027707321458566359e+00
1.892412122671516883e+01
1.064210720822306655e+01
1.013689163649639902e+01
9.561349990780035668e+00
5.769314805917879203e-07
2.832009590361733053e+00
6.377870069045921575e+00
8.006131325792621212e+00
3.684828158469913184e+00
8.805839727786976212e+00
1.078332025740027689e+01
1.299075870850039394e+01
1.327636789082211344e+01
1.134983739704134464e+01
8.711729976915967288e-01
1.236921244025599620e+01
7.751491145840877728e+00
1.910281594704170161e+01
3.100857328418718240e+01
6.341118426540483632e+00
1.764231235059642744e+00
6.166090297647262730e+01
1.232955257030814167e+01
3.011095582229248535e+01
2.298926465881686454e+01
1.374552608256391295e+01
9.625433343234156780e+00
1.210244542524520384e+01
1.699547250316561886e+01
7.583087749974544600e+00
3.827813973898539057e+00
9.183243312330706232e+00
2.240331500011819443e+01
1.249532220174876329e+01
1.028742055146013001e+01
1.478255322240715586e+01
4.254832162864181200e+00
1.335410375751486356e+01
6.582508591212101301e+00
1.655871914693362967e+01
1.068922784530020031e+01
1.108725990885970170e+01
3.399034823640590873e-147
3.792960654645813889e+01
1.072883832500315471e+01
2.033208661096059444e+01
1.084583955295015585e+02
6.337388311410045993e+00
6.192857103970375476e+01
3.821443991649294247e+01
1.548905679151952341e+01
1.439811453919038087e+01
1.488663033966580684e+01
7.041181818616508714e+00
2.042508240266080932e+01
1.328203789837241366e+01
1.157288019320058048e+01
1.378579003593285179e+01
7.043695771602465072e-02
1.831045272818052549e-04
1.763430670567299463e-02
2.110447057311538310e-01
1.160937585783608128e+01
1.499053572083401065e+01
9.628860140323254768e+00
5.455091028223608696e+00
4.041970536219465338e+00
1.467032007505246040e-180
1.592160954620531399e+01
8.106919763187869776e+00
4.613854273443688925e+00
9.814106805651329424e+00
1.103363515565943587e+01
9.664343552449647490e+00
7.641534366980418547e+00
4.112459835238188788e+01
1.529230876558727381e+01
1.112002980631543991e+01
6.185120537552484699e+00
1.606490665129960504e+01
1.000729054358424186e+01
1.133984546747512212e+01
1.226107407190712983e+00
6.427169997310354432e+00
1.375853938921981623e+01
4.750282529980945156e+01
8.866504066890053437e+00
6.214527317731592859e+01
1.524890758165863680e+01
2.129306115889904305e+01
3.233100832068868780e+00
4.558876269444437135e+00
1.652378108749415020e+01
7.206900585930187120e+00
4.753271616162307822e+01
1.139576718988620563e+01
6.478461968880928623e+00
3.399124336933086710e+01
2.121284645909332056e+01
1.165133479318157228e+01
2.865704238222970801e+01
8.434634609420742279e+00
1.006324370007131286e+01
1.792771133091767410e+01
4.360375504878873265e+00
6.443067068406061360e+00
1.385444144817153500e+01
3.203439740769662336e+01
3.383392654940698208e+01
2.652055042600781221e+01
8.296268901381480987e+00
2.073229017936742480e+01
1.588333012613619566e+01
1.227270174153577642e+01
1.400707193148070040e+01
2.189387712971589295e+01
1.295429437797122318e+01
1.599546117112723209e+01
9.327231554765276655e+00
8.338809583692851746e+00
3.661703567792842673e+00
1.098826081467804983e+01
9.691557738647684772e+00
7.581259497807484316e+00
9.409235522298718735e+00
7.091492208619234461e+00
1.287914899113334499e+01
6.869089060714931527e+00
9.484840501614767660e+00
3.364649391539762391e+00
2.887869538113719869e+01
3.400661072437038079e+00
1.872922308045231432e+01
1.309703608457220980e+01
7.200841709678214464e+00
2.495019985977961241e+01
2.486540447505974072e+01
9.095570850458044276e+01
1.113347472835212493e+01
1.777022025329466004e+01
6.609172371588137196e+00
6.945472591809084406e+01
2.892893779739009830e+01
1.843162931982705288e+01
1.225512963522729670e+01
1.243297924585222347e+01
7.182142268147672759e+00
3.856983630911634542e+00
1.388729829269064098e+01
2.909069715690101532e+01
1.746356589963551542e+01
2.868805973270709941e+01
9.868872055248312236e+00
0.000000000000000000e+00
0.000000000000000000e+00
6.376544901448634839e+00
8.802856649061874350e+01
6.219827980221768371e+01
3.797136627861524172e+00
3.897998321165426105e+00
8.479245318889777394e+00
3.268229721515989006e+00
4.123211252302130703e+00
7.018577003064129016e+00
1.347751371374622131e+01
0.000000000000000000e+00
0.000000000000000000e+00
2.776415597099596614e-05
4.421922115024103052e-27
6.096394360732838358e+00
8.703860759169697490e-41
1.975359609129177159e+02
5.945213629196582222e-02
7.010588753563247177e-01
1.433883906040266609e+01
6.374608556650579239e+00
9.215225158784893011e+00
5.978902277592095693e+00
1.913466364488039417e+01
9.343883067767398742e+00
4.418429345900320016e+01
8.458327070923980173e+00
1.578404821182550677e+01
9.082705360370878722e+00
1.428218607652276617e+01
3.067512460655628459e+01
1.068095642522848898e+01
7.352953673022251557e+00
2.036718515266696627e+01
3.033524109772256949e+00
3.395745003314799959e+01
1.487542475565114586e+01
1.145803158282755696e+01
5.095958462396641409e+01
2.224823342573756690e+01
1.931145720724807058e+00
1.110928644541904568e-11
4.465763053999379117e+00
5.458672235747473067e+00
1.345297045524250912e+01
1.519589313361536043e+01
2.150427420724218734e+02
1.011477224050669577e+01
6.039170046008475623e+01
4.471824560221597835e+02
1.326342115294438884e+01
3.022841809732184082e+00
2.972632477111224691e+00
1.417712899805852622e+01
7.217597678057790844e+00
7.510821195524801652e+00
2.671426207737820135e+01
8.576280523628645014e+00
1.569400735839267114e+01
6.798790513679282554e+00
5.796119544159548553e+01
6.258816127452837996e+00
2.442619384820545392e+01
1.500119888533453860e+01
7.913527776407532599e+01
1.063231780636372292e+01
2.111565487156232024e+01
8.514346062773663348e+00
1.655373472091595133e+01
9.389852316284194700e+00
6.711530806939253857e+00
3.804310146978010732e+00
1.603057753878099589e+01
1.780645176790129725e+01
1.349246800839639171e+01
1.015747875860471794e+01
2.139703417588063061e+01
1.113412695223137483e+01
1.953269299642929013e+01
2.480850323230852084e+01
1.683223544289302254e+01
3.731183644211253636e+01
5.301699115670018614e+00
4.248299184891383362e+00
2.318107910376681957e+00
2.857706849156755879e+01
1.921011761515929095e+01
1.350383954067481085e+01
2.641293119467900041e+01
1.469758817544141749e+01
3.407206019727579616e+01
9.339501439553272277e+00
1.035584472373368481e+00
7.459523353719960426e+01
1.372631032867001721e+01
1.260930143451973073e+01
9.489280686702654677e+00
9.882925078017315013e-01
2.170195669737992756e-256
2.246178465835006577e+01
1.544094373743881654e+01
1.311241536141491970e+00
2.060590128051152092e+01
5.375620986692009495e+01
1.406448202602703201e+00
6.826203045494898980e+00
9.801853361252232943e+00
3.520039296100159643e+00
1.117771554154342084e+01
5.029151402484131200e-02
2.317201270293058002e+01
1.613787781999079129e+01
1.449945986939224496e-01
7.854190886051912734e+00
2.314552678512408690e+01
1.105215211342144066e+01
2.462821122380411865e+01
1.696193503501457256e+00
5.709432270007970267e+00
4.238043956468533935e+00
8.823279581373110858e+00
3.894359150893007993e+00
2.192109304493250477e+00
2.999743279714257138e+00
9.543620889966250687e+00
1.484157883707717041e+01
3.493871531955075493e+00
3.130902596588495346e+00
9.778545070378848791e+00
1.539971361792994919e+01
8.830294147135596461e+00
5.484445243450912777e+00
8.022125067671359133e+00
1.130966813239193414e+01
9.555437273194193892e+00
2.361216280385361088e+01
1.332715405185311930e+01
6.437882201455571440e+00
5.686369691891770550e+00
4.612809294663429149e+00
1.979446422092562585e+01
6.368773615569368829e+00
6.995964049147452180e+00
6.131580578671082193e+00
1.052444501555621592e+01
2.418458735790246905e+01
1.120476631429451153e+01
1.613977436226880968e+01
1.751610027462044883e+01
1.447437941834648356e+01
7.151671620707524824e+01
1.897507906193907967e+00
1.391992397486849775e+01
7.678525293132657303e+00
1.850359558807624438e+01
2.179630373648141628e+01
5.244092343782174053e-36
6.036350053595653797e-01
1.574882879286831905e+00
8.378762252998186999e-02
1.528132063317128164e+01
3.576769928948694997e+02
6.021303243007475459e+01
3.481689039701042765e-02
2.389485782671689156e-28
3.095960965762616611e-03
5.454768426302227802e-01
3.839668263817780058e+01
4.075303496083823931e-03
5.740126832034693649e+00
2.277591637740353887e-04
6.260611953162463772e-01
1.092624308887969164e+03
1.076824345694112228e+00
3.704977224822123105e+01
2.066660896592620489e+01
8.120387482625069708e+01
3.310204598098469830e+01
7.296534618386997018e+00
1.073637508559882470e+01
1.223532891206944839e+01
1.892437834604638525e+01
1.596097123311709431e+01
3.162955762821565742e+01
8.321740387727961874e+00
2.429910511949290708e+01
3.406663840624972295e+01
1.640397100519058782e+01
5.408437462773322579e+01
2.502139948579029749e+01
5.421978218939402439e+01
3.056127162219986815e+01
1.575774238548987682e+01
1.922617409336222494e+01
1.019132641881009391e+02
4.534809739225431713e+01
2.327256842347808075e+01
3.209248702303417389e+01
1.299188896661567050e+01
4.701040481912615832e+01
9.091773381226747830e+00
1.673948029176053609e+01
4.109776628118038388e+01
8.138423073197066060e+01
5.640093495753378505e+01
5.641552180070677736e+01
5.638829902029866759e+01
1.771985643722230819e+01
4.790629092377426446e+01
4.100603207486231838e+01
2.397322564667785372e+01
1.204907295550013835e+01
8.996919748406854822e+00
1.544994011063576700e+01
9.498778689538244890e+00
2.782511451766074284e-01
2.016353771552014607e+01
1.214860411259225970e+01
3.175568994818373625e+01
3.033630913738784329e+01
7.753295223348061427e+01
2.705022460634262771e+01
3.149937212097185224e+01
1.638888522255928848e+01
3.413829254167825411e+01
4.812703513029742908e+01
2.518256458806132869e+01
1.422785614975088038e+02
5.524364760580875355e+01
3.854126984828836555e+01
1.650474486810995600e+01
8.970833615165002328e+00
2.337335655320498873e+01
2.330372246703642247e+01
7.495934627258202254e-02
2.279311043159566452e+01
9.869855702246992735e+01
4.705401802701297953e+01
1.150285616832285456e+02
4.925359323408262640e+02
3.164996003901717714e+01
7.331206083361679759e+01
5.892461254334748588e+01
4.313069448435349074e+01
1.872414515688373626e+01
8.782805038020129462e-01
1.991623637983663472e-02
3.027583634490098063e+01
1.845765524318233730e+01
5.188529545381715025e+01
2.812109761170041011e+01
2.067847428700297030e+02
3.725958030290790930e+02
4.710855810250842879e+00
8.229866034541441167e+00
1.265039454150646314e+01
5.577224739963968858e+01
1.116732208078653521e+01
1.086945298132242321e+01
1.668115159553418891e+01
1.671524048019213993e+01
6.827952474597137211e+01
6.247580349158796054e+01
4.966034688677241604e+01
2.078255138520152201e+01
1.921267285818321113e+01
3.076368835905534382e+01
2.222193994834755770e+01
1.002258197081456643e+02
5.102640678634080018e+01
1.459674166006821139e+01
1.180690473657842077e+01
8.775921818252907514e+00
1.785575422702093817e+01
1.342580277255470733e+01
1.448882573097014692e+01
1.065947943763609196e+01
1.160157338233851476e+01
3.629327023518755624e+01
1.816588869892372315e+01
3.433037882864959300e+01
2.181357241307119921e+01
9.126148310300999711e+00
1.611858670920595316e+01
4.655295967066806639e+01
2.229953679148142953e+01
4.271907043289809280e+01
1.733375839671970198e+01
2.821909405274581317e+01
6.078525453391887368e+02
1.285732470386014192e+01
0.000000000000000000e+00
0.000000000000000000e+00
0.000000000000000000e+00
3.474631687565409459e-77
7.526386280994262125e-11
0.000000000000000000e+00
3.031442174871661441e-23
8.145579879490512984e-208
1.091803296192265861e+03
0.000000000000000000e+00
0.000000000000000000e+00
8.450669501291348240e+01
2.351115804936888765e+01
4.546959432251477498e-04
7.108125019353774928e-265
1.792900529692487765e+01
1.650061926796865208e+01
2.587836279008578799e+01
1.644812324297028283e+01
1.372032093938550545e+01
4.082575280148085994e+01
2.949318962055769333e+01
4.213824612514546430e+01
4.561791641988065749e+01
2.558601672937995204e+02
8.603901742587426182e-03
4.292990740062943810e-11
0.000000000000000000e+00
0.000000000000000000e+00
5.918277210299286395e+01
2.729440205445085255e+01
1.563316075258252624e+01
2.517203219393891445e+01
1.984435493687730059e+02
7.316281483540126862e-01
5.780832116889018835e+02
4.302068793113463130e+01
2.764971944849239449e+01
9.472229273435846153e+01
8.609333085255292417e+01
1.883767427761057591e-05
3.351508934880996549e+00
4.280059659048036025e+01
3.303033733356433098e-08
8.328213240283577345e-01
1.734242586651461338e+01
3.693124143900987377e+01
2.485059855351667224e+01
3.501354753662170793e+01
4.548601065850830594e+01
3.051168657066633827e+01
4.215730783213303567e+01
5.155212844036675079e+01
2.161118701845100887e+01
2.265705174426131663e+01
9.030091773832202406e+00
7.364823827311914428e+00
3.205888500123192131e+01
5.969880103362628532e+00
2.711085073582141547e+01
1.498315512497874913e+01
7.996875754713201445e+01
8.601024239569820651e+00
6.836734211105665260e+00
1.060097283962581294e+01
1.452983505726525593e+01
2.865941381571130364e+01
3.135860997913349735e+01
8.017859830705505431e+01
1.136408018181333013e+01
1.087781855962096955e+01
6.680222762428340388e+01
1.152481014795030667e+01
1.229582337366343303e+01
1.643651836076896089e+01
8.467758279223097873e+00
9.673622898911814261e+00
1.134320782901028579e+01
9.382224533821945656e+00
3.483385188573974833e+00
1.232714627203931101e+01
7.892407276700035723e+00
3.536401346999168283e+01
5.014181996757712056e+01
3.869802112905081429e-03
2.742442283278814674e+00
1.099896985572742025e+01
1.448624238004182496e+00
1.123797761298063191e-17
4.851410169888652035e+00
4.785523289840356576e+00
7.026141934476946460e+00
7.781720410667869459e+00
2.620846510091678283e+01
1.241079243096628915e+01
1.131733757693123454e+00
2.074064651734665587e-01
1.252699828863822543e-02
2.573174988664980734e-01
4.565862135047726311e-01
5.664546557885331585e-04
4.503477944192480487e-01
9.895910464765182019e-03
2.469399285242401820e-01
2.775470809470045527e-02
4.175151942506614283e-02
9.349575394715029519e-01
8.984456398456733273e-02
1.052576388714355077e-01
4.739433497156356756e-01
1.855879108031512903e-01
4.778643447240933928e-01
1.198258571348144130e+01
1.192640883699874621e+01
2.359126969633480037e-02
2.388700332453073827e+01
3.425734076302079378e-01
1.459163193370642819e+00
4.862916624120570575e+00
0.000000000000000000e+00
3.962961458777916057e-01
1.002141811074424028e-23
1.019814437346978769e-01
4.372645981834864983e+02
9.794190422504740803e-14
3.669887666315598835e+02
3.002368153986736843e+01
4.736111754946656029e-49
1.537262769322875683e-17
5.728983537724041497e+01
1.987375010936961006e-155
6.703456514301886493e+00
1.522784880955261766e+00
1.281096616864530248e-66
2.253588488632372316e-188
6.457374237336223066e-01
1.541542000367045340e+01
1.117701031533063221e-16
6.902084477817136410e+00
2.353357076313403127e+02
1.341698756086536622e-166
1.241597663651807220e-04
6.512367749862943533e+00
7.096264183085178034e-01
2.445562928996586560e+00
4.154176044204340279e+00
4.150393622006284811e-01
6.797891576806857294e+00
2.321289336025029826e+01
1.204624417675698211e+01
8.816444877659853629e-01
1.235465755949375910e-01
3.137858817060654865e-02
7.036805058174811833e+00
4.186609163695855784e+00
1.204712647694567013e-01
6.195363819418765461e-01
8.479299859582550170e+00
2.114591566314979687e+01
1.498395962654064384e+01
6.280268245463863641e-01
1.719324113320253256e+00
5.261564068097611792e-04
2.058846531716729800e+01
7.538326127063167625e+00
1.137241709948308355e+01
1.233198921053329045e+01
2.076067158044643435e+01
1.472061953002011947e+01
1.121802620088927860e+01
8.065870824448785115e+00
5.930484127059321153e+00
0.000000000000000000e+00
2.863554033687350842e+00
5.057015156318319882e+00
9.816516388423479969e-03
5.477595674126669145e+00
3.372490282229985703e-01
5.363104466480283605e+00
2.621293319106306807e+00
4.858998854211510121e+00
4.440789779695585082e+00
4.395066481943015191e+00
9.731570202030882299e+00
6.406323915303015148e+00
5.535020246970002944e+00
5.416429371729375220e+00
9.936819570861171513e+00
7.467296698743899341e+00
5.230980413755286662e+00
8.772701278152322146e+00
5.719771308012571609e+00
8.454149549857683965e+00
4.975467794831187618e+00
6.094227392388503972e+00
5.556075201206553515e+00
5.427653850481878095e+00
3.989115204796329639e+00
8.221923842079101874e+00
1.408491071916684234e+01
9.072350923947258394e+00
1.893684232529955658e+00
6.729333966924619048e+00
1.443802321193416560e+01
1.083082208028821825e+01
1.159100474917990731e+01
7.798842766131502735e+00
1.455418143365269223e+01
8.988589128430399811e+00
9.150923753923157378e+00
1.597074248188793000e+01
3.855400082437867137e+00
2.804926251388566117e-04
4.138392938695763945e+01
2.112649378185379234e+01
5.491231535738504022e+01
7.172133052786991314e+00
1.093789262561935161e+01
1.571383120853025162e+01
1.248009446758406327e+01
1.241937948386365775e+01
2.067454741744944613e+01
1.008647033095960666e+01
1.491743389007603682e+01
6.198017227392293549e+00
1.545497519879673121e+01
1.043881636744482400e+01
6.350710948009223589e-02
5.239781809323911688e+00
6.256492039346102096e+00
1.032933183606870919e+01
5.461087465166460042e+00
6.508557099848097494e+00
8.803263647580395812e+00
1.160681989577776818e+01
7.995879827776854576e+00
8.029815294439995199e+00
8.016968867340356297e+00
5.419036285379202234e+00
6.422650683008800099e-02
8.681667019611346348e+00
1.307571666388590614e+01
8.882380019778860714e+00
1.336761296007206923e+01
2.599339539338888017e+01
3.883139910221361291e+00
3.421988476966117076e+00
4.953659256741209305e+01
5.105603750344227254e-02
1.519789970329538803e-02
8.136213909072165240e-01
6.466064770087734948e-01
2.753582157190290758e+00
2.770705458920805914e-03
1.073922618633577492e-01
1.929684351215500346e-02
8.306056100273638554e-02
1.765767425442505711e+01
8.543328647756044347e+01
2.851098936149529806e+00
1.177699370118737043e+01
1.584482724234678841e+01
3.247375135456400841e+01
8.530042979490198718e+01
5.857419265718028303e-03
2.140662318551363796e+00
9.280182728859620589e-01
2.035884155057162204e+01
2.838678517573792196e-30
2.190522708630573234e+01
1.622512358404817556e+00
9.557566434630267657e-227
1.402343064824357317e-69
5.135177824563730981e-03
2.292732800551141120e-79
3.090921973410494786e-28
6.990640528894748934e-46
8.743764063403790601e-32
1.120572990665293700e+00
0.000000000000000000e+00
0.000000000000000000e+00
0.000000000000000000e+00
5.703874648915682565e-16
4.696872707183296569e+01
0.000000000000000000e+00
5.581256928894201953e-08
3.823180586389561161e-106
1.501712179040080771e-118
1.331223227062374955e-04
0.000000000000000000e+00
0.000000000000000000e+00
0.000000000000000000e+00
1.134823575278462471e+01
5.451537179966019053e+00
0.000000000000000000e+00
7.905517773464697299e-14
1.025614913577076015e+00
1.268178047185530670e-03
1.018870799914781346e-05
4.685770750392824757e-01
5.481873458727063581e-02
1.309518278716575779e+01
1.027888472557204835e+02
1.603169413749297334e+01
5.329269453579872788e+02
2.605265860246066012e+01
5.199465157410753591e+01
3.803759411216176556e+00
6.624569328942683022e+00
2.604977848096287474e+01
1.416844196248783021e+02
4.957476169057490267e+01
5.870207826543366814e+00
2.002917771995329588e+01
3.679116922910426357e+00
8.245736914830129649e+01
4.654550062559046353e+01
2.482871278821867023e+01
7.241371474294098221e-01
4.685242970361295911e-95
3.128791689704079726e+00
1.842431137436603805e+00
1.551854234136161637e+01
3.649982436299447883e-137
0.000000000000000000e+00
0.000000000000000000e+00
0.000000000000000000e+00
0.000000000000000000e+00
5.258066209039282768e+01
9.638530851165732827e+01
1.959091648557625120e+01
1.185802075697364621e+01
4.088078124154078807e+01
6.566148044170358133e+00
1.186736631718834190e+01
8.590674433055385251e+00
2.185582660000947541e+01
1.727012056107546201e+01
1.149792663683853000e+01
4.979661647832279714e-01
5.655631100778151676e+00
3.044617233845423598e+00
1.833749597875756976e+01
4.497923265297374229e+01
3.096392999261372569e+00
1.222230570045399034e+01
8.161850236745326725e+00
9.035580987286673249e+00
1.101580064205993637e+01
3.240100718042175920e+00
1.996235555155303132e+01
1.667327861308845272e+01
1.653277374952425305e+01
8.729154967127342180e-02
3.098459396922884856e+00
1.444192861379399062e+01
1.703137779790277762e+01
9.348865805740814494e+00
1.143600715646244659e+01
1.362942275913773926e+01
1.140451172733528296e+01
6.644448972189519687e+00
3.286174120920136943e+01
8.576236704155382196e-02
7.344296038495357948e+00
4.878749792163621812e+00
1.500492230445162178e+01
2.744492633946384785e+01
1.030307082355657400e+01
1.079227532163530157e+02
4.920391052847577384e+00
6.572006142538486984e+01
4.370364986205333935e+01
0.000000000000000000e+00
0.000000000000000000e+00
0.000000000000000000e+00
2.835791242352854185e-230
7.743833456991778325e-185
0.000000000000000000e+00
7.582719593108788562e-03
5.492987679299058073e+03
3.857642960184681868e-17
1.806813147617011024e-161
4.084611693303455468e+03
3.342431368303824968e+01
3.284456644997518282e+01
2.668700864005036256e-18
1.292586162503406477e+01
6.227551914137944777e+01
9.534321779495739690e+01
3.403862533158775250e+01
8.161922758977797798e+01
9.135379713181055195e+01
1.741542061426671637e+02
1.347574273058171173e+02
1.326790348680475802e+02
2.319847282195287880e-38
6.640471949299731591e+01
0.000000000000000000e+00
5.351680022801166212e-36
5.369598322798568546e+01
1.417800238518153719e+02
0.000000000000000000e+00
0.000000000000000000e+00
0.000000000000000000e+00
0.000000000000000000e+00
0.000000000000000000e+00
0.000000000000000000e+00
0.000000000000000000e+00
0.000000000000000000e+00
0.000000000000000000e+00
0.000000000000000000e+00
0.000000000000000000e+00
0.000000000000000000e+00
4.957119688576643313e+01
0.000000000000000000e+00
0.000000000000000000e+00
0.000000000000000000e+00
0.000000000000000000e+00
3.660788014745547012e-102
0.000000000000000000e+00
5.993973939638156193e-85
0.000000000000000000e+00
2.557476541154591845e-46
1.397413006186404149e-83
0.000000000000000000e+00
8.855384608693336185e-03
8.333695184445654448e-262
1.175788197300301170e-174
5.682662126074428670e+02
1.035543298442377989e+02
8.792551785344892778e+03
6.716899807979419268e-02
4.416665369249698614e+01
3.718419991863536260e-07
1.457726278997109847e-05
1.154834149156009238e+00
2.547670872929039820e+00
6.901704025283956071e+03
5.335647416277973207e+03
2.670385601048103581e+02
3.222176520346755751e+03
6.746434917993107661e+01
9.249893588751057105e-07
8.125349757877840773e+01
4.811117966105204687e+03
1.546819243928571268e+02
1.207564786755095554e+02
3.003998800689765289e+02
4.181155848377093776e+02
4.923541515644199649e+02
1.295118043464392940e+03
1.493631804016230857e+00
6.697973507345322730e+01
8.018746522606735994e+01
1.097148526088550398e+02
2.071360930638199079e+03
4.798310735555690371e+03
5.382906106348560797e+02
1.707043017626768631e+02
2.250676167204256672e+03
8.744624813164148236e+02
6.560996840250694731e+03
0.000000000000000000e+00
6.686606231397075817e+02
1.001325077407024196e+03
2.535901775846596991e+02
3.031815072249153673e+04
4.593262184185371098e+02
7.422359986122263820e+01
9.809168050807737018e+03
1.205732700410166700e+02
3.219186971267876288e+03
4.243048204193976289e+02
7.135345491604726931e+02
1.698456280727976093e+02
1.914679583102417837e+02
3.674351083149595354e+01
3.337714289371825771e+02
2.699315527391837009e+02
2.533497625676141095e-32
1.819457984344346348e-39
0.000000000000000000e+00
0.000000000000000000e+00
1.449077673748558337e-01
8.283151316354750346e-76
2.943922361222873491e-156
2.236038868163058169e+01
0.000000000000000000e+00
1.978056342845437328e-10
1.485956348042559739e+03
5.617986899353007558e-313
4.424854575720362391e+02
1.807820601623539187e+04
0.000000000000000000e+00
0.000000000000000000e+00
3.802091903356259991e+03
5.779236851063014172e-120
1.560983759978414653e+00
2.629277635086507914e+01
2.944604084185224110e+03
4.647426634581154303e+01
1.575817604651539796e+03
1.305836148061698040e-07
3.843088612333802985e+02
1.726744907519269873e+03
1.038845404257491225e+02
1.780312496129635110e+04
5.085219919524548118e+02
3.506991033792551661e+03
4.614111243737489930e-14
5.499203785029558951e-20
1.550223788693629081e-39
3.084264125342356166e+00
2.407747696489517963e+01
2.164463414395671134e+04
9.805710150778803097e-24
1.811269451508568063e-03
1.037561632761008332e+04
2.678136467498092119e-03
4.171190570655460028e-04
1.018920458010682069e+03
6.008617290376008708e-78
1.171709636631791545e+04
6.524091636701694064e-02
6.693946957567847438e-77
1.080750127453318601e+04
3.819995115471862664e+04
8.204368151210542374e-14
2.721800628338338356e+03
5.760565371131249412e+04
1.217601693394058677e-06
4.326340276004726065e-02
3.285702117497874052e-08
3.999186013877027790e+01
5.453098932685553457e+00
5.798793797258267047e-02
8.024384581820188032e+03
1.434365137198223294e+02
9.378630023328369703e+01
4.598624406552107757e+02
4.863389709968590324e+00
1.913160015928110624e+02
1.193398020070570055e+03
2.429919544227567485e+02
7.767219515456245972e+03
2.083250816681142936e+01
1.114369589542561801e-222
9.259650499876129288e+02
1.865504146360734978e+02
7.111116317881239508e-199
2.274707787837674910e+00
2.549233815616130414e+02
1.858911327208573205e-34
3.532713423416490080e-22
9.938344331548033495e+01
8.424723233628000685e+01
6.546457467975553469e-08
2.639983873290501606e+02
4.704880992991305902e+03
5.021089155097994876e+02
1.106141518082667972e+03
9.041490711778106970e+01
6.639251326467874605e+02
1.147007028773949060e+03
5.994093755684451708e+02
1.030166731394351018e+03
2.133490363240390195e+02
3.894631492201988294e+03
1.925072038545504938e+03
2.941786266175355635e+01
3.850075674570148863e+02
4.739946055379576819e+02
8.444301811528195685e+03
5.657925049220890287e+03
6.015111536035344670e+02
9.195614671016147668e+01
1.935954581608669400e+02
6.400903001385107416e+01
1.594313554856077531e+02
3.390054970047358396e-02
1.013627488563600423e+03
1.028097419690709103e+04
3.899886198180126371e+02
8.500395886352813957e-01
4.580408621893674876e+02
3.370486510117434591e+02
8.123316381429294779e+02
1.536898956966508877e+03
8.675915469509084232e+01
2.505047212256718012e+02
3.828311857080795448e+02
3.713823378090274332e+02
7.862832646896317783e+02
5.623527158176907506e+02
3.233998867658254994e+02
2.464210788232024697e+03
1.242127811657633629e+03
4.269604478567215438e+02
4.307428780564107456e+02
2.459177470430204835e+02
9.963612212581162453e+01
3.882990950998987500e+02
7.391624098393419899e+02
3.238271094720270412e+03
4.302354882833994907e+02
4.550070416278665562e+02
2.183251339114876828e+02
4.913034212124392184e+02
3.238049488287384520e+03
1.171271900483377749e+03
1.289925221418120600e+03
5.335309388527741703e+02
8.652740900074937599e+03
1.034825423820515880e+03
0.000000000000000000e+00
4.200925652698377917e+02
7.654909342782028716e+02
1.359976189254329029e+02
7.232575514712034419e+02
1.957416168015672611e+02
2.527019180677704071e+02
2.027330591314634148e+03
4.662876367386142533e+02
1.139663369156191266e+03
4.581513396268960605e+02
1.394898154288096350e+02
2.462799749271252381e+02
6.459936703902095587e+02
1.798299653143101068e+03
2.467580897031256768e+02
7.421863814211598083e+02
1.615141784095817741e+02
4.423794069255647514e+02
1.407632616798797699e+03
2.629820463872959863e+03
8.259871721535512279e+02
2.795320145866965411e-28
2.067557181110083491e+02
3.695061022215548974e+02
6.980891486004194348e+02
1.062823561391536664e+00
1.642040583385959280e+03
3.834897513329363846e+03
7.112053427324289260e+03
3.697442257965091130e+02
4.013802749049297063e+02
5.778522029955344124e+02
2.654251884001179860e+03
8.012271568268070610e+01
7.691832868900017957e+02
1.160123419043886997e+03
5.934557422423108619e+02
7.814764306998483789e+02
7.213689849996452494e+02
1.338485081335871655e+03
1.289474825953403458e+00
6.313125445080725058e+02
0.000000000000000000e+00
0.000000000000000000e+00
8.063156781724488837e+02
5.125094400395030789e+03
1.559209071973432970e+02
1.299315598934164768e+02
1.259931208775225571e+02
8.282675296674821084e+02
7.271308987931236061e+02
2.539932030347102909e+02
2.845731599318978056e+02
8.628606468910938929e+03
3.246165797563828180e-05
1.292921108123269278e+03
1.357859059434345454e+03
3.648903609811319484e+02
2.802520297387254189e+01
3.920109547901676024e+02
1.083564185399257076e+04
1.168162604646971133e-61
2.045115471082441672e+03
1.555189122017231435e-63
0.000000000000000000e+00
1.367347695389040626e-309
2.501354603832699379e-200
2.633839736769884894e+03
3.518809349437987066e+02
5.972101716583355824e+01
4.079801844892541534e-19
0.000000000000000000e+00
1.178918018046704768e-09
1.279127576611157906e+02
1.458783160851434104e+03
1.178850696428460105e+04
2.446480245491134337e+04
2.306855832992054729e+03
2.480047554201856504e-141
0.000000000000000000e+00
1.445230796242207042e-24
5.370607842245381445e-16
6.938580049487059114e+02
1.273855931030897636e+03
4.589790991490785018e+03
9.814992611328205818e-20
6.164720994665687595e-05
2.754498819187693243e+03
1.173715820887117445e-09
7.458673858974490031e+03
1.748028156263504570e+04
1.808523119669868118e-01
2.732038585410052889e+01
3.209706858155970434e-03
4.593484514855627822e+03
2.263236517664040264e+02
1.798017761700318715e+03
8.725902435806925496e+03
0.000000000000000000e+00
9.811241566001577549e-10
3.291603544884858366e+02
3.086066047640980514e+02
3.338366416612683452e+02
6.352954092481737689e+02
1.384523957953024665e-60
1.478575275567744029e+03
5.791804128531473452e+02
7.995486127264166498e+02
1.424165056189904988e+02
4.243132679594609726e+02
2.682317502780370887e+03
1.977671909781333397e+03
1.267803046300386814e+04
1.187050812826576374e-01
1.392051593446555093e-212
0.000000000000000000e+00
1.516069941060640636e+00
3.599952104134221736e+04
0.000000000000000000e+00
0.000000000000000000e+00
3.549426497356914141e-25
1.524734492147234613e-06
9.061494554926846059e-61
2.269445459611314075e-67
6.884815303260374131e-17
5.072936862965220476e-135
3.066710448477434278e-03
0.000000000000000000e+00
9.078691197236769028e+01
7.481181013619545588e-21
0.000000000000000000e+00
1.423730447475904728e-47
7.526757339762389469e-03
4.005865807564026454e-22
1.703214730996814076e-56
1.223220108436000884e-75
0.000000000000000000e+00
0.000000000000000000e+00
0.000000000000000000e+00
5.943146316148842909e-270
0.000000000000000000e+00
0.000000000000000000e+00
2.555955493679621749e-205
0.000000000000000000e+00
1.277579990311600450e-311
0.000000000000000000e+00
1.216326483739428394e-44
1.871996032847517916e-213
8.186330498431334255e-05
3.803228645771151787e+04
0.000000000000000000e+00
1.030789363111798268e-136
1.897037563723663101e-253
4.358207137733662306e-59
3.030167694937568879e-01
3.357209260014664324e+03
1.607345716062872035e-39
2.650611488085206020e+03
2.038497485077973579e+02
1.215305631853725572e+03
2.708707661991100744e-29
0.000000000000000000e+00
3.088824158041968985e+03
3.495391192284730371e-275
0.000000000000000000e+00
2.727378255805443241e-02
7.019896816602994078e-07
9.975928325319038365e-55
1.029573386915682931e+04
2.789287805342795137e-130
1.048623451618782152e-128
3.682041461986737829e+01
1.357613587765190914e+03
1.643605892400717493e-144
2.412791824929720406e+02
1.117296738242501597e+01
0.000000000000000000e+00
2.438036461523172451e-236
2.016295722190929875e-178
0.000000000000000000e+00
4.425275717099656504e+03
2.081019346512058755e-58
1.705528790824453189e-01
5.154970544809631065e+03
1.641807861376201572e+03
1.751099389074403873e-03
1.077786281002439270e-21
0.000000000000000000e+00
0.000000000000000000e+00
8.517818659253998086e-64
3.448185658273853926e-36
0.000000000000000000e+00
1.369084226438526936e-65
7.392864788984466031e+03
2.286342697092959351e-128
1.548809722645222564e+03
2.052251301441243198e-80
0.000000000000000000e+00
1.709874587506481599e-189
0.000000000000000000e+00
0.000000000000000000e+00
0.000000000000000000e+00
0.000000000000000000e+00
0.000000000000000000e+00
0.000000000000000000e+00
1.521859363548053125e+03
3.107677783808560390e-07
0.000000000000000000e+00
0.000000000000000000e+00
1.860103428602153332e-40
5.704751273897462482e+01
6.576877304062386429e+02
9.991576773105325633e-47
9.097049344942509733e-03
1.775185964240769749e+02
5.816710019844202179e+03
8.164140328563582931e-05
1.496304052378341339e+03
8.575009830587130637e+03
1.754822752544725120e+02
2.498646285945354757e-169
2.515263799370255219e+04
1.186634523476254786e-124
2.588763560426337790e+03
6.161159672078252679e-03
1.859822415564803350e+03
2.050921751546269149e+02
2.087083604779438247e+04
3.132833000220466033e+02
8.563849077170961687e-102
3.699134740006641895e-73
1.215090604225517018e+05
8.182761263880688639e-34
1.596934680393206225e-35
6.426867344295772982e-20
3.323160327836845941e-49
8.757661889224789242e-204
1.100597209492938484e-40
1.085149302778424807e-01
8.596460158967235475e+04
2.320105087698864736e+04
6.083631042823963799e+05
1.081192458470974504e-18
1.262276559696200476e-06
1.250763017720190455e-08
1.608235340634976747e+05
7.043168833465636937e-22
3.225389991201436768e+00
5.339097313078739262e+02
6.669235782881965825e-08
2.833570421924694642e+02
2.255876664155708795e+02
4.568162023345547027e+02
1.703304268492279516e+04
1.710684215081659204e+04
2.429325424836352775e-10
3.169816783392892875e-70
1.698210680025305508e-01
1.524080800397506472e-67
0.000000000000000000e+00
4.762025649939864025e-05
1.309732947700035833e-23
0.000000000000000000e+00
5.217333220083563507e-321
0.000000000000000000e+00
0.000000000000000000e+00
0.000000000000000000e+00
0.000000000000000000e+00
0.000000000000000000e+00
0.000000000000000000e+00
0.000000000000000000e+00
0.000000000000000000e+00
0.000000000000000000e+00
0.000000000000000000e+00
0.000000000000000000e+00
0.000000000000000000e+00
0.000000000000000000e+00
0.000000000000000000e+00
0.000000000000000000e+00
3.672210703478308641e-06
0.000000000000000000e+00
3.168098688960138262e-128
9.997849679865342468e-03
0.000000000000000000e+00
0.000000000000000000e+00
2.411727467218942365e+03
1.230052736010568866e-02
5.526265524161714185e-25
6.900970528173994580e+02
1.847889228621291841e+04
9.779641683604758100e+02
2.931840598804332672e+02
1.984571334125443073e-60
1.349345273549562108e-14
1.379938307238092193e+03
1.834709866584236124e+02
1.102471448191401350e+03
1.352948797556091445e-78
0.000000000000000000e+00
0.000000000000000000e+00
0.000000000000000000e+00
0.000000000000000000e+00
2.642136536565202129e-02
1.535887835176275189e+02
2.889610734733531059e-11
1.316920619536932406e+02
2.897498840023100911e+03
4.553745289812786125e-24
0.000000000000000000e+00
4.498043180592473504e+02
2.092912385457170785e+02
4.602160657671594208e+02
2.837499365499560576e-03
9.475959385022002834e+02
2.654441139725249212e-05
4.960970836688690887e-192
2.091168688479055329e-182
8.604996380276246421e-81
6.303622831722753261e+01
5.578088121988053483e-02
4.265151746226771138e+03
0.000000000000000000e+00
0.000000000000000000e+00
1.082584832066142553e+03
3.624894235568007606e+00
0.000000000000000000e+00
0.000000000000000000e+00
0.000000000000000000e+00
0.000000000000000000e+00
0.000000000000000000e+00
6.296704627279135283e-69
6.368278175840994537e-01
0.000000000000000000e+00
0.000000000000000000e+00
0.000000000000000000e+00
0.000000000000000000e+00
0.000000000000000000e+00
7.328963648322462486e-260
7.411180462042056636e-185
1.604808806058392179e+02
1.346418813127418874e-55
1.269573481021430780e+04
4.003089123034908425e+02
1.312732421000192068e-320
2.244088889965878322e-149
2.463481502685777816e-298
0.000000000000000000e+00
2.119699086359964895e+03
4.730598454296303316e+03
0.000000000000000000e+00
7.350292702651100150e-14
8.564675164727818909e-33
0.000000000000000000e+00
5.646905580053869141e-194
0.000000000000000000e+00
0.000000000000000000e+00
0.000000000000000000e+00
1.277131892602855032e+03
1.150147672312620557e+02
1.944585918514941625e+02
9.338611524880416391e-04
0.000000000000000000e+00
0.000000000000000000e+00
0.000000000000000000e+00
5.881072575662518445e-219
0.000000000000000000e+00
0.000000000000000000e+00
0.000000000000000000e+00
0.000000000000000000e+00
0.000000000000000000e+00
0.000000000000000000e+00
5.412515685205221651e-291
0.000000000000000000e+00
4.575262824838058805e+03
7.535473680913318617e+01
1.309223369438353488e-12
4.413939404854654001e-33
1.124769883264231612e+04
5.080776630190217612e-10
4.486342735328195275e+00
1.506049763459883244e-17
1.813714723955263574e-07
1.962022542155176805e-13
1.194854761344823268e+00
3.869703266617987651e+02
1.520232938719346412e-05
6.053190481376140042e+01
1.523715391651938005e-42
5.481304318176299262e+01
1.117386616271302842e+02
2.028847246323711261e+03
7.299468630155211031e+02
5.221095423339658481e+01
1.077390420806514492e-30
1.431346079182364338e+04
1.104069782196006072e-13
5.214558654576388641e-05
1.462582510806362188e+04
4.946933240789476716e-01
3.540059739426694250e+03
1.854747657464459962e+02
4.652201874911305822e+03
1.408717183674403330e-27
7.523448844169923814e-23
2.267523470267738527e-23
3.503115247932649368e+02
2.613580800688057934e+03
1.145966905467814740e+03
4.690467498162180959e+01
2.450066892046942257e+02
3.775474198572002820e+02
3.972171621163035644e-12
2.197255449092590425e+03
7.282013898373181724e-19
6.175276316227246980e+02
8.791066190784593459e+01
2.113909799088976342e+03
7.579479776435933672e+03
3.691978016469839308e-02
8.284138050193043910e+02
3.324648734040063573e+03
6.025230526397449466e+02
8.623897367485076302e+02
4.152094197165193350e+02
1.151649358583602512e+00
9.782623878357378999e+03
6.381347306214945093e+03
