2.020273325757191571e+02
3.680759140412847019e-01
5.201610929128667182e-01
1.320517747824223420e+01
2.107286832538980548e+01
1.417355572301444866e+01
8.071423626353125158e+00
3.832871919237414460e+01
1.193559630981764599e+02
1.153130396905137780e-34
5.510305944643239983e-76
0.000000000000000000e+00
0.000000000000000000e+00
5.647482586456852509e-12
7.095155551410752715e+00
1.465027689824572406e+02
9.573449689484607461e+01
3.763539417839746381e-05
1.076208280582945775e+02
2.474562301494036554e+00
3.782306967082526006e-01
4.255620220913539420e+00
1.195208936289640178e+03
9.409080648923470847e+00
7.958486483851274329e+01
0.000000000000000000e+00
1.011510858100409305e+00
6.537825724845651720e-01
5.049947823014092367e-04
8.658410974167088270e+00
1.582364753511700712e+02
1.361135170965316776e+00
4.897483211669767655e+01
1.551086398323704074e+01
1.262675241654338265e+01
2.287166571249329650e+01
3.114492174517491385e+00
4.890403504657651430e-07
2.822730581395812344e+00
2.052452347797035638e-316
2.243538244446994892e-248
5.673077387544707584e+00
0.000000000000000000e+00
0.000000000000000000e+00
0.000000000000000000e+00
0.000000000000000000e+00
2.215258620268462791e-02
2.554973122554331955e+00
0.000000000000000000e+00
0.000000000000000000e+00
1.139709822883799859e+02
3.857410733168952532e+01
0.000000000000000000e+00
0.000000000000000000e+00
0.000000000000000000e+00
4.027625393247268448e+01
0.000000000000000000e+00
2.966181043714203288e-142
0.000000000000000000e+00
1.903068962053217072e+00
0.000000000000000000e+00
0.000000000000000000e+00
0.000000000000000000e+00
0.000000000000000000e+00
4.890416542033820171e-55
0.000000000000000000e+00
0.000000000000000000e+00
8.085184084341080961e+02
0.000000000000000000e+00
1.063423440835445355e+01
2.115277554574282082e-77
4.566821284677943099e-02
1.068291446920830584e-12
5.919950159890525141e-22
5.052596711530937812e-01
1.307908074758081806e-57
0.000000000000000000e+00
2.487383355667621476e+00
8.973285489165779154e+02
0.000000000000000000e+00
1.549630552448070375e+02
8.504265642469228861e-06
6.185319221413086765e+00
3.982348057292413688e-06
0.000000000000000000e+00
1.326565152394627647e-20
7.270202290636466103e+01
1.262373149129240685e-52
7.687494972457716180e+00
4.657608775366508994e-133
3.828921818387123061e-02
3.086568849363589518e-12
9.805369095232753518e-02
0.000000000000000000e+00
0.000000000000000000e+00
5.771368516061457484e-04
3.084213832191067801e-99
0.000000000000000000e+00
3.174983864016263629e-03
6.250156215896267575e+00
1.248366691869378400e+02
1.228154190798056504e+02
6.175073846366011310e+01
4.616679937869781064e-02
0.000000000000000000e+00
9.260272376671181291e+02
4.428324216828363188e-219
1.994806470910088721e-15
1.249415293915843783e+01
6.336460274425913794e-11
3.801283659115302083e-01
1.463111562374999863e+01
1.237668813172787818e-01
5.569418494186814117e-01
2.393408230940719861e+01
2.634754877926561156e-01
1.018483279920651294e-05
2.216267890082583403e+00
1.954374119882137251e+01
2.738977069410601928e+00
0.000000000000000000e+00
6.809835118649889122e-07
0.000000000000000000e+00
4.041162099435987365e+00
0.000000000000000000e+00
7.464537160921108416e+00
3.305290842575294619e+01
1.800366465007008898e+01
1.192667633164188551e-44
2.490264092067756183e-174
5.196743775832501910e-01
5.476282079868745764e-31
0.000000000000000000e+00
0.000000000000000000e+00
0.000000000000000000e+00
0.000000000000000000e+00
0.000000000000000000e+00
0.000000000000000000e+00
0.000000000000000000e+00
9.384924655983049874e-16
0.000000000000000000e+00
0.000000000000000000e+00
0.000000000000000000e+00
0.000000000000000000e+00
0.000000000000000000e+00
0.000000000000000000e+00
0.000000000000000000e+00
0.000000000000000000e+00
0.000000000000000000e+00
2.790124251588949319e-160
0.000000000000000000e+00
1.538328977053619423e-10
4.147051495266399629e-03
2.575396732907245596e-23
0.000000000000000000e+00
0.000000000000000000e+00
0.000000000000000000e+00
0.000000000000000000e+00
0.000000000000000000e+00
0.000000000000000000e+00
1.232596864612720375e-20
4.124720750898516449e-04
6.076774636553687506e-56
0.000000000000000000e+00
5.029908061370842535e-99
0.000000000000000000e+00
9.634621661887497858e-39
2.029640823566075269e+01
4.795376462134386890e-228
2.491898117427008246e-56
0.000000000000000000e+00
4.812102112032647560e-297
1.234777948654096872e-79
0.000000000000000000e+00
1.123166010891981870e+00
1.331003302866218395e-281
5.121495336600867817e-71
6.437512859884774143e-77
1.230133848067020552e-108
2.030815453352320145e-03
0.000000000000000000e+00
5.960947636185825615e+01
0.000000000000000000e+00
2.874288069641057681e-14
8.357230507113292872e-19
1.300662052468981367e+00
1.003807096314812512e-02
5.325976224276057103e+00
8.939237991899977759e-06
2.603772920998692619e-02
3.641778624984815593e+01
1.816875516836432425e+01
3.132972438791399838e+01
1.703243805014588830e+01
5.912895371014709411e+01
1.230304780852252975e+02
2.123975435947321119e-02
4.371929131842674821e+01
0.000000000000000000e+00
2.281782948460749873e-08
9.593793605167539340e+01
9.835618224218012038e-12
0.000000000000000000e+00
4.921213577512326130e-36
1.373124499886473810e-27
0.000000000000000000e+00
1.927552642254203694e-24
6.680512838729862104e-126
2.516928787010446490e-28
2.516587630199580989e-112
1.300002743563514640e+00
7.978533189290082117e-55
8.935944593122019962e-08
8.419325236807709563e-21
3.791601051318190880e-40
8.916353131566200318e+03
1.648297911143348240e-77
0.000000000000000000e+00
5.885174530656526253e-265
4.630117918475751715e+00
4.438058378037709923e-07
1.813529707998212364e-219
0.000000000000000000e+00
0.000000000000000000e+00
0.000000000000000000e+00
0.000000000000000000e+00
7.183866540733663264e-02
3.795689547022155944e-258
9.629320314543469246e-175
6.219253672519916702e-89
3.322085330825429992e+02
2.839478057616415185e+02
4.345801284689114397e+01
2.794007655759691033e+02
6.962361424170140367e+01
1.516950012520466330e-02
1.347741002926261256e-01
2.255550084170264924e+01
3.501963266812492037e+01
2.170744120160290436e+01
9.322572374885577939e-02
1.242825361914211933e-55
1.838811581883134849e+01
9.344312087381494436e+00
4.248081344641292891e-09
9.045001709885687191e-01
4.186125394952453860e+01
9.438179169657118450e+00
4.479812868396789440e+02
4.316003705143362623e+01
2.807654475519554715e+00
7.118820278203446605e+01
3.612210878456289601e-35
1.792931574584110972e-03
8.133126784436577614e-04
1.325289485234821055e-02
1.745397150489240528e-287
1.960006990336883535e-33
1.484963968323149272e-11
2.507899571107802217e+01
1.962606530062450716e+01
9.574299068260428314e+00
2.237140402312466279e+02
4.255639228745330627e+00
4.704632927488498950e+01
3.217154906452384085e-07
9.563045527160249866e-19
1.306602928810922842e-12
3.494991663872817753e+02
3.895096186352672851e-02
6.214723998938830987e-06
0.000000000000000000e+00
0.000000000000000000e+00
6.934343708272339146e-02
3.694972418478895126e-02
3.508448997585342305e-211
3.931670775565927756e-02
1.764698918090050147e-04
0.000000000000000000e+00
4.125469281185206273e-18
5.724332094560538054e-27
1.015426468322925331e+02
0.000000000000000000e+00
2.031179242645967520e+01
3.211807717969243470e+01
8.330925628927687399e+01
1.760361033809577425e+00
1.263962677709392892e+02
7.076603989927309435e+00
2.251346856729738999e+00
1.923220387840663648e+02
8.060576941887310554e+00
1.675183588984188532e+02
1.027402489265033229e-18
3.939781105477111179e-47
4.522723213939561689e-24
6.850043939795172676e+00
1.601021325779113380e-01
7.296797357150145658e+00
4.704943922508402920e+01
5.416519466007724048e+01
1.213686831063109993e-45
1.947988868298422403e+03
2.568462997478876929e-03
4.110932506081900850e-07
7.353813682328629765e-09
5.428884038390823336e-198
2.405689059904025230e-16
4.629847322258005000e-76
1.506974001575461664e+01
3.771405470674269059e-32
1.073944670620876281e+02
1.778771320124636901e-01
9.957963025139177660e+01
1.025477555028408691e-27
9.383860328815950425e+01
4.839487327406130390e+01
4.103210097203975693e+01
2.137692844745184213e-199
9.893827334236425486e+01
7.105018283422176527e-97
2.143982249974949634e-273
2.185624225896991447e+03
0.000000000000000000e+00
4.769044691488512733e+00
0.000000000000000000e+00
0.000000000000000000e+00
1.141772906637408824e-01
3.896697965694909842e-86
4.382041952410562233e-06
1.417722711204415752e-02
0.000000000000000000e+00
2.716663644513496019e-28
2.446648543365643368e-09
3.389475828460332543e-07
0.000000000000000000e+00
0.000000000000000000e+00
0.000000000000000000e+00
3.946454566142484496e-13
5.957539225242636346e-22
1.215709715765880503e+02
3.135155084222642217e-61
1.899688786831566102e-06
3.570080926974320435e-03
5.270019605452384327e-04
1.204890552353400381e+03
4.868837239824566621e-01
5.714279441416241223e-01
1.898720505290117799e+01
3.284426103041679426e+02
1.153972624823897917e+02
3.772662205735661151e-05
9.897865698195705510e-88
0.000000000000000000e+00
0.000000000000000000e+00
0.000000000000000000e+00
0.000000000000000000e+00
0.000000000000000000e+00
0.000000000000000000e+00
5.949081270829449467e-221
0.000000000000000000e+00
1.752290713715238898e-215
1.413181760841653656e+01
3.019348895438269732e-07
0.000000000000000000e+00
0.000000000000000000e+00
7.177052706794459027e+02
4.795630629536666301e-01
2.679049877133819139e-43
6.187568696486311026e+00
2.649162001720095759e+03
4.968034848185531018e+02
7.296347188214060225e+03
5.642665468605850138e-02
0.000000000000000000e+00
0.000000000000000000e+00
1.414076171417957438e-158
3.652328383283057478e-11
3.933622295518516793e-161
3.016098351348939488e+01
5.478142500431384398e+00
9.038716928727232869e+01
8.923558800937648527e+00
7.625483139859409176e-01
2.778610175015776917e+01
8.059405122789620179e+00
1.387656624457130761e+02
5.052009742313170904e+00
9.855170875477014647e+01
8.956204613447693585e-01
7.101045557684425802e+00
1.500237028848554743e+01
5.957737893935788343e-01
2.480973873082281500e+01
7.874806627051296637e+00
6.167697105914507816e+00
8.182473439827342077e+01
4.810218087967449918e+01
2.865880732497620603e-15
6.176658650166730880e-01
4.273607099293136535e+00
1.649078919716017921e+01
5.629771609477632666e+00
4.603801524766394948e+01
9.504069414008490924e+00
2.174396526279125226e+02
1.643318649845610224e+01
2.097157123956023828e+00
3.228479889704212269e+01
3.905775707563489796e+00
4.247333219901502588e+01
4.065668103044399686e+02
0.000000000000000000e+00
4.454423130322924607e+01
1.409675870030662265e-60
2.608670258847551808e-131
0.000000000000000000e+00
0.000000000000000000e+00
0.000000000000000000e+00
0.000000000000000000e+00
0.000000000000000000e+00
1.139888440014790451e-38
1.165885911094795624e+01
0.000000000000000000e+00
2.219008801542902916e-07
2.850527626428115582e+03
7.008776564631956418e+00
0.000000000000000000e+00
0.000000000000000000e+00
1.042071801262706998e+02
0.000000000000000000e+00
1.320865694905243315e-47
0.000000000000000000e+00
4.242735365730965557e-13
5.918402005946071104e-02
1.303223972730685176e+01
2.509933456513081972e-145
0.000000000000000000e+00
2.415988128086162945e+01
7.629581893457258300e-23
0.000000000000000000e+00
1.757654931006986209e-118
6.073293078621877651e-140
0.000000000000000000e+00
0.000000000000000000e+00
4.582720049517462681e-70
1.758666566876967533e-29
0.000000000000000000e+00
0.000000000000000000e+00
7.774853198829723196e-15
3.030619873976890233e+01
1.298663634860517269e-03
7.397944217683299103e-09
9.181458907533980111e-11
6.647603694839856694e-09
1.080240078781784119e-187
0.000000000000000000e+00
0.000000000000000000e+00
0.000000000000000000e+00
2.366570682924010806e-107
1.457326370215760107e+02
3.132611166535033131e-01
1.438921520319427907e-106
0.000000000000000000e+00
4.010708788630588423e-116
9.846426498590134246e-02
4.890057347559946330e-07
0.000000000000000000e+00
5.892093893694985951e+01
5.354273113093201975e-01
3.439087364898169759e-11
3.040516662096124024e-199
2.552522737740825379e-36
0.000000000000000000e+00
3.901553715977824670e-232
0.000000000000000000e+00
0.000000000000000000e+00
0.000000000000000000e+00
0.000000000000000000e+00
0.000000000000000000e+00
2.154078295775590676e-30
0.000000000000000000e+00
0.000000000000000000e+00
1.302646251181590143e-39
2.923956880889799107e-162
5.692828270377282478e-08
1.113097844312199946e-85
2.094479149680448808e-54
9.791496240606537618e-20
1.091707025247442564e+00
8.116244672007992822e-01
1.733718378402229247e-07
3.521885621198252636e+01
7.481478392926081966e+00
1.963228393854780904e+02
3.845110408685362701e-60
1.919166521936883498e+02
6.869542885551165767e+00
1.026252076891603768e-147
0.000000000000000000e+00
0.000000000000000000e+00
8.970659199278843698e-02
1.774004346236310265e-14
0.000000000000000000e+00
0.000000000000000000e+00
7.098622574663284134e-82
0.000000000000000000e+00
1.112525812630799919e+03
0.000000000000000000e+00
1.333526457381101304e-19
1.116594713768371281e-03
0.000000000000000000e+00
3.749691878733724781e+00
3.131990071402790932e+02
0.000000000000000000e+00
2.619852035912876335e-290
1.851865483994210824e-194
0.000000000000000000e+00
2.089429362357638845e-26
0.000000000000000000e+00
0.000000000000000000e+00
1.851983732517842096e+00
1.201247348240820874e-09
0.000000000000000000e+00
0.000000000000000000e+00
4.291489955885700936e-58
1.131506339154429668e+02
1.895538489396150084e+01
6.392304857998402667e+01
2.540789405490550124e+01
6.388755949098866086e-15
3.303760198236285639e+00
3.275907982128516416e+00
2.407755501167386569e+01
9.989116225093096213e-04
1.267627353582968894e-15
4.223598200544025794e+00
7.117438461634374406e-45
5.610634978495855808e-41
0.000000000000000000e+00
3.788197398539988806e-70
2.355357829707282114e-133
8.720343917083749844e-05
2.502937577920423564e+02
2.703711032330735975e+02
7.128532934593814616e+02
0.000000000000000000e+00
2.359913019381262023e-01
4.093922151965116996e+01
4.963776542266518277e+01
2.934688954866247101e+01
8.144450767905946373e-11
3.639437087505524015e-09
4.739645127834173045e-79
6.801085743099479259e+02
1.926235405913487853e+02
1.339575518024079592e+01
6.250371095859343475e-04
5.749476773903599014e-01
1.463054094413015482e-01
1.351759721379755623e-108
1.286437951764958676e+01
2.709064066753882560e+00
1.502702911599277259e-03
2.986006367682358231e+01
2.178072052804309422e+01
8.531536336178386648e+01
3.091161961009673220e+01
5.292170629716718366e+01
3.197805688156578174e+00
1.125718917846869616e+00
1.083335239761269975e+01
6.219116597772473831e+00
1.134292818207838494e+01
0.000000000000000000e+00
2.896961596991119947e+01
0.000000000000000000e+00
1.578433529533980284e+01
4.456723009280887027e+01
3.852477371302549525e-01
3.411665264783312779e+01
9.762353250010932015e+01
1.268432725966053987e+01
1.676540673378040225e+01
1.735492872556414312e+01
2.991175549876144046e+01
2.959275675605662315e+01
2.458613555521494831e+01
4.843147322498221996e+00
2.970476639831466925e-01
4.525306360839173592e-01
5.368803996901381215e-01
9.668888454648891795e+00
3.574987767312189924e-01
1.734740761967634159e-01
1.630374735217012594e+00
3.388767923266266635e+00
1.584438048934330157e-01
4.068110029572683750e+00
2.989715898360425950e+00
3.395497904256999377e-01
1.498008501254305125e-01
1.078585440814863183e+00
7.109609494624616888e-01
1.698398042458912727e+01
3.071555983454841599e+00
1.000928972014396301e+01
1.054805112228617503e+01
1.379823663567921743e-01
2.666990851386291439e+00
2.003207351838349481e+01
6.490778993425972126e-05
4.453478220747646432e-01
2.971415823539249046e-01
1.392216464282281657e-02
4.007690741643731187e-03
3.796252537541422356e+01
2.528722490995158001e+00
1.655184387143474467e+01
7.771380832959677853e-01
5.838490891803903571e-01
2.685264062527460283e+01
2.431920812235658647e-01
5.114109655155918865e+00
8.754964771627006259e-01
3.098400391624750450e-01
7.307380086778194617e+00
2.073267314151905349e+00
6.998366244466030395e+00
1.993193073890530354e+00
1.421164164403198926e+00
7.590836523193863705e+00
1.150984397999398468e+01
2.629314657201791035e-05
5.417992705941401810e-02
2.513231110293893261e-02
8.527580152021277726e+00
1.451196368815864668e+00
2.073082493553884742e+00
1.819441901333240796e-01
6.990365067535451171e-01
1.338776058632091814e+00
2.883943014390857318e-01
1.372397389886365948e+00
6.084721323529118653e-01
3.435207215098674993e+01
4.962353885483275917e+01
2.091259729764028208e+01
2.722412787266166589e-02
3.297953788427508748e+00
3.488164000816537680e+01
3.420321875903826481e+01
1.495589585481091532e+01
2.721812040119079068e+00
2.192933044571319101e+01
1.071262087913800087e+01
6.387897942085659864e+00
1.039567376662923337e+01
7.753533581136762720e+00
2.816334885894373130e+01
4.767987376168299818e+01
1.657537017190967177e+01
1.275999862355302206e+01
1.600716262735990103e+00
8.011430363211120564e+00
3.613459402642843799e+01
1.587081418995225235e+01
1.538160081618868702e+01
2.050905121854496471e+01
1.328766102360522439e+01
9.371333954176725101e+00
5.556723499168012559e+00
2.561130458618989891e+01
1.967863841857049678e+01
1.211453537401245839e+01
4.166570625802124539e+01
1.589474137663880704e+01
4.420472838502392143e+00
1.439499970731528578e+01
1.673068397116292871e+01
1.621015240210701336e+01
3.573236496247587102e+00
7.569387781315520813e-01
1.701082644817785150e+00
6.808865895685703329e+00
1.454536859439082797e+01
1.644977176286750975e+01
2.842025956578842383e+01
4.586579819474244424e+00
0.000000000000000000e+00
2.713689178659693946e-01
6.220911932386155030e+01
1.524639524699049353e+01
2.753178791151664839e+01
2.207226279535378310e+01
1.402299711454957176e+01
8.950286978129730286e+00
2.421005732159878576e+00
3.086219699339570610e+01
1.773131876615230240e+01
5.229790632241525117e+01
8.289801205792574734e+00
4.077161137719202411e-01
7.670713366748159068e+00
2.304139313341705630e+01
1.287367298517028935e+01
5.433532384033382456e+00
1.726850579475582181e+00
9.659817888077576242e+00
7.579797070173743379e+00
5.287660910725952235e+00
8.565196748003122806e+00
9.855477270928219014e+00
1.538800468467353610e+01
1.437020839554845253e+01
2.586562525343317542e+00
9.157693798998002066e+00
2.521432452715292261e+00
2.151884942373657683e+00
1.148836034609481338e+01
2.170153449308947557e+01
4.917783622750952155e+00
4.680686584552017138e+00
3.901396809329535920e+00
1.085446661465745066e+01
1.603240436429697979e+01
4.654910630719081510e+00
3.762370493577659403e+00
8.399470062766438261e+00
4.364322534229764017e+00
9.781490419552802962e+00
8.600109657946696018e+00
5.348373698025200795e+00
1.311199731519297984e+01
1.680595646742339611e+01
1.524780098857646315e+01
1.019399326079269308e+00
4.259419925317223132e+00
9.207736351030431976e+00
4.892982224952739045e+00
1.918923475098957709e+01
6.097484980668859578e+00
1.157186788044775838e+01
7.009222966577542735e+00
1.256949068020145077e+01
1.906362361000317307e+01
1.289071733085218696e+01
1.461090388725946632e+01
3.479712825958693401e+01
4.064837868547805755e+01
4.221133310138535364e-04
3.092401957475719332e+00
1.919372519531558981e-05
0.000000000000000000e+00
6.243906887252426843e-191
0.000000000000000000e+00
4.887586990133796050e+00
1.107905079114356524e-310
1.719282543147854447e+00
1.955436500649747700e+01
2.322407287789391361e+01
2.278294093732990522e+00
3.069343690356044974e+01
8.099076472551226757e+00
4.684914410898906922e+00
1.438686073494469575e+01
3.433032345421065834e+00
9.297486329058486376e+00
1.807660306492137892e+01
1.690636878819225331e+01
1.060380952203260563e+01
8.171635631241788644e+01
0.000000000000000000e+00
7.061775412517516122e-24
4.737420127102844880e-01
4.470421222310847487e-01
5.269657562326024447e+00
6.334895464973212820e-03
1.388276208937425787e-02
6.686720205858070337e-03
5.211895656061980908e+00
4.105841807811307262e+02
1.582316813123857125e-09
1.507701252983667806e-01
2.735360597258933012e+03
5.028849765587826823e+02
9.910323679401031427e+00
9.055246742795698367e+01
4.916839701953880315e+00
2.799347324741817911e+00
1.081888484903077956e-07
1.850789472261565205e+00
2.069044825517218555e+01
7.230223192772135121e+01
1.703471635092190573e+00
1.027204833789556182e-01
3.148680692883558052e+01
4.745412495786693796e+01
4.692812397508482292e+01
4.457386941499194677e+01
4.729157801448295118e+01
1.677836305400277794e+01
3.289236126486792244e+01
1.116530561599708143e-10
6.625477785878681516e+02
1.780579951181177023e+01
3.976299453528237660e+00
9.398949836002001845e+00
2.136169058740756910e+01
3.468920903807459410e+01
1.210598657265117215e-02
5.600705880766642508e+01
3.062930189926051128e+01
1.918614386113891968e+01
2.807728594500407837e+01
2.751167857859335086e+01
6.770592942991026320e+00
3.536714099536025202e+01
2.738505560404846939e+00
1.105065264711656425e+01
9.623989930313797458e+01
2.839548133680105835e+01
1.536679884076374769e+01
3.409334863872789114e-112
0.000000000000000000e+00
1.841501060158156520e+02
1.185228044248397055e+02
0.000000000000000000e+00
0.000000000000000000e+00
9.494387368671357308e+01
4.161552206652321502e+02
1.022986256607768318e+01
1.124688585573860564e+02
2.243977120955638338e-01
0.000000000000000000e+00
1.687666632503845904e+04
0.000000000000000000e+00
1.508393801792655975e-01
4.543356341460251802e-01
1.190909852058688011e+04
2.784376900659781384e+00
1.499540283358923309e+00
7.097461672407560929e-02
9.628506210955741551e+00
3.430202044073215273e+00
5.203155490770315694e+00
1.369147663102366863e+01
6.083685318681281151e-01
7.365459049727367258e-02
6.379406540211801868e+00
2.504148160188294980e+01
1.523177094992128211e+01
9.345062838547296025e+00
1.117669162080990652e+01
1.717563412218149210e+01
3.438643263842794084e+01
2.036151002784980690e+01
3.567463177828324916e+01
1.186249642725194775e+01
3.743134257077486704e-01
2.451068055218413022e+01
3.741923040810497980e+00
7.118954746388419963e+00
1.906108312284712447e+00
5.113549691234975825e+00
1.369592744059950906e+00
4.554289808725073664e-04
4.998882082330832866e+00
8.967023877157700440e+00
8.952943713572081697e-37
0.000000000000000000e+00
6.135503413392490835e+00
1.092364405578411102e+01
2.536601372473943741e+02
6.281510095293926099e+01
5.426197987107243392e+01
1.977264260571648720e+02
1.555150824208085680e+02
6.588666539852122028e+00
6.636888192144661502e+01
2.667808543313366272e+02
3.917456560851015723e+01
9.320819883749314272e+01
7.434961629082663137e+01
1.367442865389425322e+02
4.536124914755152560e+01
9.062934002835442016e+01
3.878983855176993956e+01
2.757146565004467220e+01
1.948732739487724430e+01
2.556257264530469087e+01
3.245204979377412968e+01
2.564336332993510226e+01
1.852448620136694757e+01
2.252059178442041087e+01
1.017716180631589573e+01
1.456420979978393149e+01
5.892762010369493986e+00
2.931844510243798396e+01
1.613163284439011491e+01
4.857928021511122907e+00
2.852922004992661087e+01
4.333771250295311006e+01
1.465490111616887781e+01
1.267283047096229076e+01
2.129546259477655212e+01
1.646059734297162080e+01
1.468827238571885196e+01
1.735486900736918159e+01
1.116241961204193878e+01
9.589162243809759900e+00
1.587759483065456578e+01
2.171422040159519540e+01
2.352249746501433947e+01
2.219304940321548258e+01
3.045742567992659744e+01
8.233521907452458777e+01
9.797108461483655228e-04
6.204674690380800328e-01
4.146326363084198996e-01
1.272614138672111896e-06
1.019075246988502270e-01
8.140306293339409638e-02
1.523435274292546937e-01
2.846312172580896060e+01
2.176730836285253989e+00
1.431303299607043833e+00
4.660401530466440345e-01
6.073868206286993754e+00
7.544792583922903528e-01
1.775925382790037421e+00
1.273745193909468289e-07
1.820076397605113663e-04
4.317185618639283184e-01
2.962101507040423076e+00
3.106566554109685629e+00
4.869290500990442183e+01
6.536435619859348662e+02
8.485498170820782207e+02
2.371664318177402109e+01
5.591984456704155093e+01
9.327774625670505415e+00
1.064567622918655587e+01
7.350125807430848113e+01
5.459059145669987068e+00
2.951307340117069078e+00
3.773272316934379234e+01
2.946447102209622582e+00
1.529627604489088810e+01
1.591563449125803054e+01
2.385954906726154423e-16
0.000000000000000000e+00
0.000000000000000000e+00
0.000000000000000000e+00
3.857683406031400730e-275
2.990721227309978211e-17
4.700567685772050908e+01
2.339497711899913668e+01
2.241151827777919436e+01
1.662027199637886099e+01
2.016973502784395933e+01
1.403837144244777946e+01
2.789630849437888216e+01
4.579341305605166923e+01
1.202221066240228886e+01
4.786535456447439767e-06
3.009480254533238863e+00
2.705224460331559833e+00
1.454325024521236287e+01
1.210680405741709897e+01
6.352452511889966402e+00
2.998529830415231245e+01
7.286301286811650790e+00
1.403963014118339103e+01
1.220267858613158829e+01
0.000000000000000000e+00
3.473079258639751856e+02
6.357334821313726181e+00
2.894829904588420901e-03
3.838734747296077094e-13
5.080227850246901511e+01
3.733495717442245621e+01
2.952383754230533978e-04
0.000000000000000000e+00
5.389369026981654098e-01
2.233179948102437251e+00
0.000000000000000000e+00
1.474446918281420551e+02
2.024667553691327271e+01
8.621766033256436756e+00
2.744634380324465717e+00
7.343493601606974064e-01
4.493650692529578095e+01
6.420927095658581152e+01
2.755067745536392110e+01
1.777366673384364759e+01
7.762291492506566470e+00
8.645103126138321841e+02
8.360853975009527872e+00
0.000000000000000000e+00
0.000000000000000000e+00
2.409967190481246178e+02
2.882804275188595966e+01
1.924465953797939166e+00
9.113761117557585578e+01
1.254737798399603399e+01
1.618740141336784788e+01
2.112578098780582732e-05
7.890826142409411936e+00
2.118317797750021825e+01
8.289584091985090516e-15
0.000000000000000000e+00
2.337315815802893398e-12
1.124383663228992276e+02
1.736967660496339446e-259
3.334511262136697241e+01
6.911490359926260929e+00
1.009475080997497543e+01
1.743214644958773718e+01
1.258448115991882776e+00
3.254057555449410888e+00
1.126104304376068654e+01
1.760618695696812841e+00
1.067216154721919139e+02
0.000000000000000000e+00
3.381331977719728911e+03
2.137916959417135487e+01
0.000000000000000000e+00
3.539684570081053777e-02
2.431278376454309509e+01
4.542068715826781755e+01
6.021786262563740166e+00
8.974068664518906502e+00
2.984074304923124643e+01
1.496853884824413328e+01
1.945634056110197463e+01
3.842782537956797029e+01
1.686287508878216101e+01
1.615851438528032347e+01
1.184896423991725101e+01
7.017652082537904512e+00
1.427376274372980980e+01
3.627839389882949916e+01
4.679400812635200424e+01
2.939989255794406375e+01
7.641822484236489288e+01
4.100719826346747254e+01
7.022973258266509866e+00
1.176604387666059282e+01
1.313739392693974395e+01
1.145893359492393415e+01
2.858410514068932429e+00
1.065808053300036384e+01
1.125288306674987027e+01
1.423746513906516631e+00
1.433568592097932815e+01
9.530487432224992617e+00
1.882423763334438505e+01
7.387124853032161376e+00
1.036551158730113009e+01
1.053166818340235622e+01
1.105884205549971355e+01
4.501992441317227645e+00
2.156712043794287492e+00
3.170774772774873185e+01
1.366120753892760931e+01
3.407224771712637601e+00
2.329034841395822397e+01
4.836147782833051245e+00
1.065871994675385892e+01
1.484144700125692928e+01
1.143272648225472921e+01
4.992999241635034835e+00
2.424092854023141896e+01
1.019774662337430549e+01
9.176953498508538587e+00
1.436453012549748109e+00
4.699579462411277220e+00
5.611094270651298288e+00
1.092338845278708170e+00
1.021150418506613228e-03
1.112869737362384548e+01
1.472356945961582042e+01
5.833243593556753126e+01
3.101205508589729476e+01
4.615240444826303445e+01
2.882874945236916275e+01
1.742112008831080772e+01
1.488043991252749443e+01
2.090972726609069809e+01
2.156692410000966120e+01
2.791664699843522612e+01
2.399829390687868269e+01
9.278166194174874981e-01
1.029279769167106195e+01
1.892666012080007221e+01
8.662479632724664924e+00
8.922782153256722637e+00
6.777127786194792947e+00
2.476937998277278652e+01
2.484465959962497195e+01
6.682597613596374941e+00
2.151962065534708657e+01
4.055685025010764377e+01
1.550757350244619914e+01
9.666389745723471094e+00
1.147849087636235410e+01
9.623483288039999195e+00
2.502557616774356575e+01
2.946043576389186214e+01
4.917763328481510854e+01
2.950383765455359963e+01
5.360067127956274646e+01
3.454471215509681059e+01
3.612635328597289686e+01
5.898026145773783924e+01
3.632040693159748201e+01
1.890738753538609274e+01
4.049217027491369691e+01
2.557122094362726017e+01
6.021792750988840481e+01
2.354199521443046095e+01
1.920309798182419314e+01
1.936501261082663916e+01
5.640496812492957091e+00
1.963055994354418843e+01
5.621023113610397814e+01
4.917328772040817597e+01
2.118681027378087833e+01
1.169456768386156043e+01
1.372268315764893316e+02
2.353788761072689795e+01
2.898779332321377566e+01
2.667482399354033262e+01
5.713185844756171861e+01
3.833665910708441871e+00
1.903883059851821713e+01
2.523219246864008625e+01
3.140348198299126992e+01
1.288888456417694073e+01
6.353686173373120027e+01
6.062525695427528838e+00
1.133250543561845625e+01
2.535846462050798777e+01
1.309177465611997171e+01
2.636997925325219683e+01
1.076700787938379378e+01
2.199877082436455566e+01
2.404402822102120396e+01
1.180600514461383632e+01
1.898243511474269951e+01
1.010489134647765752e+01
2.903759943557448153e+01
1.301349136192635214e+01
3.338117756754609644e+01
1.661507923147057308e+00
2.164543928188443900e+01
1.756556181371619729e+01
1.994568600668139879e+01
1.584284024254080059e+01
2.090396188478767669e+01
2.107224818742687589e+01
2.724509699517644634e+01
1.999552311420589978e+00
4.684306175498454294e+00
1.056125402806450353e+01
1.958062310806616679e+01
8.831423440297234251e+00
2.270882842519012712e+01
1.000776831289050328e+01
7.335069298520166647e+00
7.872409679904051494e+00
1.440973458354451253e+01
1.360184651888315877e+01
2.403380357538002343e+01
1.074883485293910113e+01
1.554688898546968900e+01
3.070537422934074101e+01
2.233642181799509530e+01
6.934783384311121779e+01
1.932409325624365692e+01
1.369043247702156805e+03
3.248813080591621656e+03
1.843833155042813410e-06
5.770800541327114402e-04
1.321763998461217903e-52
8.340106221601259051e+01
6.061311122590530687e+01
5.204172493559358372e+02
2.498442708335671369e+01
1.107325006531933020e+01
3.223690788146274855e+01
7.134596379528062471e+01
2.304771822099445412e-30
7.768265035434136223e+01
4.355331798985741187e+01
5.577177431397886949e+02
3.503182124084566112e+03
6.585473575463295148e+00
4.448590510410768140e+00
7.403728289798498281e+02
1.049307074866191272e+02
2.471544632449222831e+02
2.543147320911358733e+01
1.525060474926517031e+02
1.324007041454838600e+03
5.172644232821145494e+00
5.604060630940082665e-31
0.000000000000000000e+00
0.000000000000000000e+00
2.391348087424964604e+02
6.316194673476185528e+01
3.408108493399234931e+02
4.550418465364389320e+00
1.290271318153658475e-01
0.000000000000000000e+00
0.000000000000000000e+00
1.542780020375920991e+00
1.690514543142610400e-47
0.000000000000000000e+00
0.000000000000000000e+00
1.681144041510271216e-04
0.000000000000000000e+00
0.000000000000000000e+00
4.300053887466586061e-308
3.662886334554209994e-57
6.773622812926561210e+00
1.012124847702759922e+02
2.829235523505197492e+01
1.776339139281942892e+01
4.921896498178039009e-02
5.057796554736272016e-02
4.436135167045985206e+00
1.190109561582608677e+01
7.549335227807537407e+00
2.341037733184710845e+01
5.965195827268498618e+00
3.334492644296708619e+01
1.451223612370036520e+01
1.233509828292189692e+00
7.795778801518343570e+00
4.713058230701583540e+01
9.689017010542330111e-01
1.131869962184744338e+01
3.985305222361625876e+00
2.620448697820734907e+01
5.741581601343864527e+00
7.475216975196355307e+00
2.608318711886440155e+01
1.172042370601621819e+01
1.178969018970445504e+01
1.491877229075370570e+00
1.408001882573994834e+01
1.575130589983441354e+01
1.537540114938051161e+01
1.017618422611329621e+01
1.045926449110567624e+01
1.532180609037557417e+01
1.059161795743719736e+01
2.470694987322684710e+01
2.193292595673064227e+01
1.161195484186975335e+01
5.420557865274843401e+00
8.026829253082134130e+00
1.424323457160241269e+01
1.081797895549473587e+01
1.839218051953515243e+01
3.355547212642628807e+01
3.385125169921162414e+00
2.052883903381911068e+01
9.011006880473190961e+01
1.245393819593766871e+01
1.260788282353538392e+01
1.081406263194679340e+01
1.894678340268802685e+01
7.456149233427841416e+00
3.690378692783335879e+01
6.506248827233167731e+01
1.538026658271946587e+02
1.349938427329916024e+01
1.589443154481494247e+01
9.272699649067972061e+00
6.676463970972564610e+00
8.247117017069598432e+00
7.034259102763746441e+00
8.117011201517119190e+00
1.100472858126414089e+01
2.505817041138262269e+01
2.000167854683989788e+01
1.278387181039694553e+02
1.638774882225713450e-03
5.948537622052688789e+01
8.367998563870909123e+00
4.443700431053494881e+00
3.396525176008661902e+02
1.772108432267081568e+01
9.434872617932438743e+01
4.718241418216883254e+00
1.348096309163486950e+01
6.601740201798144803e+00
0.000000000000000000e+00
2.042130299198113335e+02
2.258670499039032720e+01
4.662605120317719525e+02
1.921806696396740506e+02
1.909354822754222880e+01
5.920275532784957662e+00
3.515546514934889899e+01
7.412218638982955632e+00
9.338133022492243640e+01
7.672152926428730702e+00
4.548073567155356933e+00
1.017959762395501144e+01
2.079734128090738920e+01
4.276692569423182988e+01
8.828477224971166493e+01
8.726766526277177860e+00
2.809670570011869373e+01
4.437105262491834168e+01
8.704443173970128456e+00
9.226157519483070502e+00
2.114293907062324251e+01
1.392705600705958879e+01
1.464034983704572035e+01
2.915126256574230723e+01
4.154223499048600843e+01
5.637389779412274038e+00
5.187549040524127264e+01
1.112072017121872705e+02
1.251095179889593290e+01
3.580016465555212335e+01
6.624809346202944482e+01
4.167363820122364615e+01
9.103632636699533080e-24
2.153905684841710411e+02
2.580561741609805040e+02
4.629252485300893341e+02
1.124729464862466539e-03
2.998793287266247720e+00
1.384467489175137089e+01
3.295470163619583559e+01
3.317836571388863831e+01
9.175208382712369826e+00
3.013057968872125958e+00
1.577359580593355570e+00
5.717936163930403382e+02
7.684144751366203536e+02
3.375589174041736141e-21
4.452144163488251252e+02
1.048169770338490565e+02
8.613867107593395076e+02
4.103772499698843745e+01
0.000000000000000000e+00
0.000000000000000000e+00
5.522490231780500380e+01
5.323247454202216566e+00
1.029699613958261857e-03
1.525540595260893006e+01
1.904627634012531701e+01
1.737367551217747064e+01
3.526623164302592706e+00
1.888345708051744509e+01
2.311961415199076386e-01
1.851049977747396024e-05
2.823327932330606416e+01
1.282229070526963994e+02
2.893111619080704900e-160
1.579570134306414065e-13
0.000000000000000000e+00
0.000000000000000000e+00
0.000000000000000000e+00
0.000000000000000000e+00
0.000000000000000000e+00
0.000000000000000000e+00
0.000000000000000000e+00
0.000000000000000000e+00
0.000000000000000000e+00
0.000000000000000000e+00
0.000000000000000000e+00
0.000000000000000000e+00
7.793913096404278540e-02
1.333375253339351048e+02
8.883502055717630128e+02
1.257119541846064692e+01
1.985976334923151967e+02
3.766045069965378467e+00
3.184010814967121661e+01
1.051605200658373107e+01
9.700840228383057706e+00
8.227756756300419984e-122
9.933103153058139512e+00
4.027015750012009399e+00
4.759421998810650756e+00
1.001793445056304854e-01
8.877061062306497163e+00
1.332348141550082232e+01
5.513270537695293072e+00
1.675703008943684580e+01
6.457812263491568672e+00
2.942196965178695791e+02
2.011968104705094337e-02
2.752606399147972525e+02
1.260283676363547301e+02
8.460356347497443252e+00
1.270544830017180013e-171
2.790092467406082299e-01
7.807059731005410374e-04
4.250134080083906696e+00
3.201932936097809801e+01
5.892239148559544049e+01
4.577694568356823623e+01
2.954052328548356643e-01
2.642189349287887978e+01
3.402738726257732993e-01
2.682796314798163806e+01
1.051865370039215009e+01
2.588481246983494088e+01
1.902259404238422391e+01
5.360860205555756153e+01
1.645767082000890724e+01
1.233340353392696613e+02
7.928706176084551771e+01
1.575961935729993115e+02
7.737432880909755006e+00
1.464640490510433608e+02
1.203908629876264591e+01
3.716707046548298763e+02
5.549550239326309642e-01
0.000000000000000000e+00
1.866603158152310584e+02
1.672094386132258137e+01
5.876210045166355478e+00
3.050608654932273622e-01
8.172889610018991391e+00
3.384137203760628186e-79
2.863734995900913026e-09
2.823091264863997552e+01
2.007496597770108693e+01
3.269412032550431668e+00
1.064170993638272833e+01
0.000000000000000000e+00
3.167073448567537639e+02
9.998738366753407547e+00
4.874698736644230297e-19
5.119648509160830372e+02
1.014999545591860795e+02
1.193487780798857330e+03
4.219106301791887148e+01
1.224687008883462980e+01
3.517284464212361428e+01
5.082378102462491398e+01
1.288413651463932164e+00
6.827802577014537633e+00
6.329198086509517651e+01
5.253696093145133972e+00
8.059340357082348305e+00
1.920454268302861811e+00
1.179483806331562024e+00
2.432691918280276511e+01
4.216178841896288887e+00
3.975789593131389577e+00
1.544227447048193369e+01
8.426439543375337848e+00
1.170031005929064804e+03
2.018806704518937920e+02
7.213157065022879806e+02
1.408872193999709679e-12
0.000000000000000000e+00
6.421340823816458473e-57
3.769564019279800959e+03
2.243000523928807777e+00
3.219695458608833150e+01
7.964629234598731067e+00
1.414379584734058799e-26
1.750882941602710829e+01
1.436079720675321081e+00
2.410508806953895089e+01
1.629883533512541760e+01
1.497841924400230162e+01
5.426383612511914478e+00
8.785384604389577134e+00
4.494080693456866271e+01
8.732693651480349928e-01
6.481132284415330957e+00
5.513595988840550355e+00
6.570768391801075836e+01
4.141581577735599495e+01
1.130426542065498374e+01
1.398828645147965410e+01
1.928745553589953232e+01
3.311354700241131610e+01
2.608118879192645068e+01
1.319110480480518000e+01
8.595971450325679086e+01
2.330908881059358961e+01
1.691961849654104100e+01
7.323790516887926039e+00
1.191723712840918559e+01
9.973882356236474678e+00
1.020856102614710714e+01
1.575829998944375276e+01
1.160119470768654182e+01
1.410393337001220182e+01
1.669136750336258146e+01
3.779757832315602251e+00
8.246639583280121144e+00
4.183379753848184279e+00
9.241041488748917843e+00
1.520644961022332486e+00
9.930847954114963017e+00
4.171683951793261791e+00
1.145374205557610026e+01
7.875360840637225301e+00
8.060556036804241486e+00
1.088991275743042486e+01
9.329610740742499075e+00
1.233953898960834827e+01
6.474086152350033707e+00
1.401714740161366990e+01
1.354663530306551777e+01
3.308907828800944362e+00
1.374999469993137424e+01
9.656889843923384120e+00
3.069742098102259842e+00
1.421406931983469413e+01
5.977297584949173626e+00
1.032456827237458619e+01
1.236780169373392546e+01
4.088093848225003768e+01
2.695546557376727748e+01
1.412468294362559362e+01
3.250350395758872679e+01
2.273387172442280928e+02
5.891527902120400562e+00
2.773979300606341525e+01
2.217321637457136774e+01
3.556297735783698677e+00
1.533418294428731201e+02
3.509675075007265832e+01
2.717277155818889511e+01
1.964379883868836885e+01
1.027163820329072905e+03
7.139737741529189481e-22
3.324141401793117567e-01
0.000000000000000000e+00
1.373374922611173332e+01
1.003985182886772520e+02
6.603412126034597253e-21
2.344637665950657685e-04
0.000000000000000000e+00
0.000000000000000000e+00
4.856171636560319341e-64
7.782927334349353998e+01
7.655766115892855339e+01
1.448696368073480244e+03
2.418767906928465550e+01
1.314258720663809754e+01
8.573712857607999283e+00
7.474850935209111036e+00
3.262063798446050100e+01
2.935271644609191455e+01
1.581450459374701722e+01
1.085479287515842906e+01
8.370096031116398549e+00
6.793246422372239302e+00
2.434630131784015550e+00
2.238482435169506068e+00
1.939183129436331754e+01
1.182450350974450970e+01
1.132140116389192208e+01
1.629906463656817550e+01
1.063797406551158886e+01
9.146254360144759232e+00
1.747239974528963558e+02
3.114461491190527731e-01
1.387732864687409640e+00
3.693384902128388769e-01
9.142378748605226590e-01
1.120863341360685972e+01
6.947469956318848006e+00
1.068782282069542333e+01
4.451068194902612518e+00
1.171822483742183607e+01
1.972469773337084931e+01
1.213154005190122042e+01
8.481134621438506827e+00
1.527836814641642604e+01
3.675252985762553326e+00
1.264785674361206169e+01
8.590285423362388428e+00
8.229850050157542896e+00
6.931680899746504032e+00
7.701970418811749930e+00
2.564764163391856311e+00
7.913831683717134524e+00
4.582746092960929829e+00
6.565681714691200099e+00
4.282896222064407787e+00
1.072286351140254190e+01
9.342750763238003131e+00
1.230810744054698880e+01
3.060711551182268231e+00
2.883758370754563316e+00
2.881546304396293223e+00
1.278866022297918903e+01
6.499118079041854124e+00
1.416221562259567079e+01
1.000467957871339841e+01
5.302452849062812668e+00
1.307514153909467680e+01
2.170060408620603809e+01
1.285847930613219425e+01
1.654842122602376975e+01
1.595594830696537869e+01
1.151316036152979549e+01
9.775546331907923658e+00
1.816391664015781560e+00
8.014403521924409191e+00
2.852863743941220775e+00
1.308916553584897358e+01
1.333320797753213149e+01
8.535116502802315708e+00
5.935258633475645418e+00
1.726640311214850243e+01
8.092740247195409964e+00
8.631188135437403375e+00
9.907228111539403415e+00
9.580361666711908697e+00
1.378116020325539814e+01
2.568319571696609405e+00
7.198689878096674377e+00
1.712431641878509581e+01
1.334378165093569812e+01
1.963343674597004096e+01
1.161790258797853781e+01
4.518579535608703068e+00
2.682079399586516644e+00
7.639297522230795323e+01
7.706223240993227819e+01
8.585237831021714783e+00
9.052939152275436996e+00
1.477580508167466000e+01
8.174055290350406011e+00
1.276372736944029107e+01
8.976616231806154644e+00
1.436262698551554173e+01
2.578722789298688411e+01
6.098322675759943579e+00
2.690001452022853812e+01
2.460922032267501081e+01
1.277401368779064406e+01
1.993801828850822488e+01
5.210466346905787693e-01
1.786019775161781453e+00
7.481628379420812713e+00
9.907088462146383279e+00
6.272896181660648551e+00
1.320382668736893628e+01
9.063276711756868664e+00
8.259103824740813948e+00
1.277813932393816110e+01
8.309550004455380778e-02
3.996106764174979009e+00
3.245399673128951168e+00
2.069182336992922089e+01
7.304291499478621219e-01
2.351640451106293384e+01
5.091385901445445727e-02
5.451632125396785433e+00
4.807689324806463382e+00
7.925238626269315301e-01
3.125256669509291640e+01
3.676357553803740075e+01
7.111143468195170669e+01
2.380328804708877399e+01
2.759252823175223135e+00
7.737590124706556161e+00
1.889114526601065336e+01
7.807393291042168393e+00
2.555247606964568519e+01
1.936031686076084313e+01
2.182736893712411330e+01
2.928674280741246605e+01
1.165062840282280199e+01
4.338635155037632529e+01
5.476731969232714548e+00
4.569791039213255246e+00
2.101747548524344467e+01
4.492027358304645901e+01
2.333650623636040393e+02
2.779406300901364375e+02
8.157083130559033179e+02
2.967742946727038955e+01
9.218263468877850642e+00
2.466853116009287206e+01
1.611451093531420042e+02
9.220284471864720630e-07
0.000000000000000000e+00
4.391064269789694829e-02
5.126466604881245281e+00
2.947193784051824195e-01
1.338001283412607911e+01
4.237014966002338845e+00
5.262181068941947093e-02
4.205114292768687534e+01
1.731797130895037284e+01
6.268531362351330571e+00
5.547667344872893036e-01
1.004605611541081700e+01
5.013326613461082104e+00
4.697432511768479202e+00
7.911764619920617081e-01
1.763558514595102156e-01
9.682042013682000459e+00
1.310160468606661510e+01
1.815040879005980301e+01
1.032958687167875311e+00
4.534219610894670249e-05
1.140686245551053446e+01
2.786070329148035429e-02
3.453015469586338426e+00
1.440265612751285562e-01
1.326060570897207969e+00
1.889060524469106639e+01
3.357715358573536424e+00
1.214053257660506091e+01
9.038767705649076944e+00
1.007311167566692506e-01
1.235793865351328402e-02
8.223825273507383571e+00
9.322126543524055647e-03
1.640028338236379835e+00
4.218130630122499447e+00
1.458048295341847211e+00
6.127042143010823949e+00
1.130819124782806995e-01
1.134509051487795128e+00
1.630313163738713378e+00
1.075514746211017858e+01
9.044478461488934199e-04
4.014907163393051981e+00
1.640288986110446823e+00
7.843963855968872911e-01
9.175946393727766548e+00
1.190839457583952710e+00
5.350227032197338417e+00
5.540178594474316043e+00
3.818255475633317575e-01
1.515007319214506376e+00
1.486503282375292390e+00
1.282121518478999966e-01
2.925793772432710993e-01
2.318603255684849955e+02
9.566649150219581621e-01
5.255163109506452201e+01
3.028325075118927678e+00
2.772017435263149476e+00
6.279997973171250747e-01
7.290628222140812298e+00
5.107347427557001218e+00
2.312346889465959898e-01
2.447312861967625708e-01
3.054171833360964428e+00
5.352171647447351965e+00
2.092814267509070625e+00
1.636099540307091038e-01
7.087007639658868818e-01
2.339800609792243691e+01
1.600342604080078557e+00
3.982543698492084783e+00
4.288184009805920960e-01
1.605933714116084765e+00
2.948330594350693223e-01
1.869077190341428829e-01
3.916353630363123894e+00
1.642286029675265602e-01
1.165178253470176672e+00
1.095497715023829421e+00
2.741615969718277146e+00
2.228846229818159386e-01
6.618940160709491094e-01
2.929469223062096894e+00
1.650128872385470347e+00
3.437999229981783533e-01
6.332202867317527906e-01
2.833109993337237853e+01
1.191405534015892442e+00
1.376090684544215126e+00
5.403315330369528269e+00
1.418569903601966153e+01
1.322857218036483382e-03
1.111540130216886579e+00
1.471614445199386800e+01
1.867537254950668579e+00
7.489616406445837704e+00
6.530363728429911419e+01
3.472121896958644705e+00
3.510350138893005505e-16
2.418326845266400405e-05
5.293980921732345524e-02
6.185773517130953580e-01
5.605272090763272981e-20
4.310706458819272280e-01
6.171092556249534455e-01
6.505036365103298301e+00
6.837647298331719803e+00
1.493162907519292659e+01
2.021355466941794909e-01
0.000000000000000000e+00
4.174938348273163902e-01
3.562473048394595665e+00
6.954935269421705923e-01
8.600828890252262937e+00
9.883179718517242307e+00
5.692886245352239971e-01
5.301827033582215964e-01
3.515330282781862437e+00
4.320078928188670453e+00
4.869863926729946224e-02
1.654180633034493919e+00
1.319697540678796965e+00
5.453717918743069548e-01
2.561492469496124080e+00
2.036699820087983781e-01
1.348387152475844619e+00
2.992621985455891087e-01
1.109593468715685052e-03
3.244792850255998395e+00
1.232104719702267737e+01
2.238568721344741164e+00
1.939498148020786905e+00
8.986481206921800302e-01
1.682875454912528213e+00
3.430046803565258706e+00
1.939965879891443423e+00
5.358445437536485390e-01
3.765673449748631052e-01
1.869965688147881266e+01
1.137907871921950836e-01
5.714806327421854348e+00
1.143935033860324468e+00
4.592187762435225196e+00
2.185593893688818845e+00
1.377997230973310172e+00
3.185216959994159880e-01
5.342916992845138324e+00
1.918932999466944622e-01
6.996676510156590645e+00
7.625240397321493280e-01
2.747012440313251869e+00
3.771072462595742358e+00
1.047962946807360574e+00
2.089034129415793917e+00
2.851946456984391087e-01
1.047673001701085127e+01
2.315693329474734163e+00
7.061554532895321090e-01
3.943738488453297553e+00
1.467930003410864659e+00
1.660346437126685171e-01
3.948181588789514418e-01
1.068421804976575018e+01
8.071418585382466038e-01
7.949090573343778887e-01
1.635831709381557975e+00
1.670703628657016493e+00
6.739576111443439099e-02
3.441944707074367837e+00
8.244350405583154018e-01
2.955033274470265425e+00
5.276530620576039610e+00
3.849194649259551237e+00
1.202695087369468396e+00
4.814385589955141320e+00
3.200287117551722238e-01
1.218371889842030598e+00
8.386028682020565839e+00
6.393226159105563911e-01
5.479274008923227690e+00
6.203708315612791457e-01
4.908290781672966396e+00
2.383580277158167338e+00
1.090906268782178001e-01
3.073136985272370558e-01
1.028601987362029124e+00
3.940093578907746252e-01
2.821644326914529799e+01
1.024051529181557729e+00
5.599826180348040694e+00
8.344025715784181285e-01
4.689351366639242791e+00
6.134960120325004596e+00
3.302852013161615696e-01
1.316256330250252349e+00
2.534680127785729375e+00
1.659339725240690289e+00
4.282934471186758962e+00
3.094767669400274368e+00
2.550208457185302799e-02
2.859280793463776504e+00
3.060215245926293459e+00
4.017936818165527946e+00
5.300882644346249783e-02
4.416689910425898979e+00
6.707311391456901584e-01
6.798131957851756280e-01
2.399151721613467902e+00
5.954935815540912322e-03
9.149561229273579510e-01
1.830043984036463511e-01
1.813730501560738284e-01
2.316601888415171888e-03
1.161152602442601545e+00
3.359667651205387795e+00
4.478487144258511132e-01
3.454201123780004323e+00
7.136611977998169598e-01
7.916566321052441735e-01
5.247149486893651016e+00
3.923608519568934749e+00
8.766983935985964038e+00
6.310491494868712969e+00
6.332499004131689757e-01
4.577535846787283980e+00
1.123611261436094022e+00
4.578452911554593996e+00
2.858940695537459664e+00
2.997915630823374311e+00
4.774289530292437966e+00
9.173673117546209399e-01
4.260363446491231443e+00
1.593578426620265815e-03
9.665923646768259658e+00
3.868709026388907013e+00
4.788629895550862714e-01
3.008683332959541268e+00
7.275989550137859752e+00
2.475572313270937297e+00
3.081194028157480336e+00
2.328875360244500592e-01
1.250898651312046361e+00
8.759504636002133360e-01
2.834151781454295360e+00
6.122276036285206224e+00
5.567487410232469180e+00
4.279681697035332633e+00
4.284491708111080877e-02
2.827806749939380526e-01
2.870321969850781585e+00
1.742474071847319728e+00
1.084150350003458385e+00
3.668311512159777799e+00
4.017187421069033926e-01
1.947633592791985446e+00
3.694687325923370347e-01
1.880754813021808358e+00
2.135331308310937537e+00
2.291039187121872711e+00
4.691950634939610049e-07
2.533861529015506875e+00
2.345028010809363517e-01
6.478228792735782449e+00
1.175844206878277021e+01
1.708720617224067553e+02
3.252474786328375167e+00
2.696992144975642702e+01
2.761989799293382930e+01
1.048169996955079775e+01
2.357633351912940327e+02
6.845831402880479644e+00
2.777497556364780706e+01
3.128364250233873634e+01
3.521661960917837320e+01
1.186331781641445104e+01
1.342870673460463316e+01
1.313803851457027605e+01
6.247617253494994571e+01
3.682400525079870590e+01
1.569353658305103068e+02
2.681161628349356363e+01
4.140548162154708223e+01
4.439056743700752605e+01
1.695370995893898325e+01
2.783882432288239528e+01
7.671756180897583377e+00
5.932733297456914556e+01
2.215124012115764174e+01
3.891086919041458714e+01
2.887164615130263101e+01
4.812851411380086120e+01
0.000000000000000000e+00
1.045434731348503192e+03
1.073948274682237809e+02
6.434302160527607395e-01
5.389945340891436899e+03
1.710052659487733706e+02
7.150115254615413107e+01
2.495379234431298165e+00
9.638313515562181522e+00
2.732155200774373682e+01
5.386193677745853847e+01
