# residue i_ratio gamma_2
1.000000000000000000e+00 nan nan
2.000000000000000000e+00 6.116310620497962258e-01 5.478153472277045744e+00
3.000000000000000000e+00 6.807179111839781749e-01 4.100217267448802438e+00
4.000000000000000000e+00 6.776798516212816370e-01 4.155588657349875703e+00
5.000000000000000000e+00 nan nan
6.000000000000000000e+00 7.865254819336200409e-01 2.411243723058031918e+00
7.000000000000000000e+00 7.058508771465276110e-01 3.658371904022994059e+00
8.000000000000000000e+00 4.896099943576746605e-01 8.719034323553788823e+00
9.000000000000000000e+00 7.458401683398537818e-01 3.010123800534997951e+00
1.000000000000000000e+01 6.262244594207533321e-01 5.164886262913833903e+00
1.100000000000000000e+01 7.445793381544406619e-01 3.029614611989287720e+00
1.200000000000000000e+01 7.489873975866941924e-01 2.961727069228824227e+00
1.300000000000000000e+01 nan nan
1.400000000000000000e+01 4.623053830767139272e-01 9.642403314325855845e+00
1.500000000000000000e+01 4.483824911081232822e-01 1.014982291261957315e+01
1.600000000000000000e+01 nan nan
1.700000000000000000e+01 1.892314505106219291e-01 2.938879967007302696e+01
1.800000000000000000e+01 3.160553498197627431e-01 1.675820100579904093e+01
1.900000000000000000e+01 3.237876192072243753e-01 1.625180019283981991e+01
2.000000000000000000e+01 3.838728191550159208e-01 1.289799075611765744e+01
2.100000000000000000e+01 3.424343910471088770e-01 1.510787499318116645e+01
2.200000000000000000e+01 2.022986737761969522e-01 2.753421818100765606e+01
2.300000000000000000e+01 nan nan
2.400000000000000000e+01 nan nan
2.500000000000000000e+01 2.633275051281504242e-02 1.128534642915738146e+02
2.600000000000000000e+01 1.264956967062834947e-01 4.196197949418234430e+01
2.700000000000000000e+01 1.953559653324662970e-01 2.849607434005599771e+01
2.800000000000000000e+01 2.063020652092254770e-01 2.700218841078084608e+01
2.900000000000000000e+01 1.590498572982832481e-01 3.451951095301701855e+01
3.000000000000000000e+01 2.153532681337392007e-01 2.585572730174695977e+01
3.100000000000000000e+01 2.487019890333772576e-01 2.220288813415900009e+01
3.200000000000000000e+01 3.033279116751325111e-01 1.763701039839775220e+01
3.300000000000000000e+01 2.889056063179704648e-01 1.870765493339511210e+01
3.400000000000000000e+01 4.123600358454774240e-01 1.159556342442892252e+01
3.500000000000000000e+01 5.654822430793126076e-01 6.561013408046738604e+00
3.600000000000000000e+01 6.435259774784573006e-01 4.809682008283039600e+00
3.700000000000000000e+01 4.559225265084563272e-01 9.871764086696488860e+00
3.800000000000000000e+01 5.413169504228004802e-01 7.191578170748459620e+00
3.900000000000000000e+01 6.093044127879054805e-01 5.529310891467608791e+00
4.000000000000000000e+01 4.608405381284444435e-01 9.694563909757242470e+00
4.100000000000000000e+01 6.188551630269151227e-01 5.321460691591002323e+00
4.200000000000000000e+01 5.477547780598729377e-01 7.018888063426556911e+00
4.300000000000000000e+01 6.095456001749454122e-01 5.523991892073238930e+00
4.400000000000000000e+01 nan nan
4.500000000000000000e+01 7.871767228446968634e-01 2.402108640723930932e+00
4.600000000000000000e+01 6.773753047642940839e-01 4.161163502497531752e+00
4.700000000000000000e+01 3.385398036696509738e-01 1.533827196282350158e+01
4.800000000000000000e+01 7.960164158664071454e-01 2.279438297443096673e+00
4.900000000000000000e+01 8.469615255836843160e-01 1.617474194892813744e+00
5.000000000000000000e+01 nan nan
5.100000000000000000e+01 8.202553187396610657e-01 1.955268190158662378e+00
5.200000000000000000e+01 nan nan
5.300000000000000000e+01 nan nan
5.400000000000000000e+01 9.244887078583164941e-01 7.373278738610812288e-01
5.500000000000000000e+01 9.194988427094156203e-01 7.899202100826004935e-01
5.600000000000000000e+01 7.913563715971569934e-01 2.343800658694598305e+00
5.700000000000000000e+01 8.772932374618367390e-01 1.256381944685886376e+00
5.800000000000000000e+01 8.826334169249079320e-01 1.195132533449253964e+00
5.900000000000000000e+01 7.417248599435434242e-01 3.073959313179638553e+00
6.000000000000000000e+01 7.495832686914175591e-01 2.952604832572915949e+00
6.100000000000000000e+01 8.709856021129873671e-01 1.329601583890709149e+00
6.200000000000000000e+01 8.610816240915277753e-01 1.446521200342284708e+00
6.300000000000000000e+01 8.744092447016819092e-01 1.289741155246848514e+00
6.400000000000000000e+01 8.979856700527172331e-01 1.022724608750628539e+00
6.500000000000000000e+01 8.168302659780792840e-01 2.000025732445206650e+00
6.600000000000000000e+01 8.808119445831533723e-01 1.215948519877618983e+00
6.700000000000000000e+01 nan nan
6.800000000000000000e+01 7.735756286445961694e-01 2.595749739154370683e+00
6.900000000000000000e+01 8.256642239229941005e-01 1.885266509419224246e+00
7.000000000000000000e+01 8.722072487070687830e-01 1.315345880815603774e+00
7.100000000000000000e+01 8.298763505627729797e-01 1.831322168994512278e+00
7.200000000000000000e+01 nan nan
7.300000000000000000e+01 9.461547129121565813e-01 5.148236286564630282e-01
7.400000000000000000e+01 nan nan
7.500000000000000000e+01 8.795729552223094938e-01 1.230152369662167677e+00
7.600000000000000000e+01 8.169275752303812865e-01 1.998749470322157329e+00
7.700000000000000000e+01 9.464893831660352586e-01 5.114593129758497891e-01
7.800000000000000000e+01 9.687570195484055402e-01 2.923700123507722015e-01
7.900000000000000000e+01 nan nan
8.000000000000000000e+01 9.478116587133154081e-01 4.981881031756006384e-01
8.100000000000000000e+01 9.498722935174077620e-01 4.775732483880821277e-01
8.200000000000000000e+01 9.198380929953658969e-01 7.863281660198769840e-01
8.300000000000000000e+01 9.537968248683172945e-01 4.385359273097924060e-01
8.400000000000000000e+01 9.500226253613094363e-01 4.760724933005435755e-01
8.500000000000000000e+01 nan nan
8.600000000000000000e+01 9.407414805816608494e-01 5.695430492683360990e-01
8.700000000000000000e+01 9.299077501185156747e-01 6.807927342164401541e-01
8.800000000000000000e+01 9.201284949505383892e-01 7.832552463164985657e-01
8.900000000000000000e+01 8.430208911006689121e-01 1.666104515503971539e+00
9.000000000000000000e+01 7.549097700098877928e-01 2.871631996512066021e+00
9.100000000000000000e+01 7.908341128281106691e-01 2.351056208946343151e+00
9.200000000000000000e+01 7.377929293126864740e-01 3.135542745955079980e+00
9.300000000000000000e+01 7.778591081229092596e-01 2.534111462006221949e+00
9.400000000000000000e+01 6.789846696432003670e-01 4.131753510598148438e+00
9.500000000000000000e+01 4.912453809431697183e-01 8.666517901647059929e+00
9.600000000000000000e+01 nan nan
9.700000000000000000e+01 6.366184138497106293e-01 4.949461995754711019e+00
9.800000000000000000e+01 4.716940984947412541e-01 9.314638953037883695e+00
9.900000000000000000e+01 6.390909658346179967e-01 4.899122857658911201e+00
1.000000000000000000e+02 7.634070931445895436e-01 2.744546732600068761e+00
