# residue i_ratio gamma_2
1.000000000000000000e+00 nan nan
2.000000000000000000e+00 5.814782526370944060e-01 6.168735142147348860e+00
3.000000000000000000e+00 6.708956971482493703e-01 4.280833905179701304e+00
4.000000000000000000e+00 6.297450825930815954e-01 5.091219311924068514e+00
5.000000000000000000e+00 nan nan
6.000000000000000000e+00 8.151527030612710778e-01 2.022070894053919154e+00
7.000000000000000000e+00 8.696589286833074084e-01 1.345123848108294329e+00
8.000000000000000000e+00 8.292157550677816680e-01 1.839749755498130579e+00
9.000000000000000000e+00 8.118923021747577184e-01 2.065150449430025237e+00
1.000000000000000000e+01 7.571868694005687850e-01 2.837326144051650179e+00
1.100000000000000000e+01 8.077031738123086058e-01 2.120959509911707119e+00
1.200000000000000000e+01 7.490332112185110747e-01 2.961025245465749745e+00
1.300000000000000000e+01 nan nan
1.400000000000000000e+01 3.782347617742646828e-01 1.317502247960910644e+01
1.500000000000000000e+01 4.158397288515137680e-01 1.144674707543492609e+01
1.600000000000000000e+01 nan nan
1.700000000000000000e+01 3.540613708767219592e-01 1.444489026885432459e+01
1.800000000000000000e+01 2.687104508386668478e-01 2.035953446036484848e+01
1.900000000000000000e+01 3.035835228568937727e-01 1.761877619870185185e+01
2.000000000000000000e+01 1.579496724922307416e-01 3.473369337536614410e+01
2.100000000000000000e+01 8.067899686755686250e-02 5.882683622065810880e+01
2.200000000000000000e+01 2.222857019116219676e-02 1.223506856051846086e+02
2.300000000000000000e+01 nan nan
2.400000000000000000e+01 nan nan
2.500000000000000000e+01 1.411989088969475316e-02 1.492365214257971218e+02
2.600000000000000000e+01 7.745343043013611095e-02 6.050210071515433441e+01
2.700000000000000000e+01 1.114512478972967818e-01 4.641024046792595215e+01
2.800000000000000000e+01 7.220563352389521017e-02 6.343803343570852604e+01
2.900000000000000000e+01 1.013000959586702471e-01 4.992159896313557255e+01
3.000000000000000000e+01 8.570948635875162702e-02 5.638722366219289484e+01
3.100000000000000000e+01 1.281989834945624629e-01 4.150594733484644649e+01
3.200000000000000000e+01 1.306963567209840915e-01 4.085281489886416750e+01
3.300000000000000000e+01 1.048656334238632776e-01 4.863421400471914069e+01
3.400000000000000000e+01 2.036161819653434790e-01 2.735736174618958927e+01
3.500000000000000000e+01 2.328422404299338166e-01 2.383837408834148874e+01
3.600000000000000000e+01 3.803499299443671711e-01 1.307029247771602698e+01
3.700000000000000000e+01 3.819014107563186156e-01 1.299408546296824696e+01
3.800000000000000000e+01 4.692765630649316511e-01 9.397969499644306168e+00
3.900000000000000000e+01 5.571829819764232417e-01 6.772227558668547864e+00
4.000000000000000000e+01 6.424091402115237326e-01 4.832102973861934103e+00
4.100000000000000000e+01 7.805130499890585716e-01 2.496225704546066737e+00
4.200000000000000000e+01 7.227942015077167826e-01 3.375926607869186746e+00
4.300000000000000000e+01 8.114838755058433328e-01 2.070568887272727920e+00
4.400000000000000000e+01 nan nan
4.500000000000000000e+01 8.022685467800996229e-01 2.194140709981645898e+00
4.600000000000000000e+01 8.537105863898005742e-01 1.535126543961761403e+00
4.700000000000000000e+01 7.557457096026908294e-01 2.859016635624656466e+00
4.800000000000000000e+01 4.069642297839382028e-01 1.183053589745664702e+01
4.900000000000000000e+01 3.496680947039376153e-01 1.469114185007937934e+01
5.000000000000000000e+01 nan nan
5.100000000000000000e+01 7.397465376715183227e-01 3.104871671489034313e+00
5.200000000000000000e+01 nan nan
5.300000000000000000e+01 nan nan
5.400000000000000000e+01 6.475897589330840143e-01 4.728674232610512007e+00
5.500000000000000000e+01 6.357065128106988983e-01 4.968114361867032258e+00
5.600000000000000000e+01 4.549507671338700598e-01 9.907161609873782027e+00
5.700000000000000000e+01 4.851491543836597420e-01 8.863819868935257418e+00
5.800000000000000000e+01 6.123597034078474000e-01 5.462202352943251071e+00
5.900000000000000000e+01 6.025528296213674695e-01 5.679715510999716166e+00
6.000000000000000000e+01 7.032645231069379888e-01 3.702547909169872309e+00
6.100000000000000000e+01 7.088473069024491258e-01 3.607549364043921347e+00
6.200000000000000000e+01 6.532484531395514882e-01 4.617351991809409029e+00
6.300000000000000000e+01 6.023314583157274305e-01 5.684696855523902137e+00
6.400000000000000000e+01 7.834346246721561879e-01 2.454785192181067277e+00
6.500000000000000000e+01 8.892540089748779408e-01 1.120121728874782674e+00
6.600000000000000000e+01 9.321283128758824921e-01 6.577987821743902508e-01
6.700000000000000000e+01 nan nan
6.800000000000000000e+01 9.477436326319934601e-01 4.988700349881333707e-01
6.900000000000000000e+01 9.082333130679417499e-01 9.105830790204940683e-01
7.000000000000000000e+01 8.962797904403396743e-01 1.041617736973129871e+00
7.100000000000000000e+01 9.053880470020299054e-01 9.414885581033716200e-01
7.200000000000000000e+01 nan nan
7.300000000000000000e+01 9.825811679313292135e-01 1.609128861502883423e-01
7.400000000000000000e+01 nan nan
7.500000000000000000e+01 9.894573320707888975e-01 9.677419876951884325e-02
7.600000000000000000e+01 9.873476916341915599e-01 1.163655861699011140e-01
7.700000000000000000e+01 9.871732643675822372e-01 1.179888417743458345e-01
7.800000000000000000e+01 9.861876892720586874e-01 1.271706459239254905e-01
7.900000000000000000e+01 nan nan
8.000000000000000000e+01 9.724761878671366322e-01 2.566686661029911054e-01
8.100000000000000000e+01 9.512110786694299991e-01 4.642234165480371155e-01
8.200000000000000000e+01 9.751317878259501137e-01 2.313287174880205299e-01
8.300000000000000000e+01 9.763900198932569108e-01 2.193664377561902745e-01
8.400000000000000000e+01 9.762409980160512424e-01 2.207817530108127646e-01
8.500000000000000000e+01 nan nan
8.600000000000000000e+01 9.599921977427049447e-01 3.775020115547892408e-01
8.700000000000000000e+01 9.492618571061598454e-01 4.836716461936121370e-01
8.800000000000000000e+01 8.384233889726322442e-01 1.723361355354218860e+00
8.900000000000000000e+01 8.568975810423624662e-01 1.496647738114719184e+00
9.000000000000000000e+01 8.390369298451922919e-01 1.715687702314331542e+00
9.100000000000000000e+01 8.665021939627570724e-01 1.382230649111589882e+00
9.200000000000000000e+01 8.446018613988142132e-01 1.646545063561126510e+00
9.300000000000000000e+01 7.661352015870720455e-01 2.704279660355896731e+00
9.400000000000000000e+01 6.908634347945918908e-01 3.918430497426589998e+00
9.500000000000000000e+01 6.946032263433370435e-01 3.852607861628379649e+00
9.600000000000000000e+01 nan nan
9.700000000000000000e+01 6.544149817499104183e-01 4.594613955867078658e+00
9.800000000000000000e+01 7.388267992952456398e-01 3.119293294042912557e+00
9.900000000000000000e+01 6.308803047919974150e-01 5.067619321967647750e+00
1.000000000000000000e+02 6.871853717824835117e-01 3.983784928202800835e+00
