9.762056193970187223e+01
1.563444419574655866e-02
6.957142124808908257e+00
3.942948596190235661e-02
2.446515742218999236e-07
2.781448305598655631e-07
9.775746612787059031e-03
8.569414596169182621e-04
8.540176831062372582e-04
1.062932651855540954e-06
4.577986853065402073e+01
2.569997694870398974e-01
1.268368812928827749e+00
9.142582118823702197e-01
9.769202710712383109e+00
3.482358264794309889e+03
5.768148935062387750e+01
2.367944823580516638e-04
2.398505445237070717e+02
2.747737051230962493e+02
4.870592077638865067e-73
2.604528272519655019e+00
0.000000000000000000e+00
5.345325247414323751e-79
8.346070487933597925e-100
5.152351753908355806e-07
0.000000000000000000e+00
5.298948495818021911e+02
2.217468539379111037e-01
5.037249086204347304e-01
2.096528157875846010e-01
8.731928217111207147e+00
2.795122688322443594e+00
5.916765718168343931e-05
1.683391829620277738e-02
1.320254583420711336e+00
1.447048247924807818e+01
2.131074353686850387e+01
8.404050572220997495e+00
1.015450416970418761e-282
1.275350101566727545e+01
1.183366234806557893e+00
1.534857102358476055e+01
1.110701523965407489e+01
2.471217452212822963e+01
1.617255532119768091e+01
1.757392167458361953e+01
7.044926046798340735e+01
1.255238277353073073e+01
3.268011053864711357e+01
4.391678877117157320e+00
1.085199599574721319e+01
1.316083870375874376e+01
9.324685885581461164e+00
1.518461768650464450e+01
8.621262007083840828e+00
3.358241435017292815e+02
2.295930808949870450e+00
7.154709972782664629e+00
6.990464282901645454e+00
1.417097787380501828e+01
1.111422227946643737e+01
1.196740912322049866e+01
1.040618765539066004e+01
8.844682405241911738e+00
6.616224033103002000e+00
1.806967141606280691e+01
3.824892771429568228e+01
1.170793827300898113e-26
1.935590054445135166e+01
4.492726388038173368e+00
1.032361921153611695e+00
4.292774199559077353e+00
2.762193142476555963e+01
5.248638677269379382e-01
1.429006440202924750e+02
1.308607720825824856e+02
3.049227359015108441e+00
5.331410574807974451e-02
1.075638654187105670e-08
2.943767602963646146e-01
6.766966590350463303e-04
1.066611469827481784e+00
0.000000000000000000e+00
1.745468125276464795e-150
1.813117642115374073e+00
0.000000000000000000e+00
9.373462264815739218e+02
4.129398544349842126e+01
1.102931265315793574e+01
1.712774546034043890e-122
0.000000000000000000e+00
1.493236499919099658e-287
0.000000000000000000e+00
3.902397711546330044e-04
7.217469532448791192e+00
4.666404566785450903e-02
9.722245034756392679e-01
8.374206606627441829e+01
1.149982206011979855e+02
5.744237108374105283e+00
1.236241624199580968e+02
7.866312992871905330e+00
4.424302240870327552e+01
4.596871630115999530e+00
1.921431896591340376e+02
3.355780838065862692e+00
2.518213596742332427e+01
2.749332131891111786e+01
0.000000000000000000e+00
4.539860442192620118e-46
1.267267318256316315e+02
9.594937014628216687e+00
1.877670016040055998e+02
0.000000000000000000e+00
3.311102551902007463e+01
5.248816868322331711e-09
1.632526283837064796e+01
1.013504836969315477e+02
1.521290274345787674e+00
1.386847692613451244e+01
4.621334501706805931e+00
1.860774694526388728e+01
9.093077941260263231e+01
2.035893228955261236e+01
7.743058364079364267e-08
3.257705555235479267e+01
5.865812220202133176e+01
7.646951313808437511e+00
1.631105113808259333e+01
9.611716614628821986e+00
9.368949935887599390e-01
2.714197994333779729e+00
9.983432649923028590e-01
5.893526715733511168e+01
9.390553674161511211e+00
9.955654573696918419e+00
2.506080808490911238e+01
4.579528100087444727e+03
2.036619490797199433e+03
5.870165898661346660e+01
3.121492559488411089e+00
7.279157030129501873e-74
5.351429110260808031e+00
5.892428870248155590e+02
1.765861390305129675e+01
3.080735335275102127e-01
1.564748958615334296e+01
1.231474431706734407e+01
2.167772369415632028e+01
1.313277466168566754e+01
1.254354981409208536e+00
7.154140082639559063e-03
1.203100650999978960e+01
7.222837657978021753e+01
3.894961330573843128e+01
3.346586771584845366e+01
4.180591124803176406e+00
8.554849116603813641e+00
8.700071170723818526e+00
5.137747384000556750e+00
9.685434896305954666e+00
9.290537057486041306e+00
1.396411960927335194e+01
3.709531565210159698e+00
7.485111682344474993e+00
1.114223020369858119e+01
2.006196265241755228e+01
1.669288691362933674e+00
1.118374275653832406e+00
6.108912084173673485e+00
1.359289606447787158e+01
1.182098563748433406e+01
1.991260275743997710e+01
9.356791730608493562e-01
9.020704682576980105e+00
6.385104638202800942e+00
1.004840762262834097e+01
1.856484364891913685e+01
1.747517026792189121e-01
6.061126533916531400e+01
7.575858854903342099e+00
5.674749208010086754e+00
9.464168543649236653e+00
1.646263358040516778e+01
1.009675810746886171e+01
2.778543780107887073e+01
2.576576256368792617e+00
2.306241267294837982e+01
1.130595959770570369e+00
1.117550801597309196e+01
2.854374610032339632e+01
4.955593710131373797e+01
3.848521408633886914e-12
7.255086605595637117e+00
2.256110412852315505e+01
1.965920512874091344e+02
3.016142616901445450e+01
1.103526772824714675e+00
0.000000000000000000e+00
4.219778298402244304e-02
7.139693055515637710e+00
2.389607221373851331e+01
0.000000000000000000e+00
7.234823175578457111e+00
4.030119983991083288e+00
5.565152880430418492e+01
1.748965068396930178e+01
9.409168844818248445e+00
1.553715902148476147e+01
2.069333149041937148e+01
2.839592489416191867e+01
1.191199508496970871e+01
2.043046857177292353e+01
1.558054521953873746e+02
2.699111388119580113e+01
5.132587466516319097e+01
1.098510346765964840e+01
1.097350110705503745e+01
2.384893831717050006e+01
1.401465186939249286e+01
1.050972369688820152e+01
1.821008417662656189e-08
8.743186819501832474e+01
1.227631170302477770e+01
1.402150848719760745e+02
1.759068965757004984e-06
2.225467532886430622e+00
3.953621508825258246e+01
8.232394239357924803e+00
3.234236107481057498e+00
1.234147554640908595e+01
7.752617588490938561e-06
3.366699710452121685e+00
3.807581246453564461e+01
2.279088737464049075e+01
8.143513212313909122e+00
3.751157105779103329e+00
1.226391841352791268e+01
2.230991248143698158e+01
1.003139129983090605e+01
4.096717958754085487e+01
2.863128079768864520e+00
2.073647642314662676e+02
3.996825399287708969e+00
9.807644549567633874e+00
1.873034323956994029e+01
5.208553588940075585e+00
7.137642198806399847e+02
6.996933892277779954e+00
4.155243466427906185e+01
1.713134887044487592e-85
1.104735144232447455e-27
1.409193777190758556e+00
2.405846136791969900e-04
1.240263798090450464e+01
7.827358571630037565e-01
4.117722098909985107e+01
2.114954243396177436e+00
6.818262768641029758e+00
3.262496330769732343e-09
1.579326211582306883e+01
1.010811322814996238e+01
1.289274245827990883e+00
4.331175546580331335e-07
3.442531270088075246e+00
1.603842849627148581e+01
1.029668579477171875e+01
1.645096598982324565e+01
2.619284929532210202e-07
2.513950620490340283e-14
1.295375726542338443e-02
1.730985438152918868e-17
2.431905677103521953e-03
2.275758808127588059e-02
3.666680275851439547e-02
2.354246704626632687e-35
4.488548338097682170e-07
6.115004357171334175e-42
2.955402102226660332e+00
7.795117733819062700e+00
5.280422474664825394e-01
1.460744111110289678e+00
1.369051637244911568e+01
1.852904377974610739e+01
3.220701238617129203e+00
2.942335340883169614e+00
4.269787255566966699e+00
5.200703263691845019e-02
3.203336165348593764e-07
6.569240514987815516e+01
1.328237232422457836e+01
1.590836675240853815e+01
8.593470244781179490e-01
3.201452005829047653e+00
8.251782990891684544e-02
5.162365669316527317e+01
1.089118499396313444e+00
1.071553328795167026e+01
2.412452203713753462e+01
5.366852632877975537e+00
1.901656029712637519e+01
6.102465196085284482e+00
6.179559356689537708e+00
5.019373535144830534e+00
1.120583719026810599e+01
5.964269674548559053e+00
1.578758207658167878e+00
3.652541410447021519e+01
1.435784894060337002e+01
5.887975335146803602e+00
5.385225950946815665e+00
1.226501515578681989e+01
2.380151150403621144e-04
2.226472960615366503e+01
3.593932042299047058e+00
1.414477641830455823e-01
8.906812490337369728e-03
3.170589945658687792e-01
8.700905288977767160e-03
2.737497960128747331e-05
4.587504021026189192e-07
7.742051724808375805e-06
4.865314444849458971e-06
8.688621545463251494e-02
2.734240378015769801e-01
1.062046410444633885e-41
1.597030198051354556e-13
0.000000000000000000e+00
0.000000000000000000e+00
0.000000000000000000e+00
2.586066716808927204e-02
1.577628869881506956e-39
0.000000000000000000e+00
9.161981337633143596e+00
2.056369094995775626e+01
2.048740336406369877e+00
1.925308233376741930e-12
3.851101694770633799e+02
7.907814564175478722e+01
5.640343955818345734e+01
6.725579039586055785e+01
4.544233921736103810e+01
8.454214678930796367e+01
1.131772324103094896e+01
1.893545698774481778e+01
1.050979417724222918e-07
3.079549749929194835e+00
4.952546706781350703e-05
2.661935552223109736e-01
1.912578023959559559e+00
2.922162391657080402e-02
6.930974118111291604e-01
2.991613704103910365e+00
5.266202306523927179e-01
1.036831108263037288e-01
9.712995781688611135e-10
1.684189899732198903e+00
7.877323199647430409e-05
2.156616908413394942e-03
1.489653048191433182e+00
5.681639902522942695e-26
3.495056484649197088e-08
6.227282107217416707e-01
1.076859406886301542e+02
1.341457946517503164e+00
4.138045008550117997e-03
1.201846493505476232e+01
2.846807820105824050e+01
3.815570286029885548e-04
4.996283899604856416e-01
2.649995445118986837e+01
1.424592331903155795e+01
2.411386187899985956e+01
1.941200917640336365e-01
3.988997408668746658e+01
8.218683369667713734e+00
2.005983631274968388e+02
5.358907509260808055e+00
3.152011942627651417e-09
2.275763284452357316e-01
3.112888869723755558e-01
9.094451662664472025e+00
5.504869651076600867e+00
1.127236265171746316e-05
6.409395970370372453e+00
1.725798615355931815e+02
0.000000000000000000e+00
0.000000000000000000e+00
0.000000000000000000e+00
2.740712465564634499e+02
1.155843381555743177e+00
1.494685830376589752e-01
2.879878564777954564e-01
3.251270911942292785e-01
4.782920031889518753e-01
1.350753373271401792e+01
2.686023036552612098e+00
1.377237026815537835e+00
1.982754431555480423e-01
1.681793376380676719e+00
1.154708840937070136e+01
3.474602024575976777e+00
5.504687244525911183e+00
1.460998337086528986e-01
4.950948672596654276e+00
1.870223429345526824e+02
2.354547966697266570e-01
2.676623033684685836e-04
1.725473410426156207e+00
1.280920820792545434e-01
2.038851779128995290e+00
7.024692191915933392e+01
7.500127059240455085e-02
4.598459631077157184e+01
1.487601677365491781e+01
3.071804760757165909e+00
1.194952385136192896e-02
1.014267326261534541e-01
1.758894389497072666e-04
3.833752854105245245e+00
4.208998526617214964e+00
1.705635034825418728e-02
1.688877595239141938e+00
9.164174023256670409e+00
5.986961345733557234e-12
1.373222009938683194e-02
2.112995099504486483e-10
7.461457637584951286e+00
1.867136682176839102e+01
1.272640893087592815e+02
1.370973346033754758e+01
3.396162219725824372e+01
1.355796255102889525e+01
5.614467315797120364e+02
4.583616901327987136e+01
1.781032794048965684e+01
7.909067927677495113e+00
2.572089087048931333e+01
1.451781499900266503e+01
2.289308328673709170e+01
2.245079199419261329e+01
1.043627261791329808e+01
1.686052672560327981e+00
3.442789731341967752e+00
5.135564635012277002e+00
4.415961045731496881e+01
1.766022626547948562e+02
9.876718924187490245e+01
6.515285799197036987e+00
5.781496386483566994e+02
1.213845708334583584e+01
1.729307897046119891e+01
5.436585368663210716e+01
3.396386823011642075e+00
2.361118777366166555e+01
3.346367186278464345e+01
2.429557786539399800e+01
1.033202572089249038e+01
1.156138869153846471e+01
8.999746764662695853e+00
3.204728756938952206e+00
1.260777383882458969e+00
1.698213227441356210e+01
1.100594486848132014e+01
4.850543069312116984e+01
1.435344828309959730e+01
1.203908722219555827e+01
1.443765529431461658e+01
1.478640588247402965e+00
4.493240687584727766e+01
1.271870020258244693e+01
6.761596924100943262e+00
1.443518298424867474e+01
2.116994692841286252e+01
9.219134912764587853e+00
1.574620904082243378e+01
1.620719119668003216e+01
8.835243415114275578e+00
2.434516391560577731e+01
1.261017672712498161e+01
6.118839738620163615e+01
3.172764781015271751e+01
1.428982874983622509e+01
1.342459239575163288e+01
1.308447592981455720e+01
1.866032699650375548e+01
7.362285004308956715e+00
3.816132029813640969e+00
1.224537288314915706e+01
8.867142035278520851e+00
2.643753520115162292e+00
6.766156203003776071e+00
5.411578352707097750e+00
5.197110967548600691e+00
1.545320256257883429e+01
4.359613745639732940e+01
1.680542155459556142e+01
4.605599717620617639e+01
1.118728425451254616e+01
1.858804913219750787e+01
7.089705526526567780e+01
6.732563583089099524e+00
1.402514488983236518e+01
4.280849086180197105e+00
7.422055041564829203e+00
7.927389917061743674e+00
1.701541641821692608e+01
3.865434925387963627e+00
1.677395108364913057e+01
1.444639925794263746e+01
3.952105856815014562e+01
1.074227170006119891e+01
1.629613454097779979e+01
9.559850823064378389e+00
8.551751720281814073e+00
5.149839895293959913e+00
1.296866290264430610e+01
1.054118587278530939e+01
1.123653496660993056e+01
3.979682698131158958e+01
2.284387243961753633e+00
1.411069593131171640e+00
1.259872740995153784e+01
6.170587975212163734e+00
7.750136298057800355e-01
3.023629386334314439e+00
9.894694315438233190e+00
2.215196857027007127e+01
2.656615497020709538e-01
1.870002063042996709e-01
2.769595496317192840e+01
7.757871543118287860e+00
5.690425068593106595e+00
2.455713068556964362e+00
2.560718925151371650e+01
3.896734152935652928e-134
2.021683388352280630e+01
1.125990733062887728e+01
9.815714827134652865e+01
1.017144198665103687e+02
1.105943537674636218e+03
1.504328091780772922e+02
1.397481343361273787e+02
2.243594282147888919e+01
6.584663489946309767e+01
9.093542246055389455e+01
1.177666957558619920e+01
1.022936023128983685e+01
4.615205094803796726e+01
6.302940916999111209e+01
1.888730019480309963e+01
1.920362059938699133e+02
3.008365472242291894e+00
6.525081916591558340e+00
6.482869426219944664e+00
1.253719914509867084e-01
1.411620681779180586e+01
3.182193219992550670e+00
8.061277367637907787e+01
9.052692943015948401e+00
2.094311029079958253e+00
9.065654221097094734e+00
1.234112494168094543e+02
1.886282436380253557e+03
2.668720704796597261e+02
3.892882978656022175e+01
7.611387396207790061e+02
8.433798978428480950e+02
8.776338929134799400e+03
2.269485117598733781e-01
4.829205785901506897e+04
3.604764818765303463e-251
1.087070918851435586e+00
0.000000000000000000e+00
0.000000000000000000e+00
5.898834420199008264e+02
5.599446354122665450e-63
5.685982510674449486e+02
5.910095780668953580e-01
2.230473231103789900e-16
1.875982994381697466e-01
3.057656069725955827e-02
2.041541931344418491e-14
9.215805785284482354e+00
3.553700480517134963e+01
6.946174762837962646e+01
3.063023633135475521e+01
2.151295926008831927e+01
6.108828354540869476e+00
7.402550204948143175e+01
1.669367340586994208e+00
4.361549446162212031e-44
1.876082971633540453e+01
1.584949355274481064e+01
3.607939795713110698e+02
2.194255876412401773e-01
2.556904733214129237e+02
1.130675426234665082e+02
3.441898758412400006e-01
7.764267415820403073e+01
3.130307061526358225e+01
1.557870046434403122e+01
2.818420157911993584e+01
5.970739296384542172e+01
5.691659446633141783e+01
9.602839157473808029e+01
5.228701195692543990e+00
5.609411166425977058e+01
3.363365521436532646e+01
9.559327445998077621e+01
8.570708954283315251e+00
7.193676589736940059e+02
1.401258455321339511e+02
9.350186594831890829e+01
0.000000000000000000e+00
6.981572610338965035e+01
9.055340181961599910e+01
1.397470461606569536e+01
1.856867059500567185e+00
1.515015990792808816e-136
1.342889250990723049e+01
7.849527355267899509e+01
8.043914831693393808e+01
1.879522269751040398e+01
3.474684919557370111e-06
5.327781036338489207e-01
1.525058905695821925e-20
2.458475331911810713e+01
8.346983704774716406e-01
1.144344499964234174e+01
1.095000641217088955e+00
2.756649228524699957e+00
1.978053957023882248e+01
4.159198868166060346e-10
6.782226726174283904e+00
2.482978829195187842e+01
2.853148361542391953e+01
2.080301930323068405e+01
1.416566360623964371e+01
1.215147053693652168e+02
3.170187763179589524e+01
3.961832968910326258e+01
9.466258060246534001e+01
7.540576466223946284e+01
3.905889603753143646e+00
2.875365222544837351e+01
5.864621733287440009e+01
1.416503157542894442e+01
2.831725104971793883e+01
1.021121603593517619e+02
6.458267350017378305e+01
3.450986687271429787e+01
6.661814266929921757e+01
2.325229493767824351e+01
6.146688272868901493e+01
8.118939496103476472e+01
3.960905470065907963e+01
6.621282945095558716e+02
5.350109260642376282e-35
2.360658357706310273e+00
1.422187115172833316e+01
6.802909382785482251e+01
2.986133959521934500e+01
6.163668599716277008e+00
1.282353569212925777e+02
1.798571990281619648e+01
2.050898994901291985e+02
1.881167074028973047e+02
7.919118403597455654e+03
5.444817905036740768e+01
1.959330563493386634e+01
5.167819616337585575e-01
5.936604579128552217e+01
5.487340822999273371e+01
6.215643803876355378e+01
2.330087070014599249e+01
3.156539185702419914e+01
2.154402097350450873e+01
4.225024995062035060e+01
2.909688076257427980e+01
8.357653187033068320e+01
9.301292089712413258e+01
1.331391675502034033e+01
1.391589285280961796e+01
4.314028533112873731e+01
8.516794314019982437e+00
2.397083544347321293e+01
5.315602474124391463e+00
2.333782708865249234e+01
1.772365484354774523e+01
1.006023778913587918e+01
8.808989398001443760e+00
5.678616260536293758e+00
2.162630796812805301e+01
3.824623638385975966e+01
3.502318177028498347e+00
2.446074314571387021e+00
7.054030425423853501e+01
1.982839191680045943e+01
1.916368248462815416e+01
1.935198210449019740e+01
3.766145244856214447e+01
7.478682196563390505e+00
1.738830841926876758e+01
1.493584223522641423e+02
1.580646665943859830e+01
1.209374949852369951e+02
1.095463904620537754e+01
2.404388536919799151e+02
5.171019957609522599e+00
0.000000000000000000e+00
2.052120289157693023e+01
1.409877691947211360e+03
9.236819444285227121e+01
3.097178299310733252e+01
1.420178536156180549e+01
2.089376517538089217e+01
7.429310995721118971e+00
1.094825574469291318e+01
3.402994154507047142e+01
1.602401532973798393e+00
3.586238221332195764e+01
3.636208362792781656e+01
9.971415034833274182e-01
2.921942871267866693e+01
1.199854413608607805e-02
1.595655647327470228e-01
4.140730175094456400e-01
1.433526266183650044e+01
9.938064256778785799e-01
3.402848693251598906e-03
1.346350878387682153e-04
1.907706719289833757e+02
1.707544437225316614e+01
7.448981214349685409e+00
2.126741747071224964e+01
5.027679862738404637e+01
1.264839558247421891e+01
2.482091170794953072e+01
0.000000000000000000e+00
4.215311976345536449e-10
4.115522547047169118e-06
1.427824626203639153e-62
1.851680263584279018e+01
4.463725174278869190e+01
8.311762956780366807e+00
1.683135966689708951e+01
6.482134027751247629e+01
5.463862533267680455e+00
4.012843524310927990e+01
7.108087346716310151e+01
4.645024287039174737e+01
4.976708952978506773e+01
1.728191051486520280e+01
1.974481414475440744e+01
1.884548114682836228e+01
2.758258825622660027e+01
1.184139461347566709e+02
3.353870434192743488e+01
1.603110398540552239e+01
8.065687390583572380e+01
2.004170539535888196e+01
5.230360467753033760e+01
2.762545173800361908e+01
4.396733060236222457e+01
2.902915648433506490e+01
0.000000000000000000e+00
0.000000000000000000e+00
4.002667937397436866e-33
0.000000000000000000e+00
6.028989873020112356e+01
2.534571504674772058e+01
1.116480587064222476e+02
6.287746853123570290e+00
1.655426238519190107e+01
2.032258663604778093e+01
2.832850538446986377e+01
6.970837997829855226e+01
3.532221416644798495e+01
2.406091930030554785e-02
5.300170066729703677e+01
9.457336054263244307e+00
1.273484432321798465e+01
3.706195157625674597e+01
9.425012910529642340e+02
3.727600696875389730e+01
2.286758912025487689e+01
2.559411024727212602e+00
9.539481809195304862e-01
1.016340962991032093e+01
4.533397839976496049e-10
9.001198028008280394e-01
3.701305179139512363e-04
1.111243599238159163e+01
8.491311121229280445e+00
1.236649736486785756e+01
1.086709563919081312e+01
1.161639813922069209e+01
2.269019020315058910e+01
2.632221418013655878e+01
8.453634214543241043e+00
3.566245556519403692e+01
1.102949402986591032e+01
1.702652372137614378e+01
1.233167249471790861e+01
1.912679550086490110e+01
1.543746006436333218e+01
1.341652089423024918e+01
1.099661594226360251e+01
1.245582487978658115e+01
2.253348342087702960e+01
4.447502822425914815e+01
1.365380716134023764e+01
2.695984416645021609e-121
5.316822954504152007e-06
1.119543864723484461e+01
3.375528752911775232e+00
4.021517055449177747e+01
6.381550480586951579e+01
6.709535241351036738e+00
1.615479784768734817e+01
5.044435332534945360e+00
1.870262507727941070e+01
9.198263334390816004e-02
1.836635489053830028e+01
8.072835367407284579e+00
3.511403136937698122e+00
8.060406298633903122e-01
3.232888259523952001e+01
2.333396438751254820e+01
2.742175851902189931e-01
8.852454569435248555e-01
1.298027347950064758e+01
4.117924698731347810e+00
6.080224933158062228e+00
2.547320113596197172e-02
1.055284305154232882e+01
2.006525425103065086e+00
1.707615760242793215e+02
4.873529937009087321e-01
9.229007751829160000e+00
6.468175415573679921e+00
4.634105132655289699e-02
1.852227216837948197e-09
5.278830909102475744e+03
4.473901193403625598e+02
1.712905258750876669e+02
2.185680970299957922e-15
6.478839691085995867e+01
0.000000000000000000e+00
3.524176307686062870e+01
3.544081490880407728e+02
1.975550450534739610e+01
8.176970393432689832e+01
1.501024549949211462e+01
0.000000000000000000e+00
1.103144060881278326e-268
0.000000000000000000e+00
9.486662346152566474e-62
4.491033054865290978e+03
1.243305116544157459e-03
7.035457562032246415e+01
4.671742897077112576e-12
4.388913151631502529e+01
1.705985023530123726e+03
6.820836267419569765e+01
2.840524801950752476e+01
0.000000000000000000e+00
4.781888127040969854e-07
6.208458994404390486e-308
0.000000000000000000e+00
3.374500551990165409e+00
0.000000000000000000e+00
2.427599866551798848e-05
3.179155565766467362e+01
5.219487086427197028e+03
7.357496695579161303e-13
0.000000000000000000e+00
1.029255017004961245e-52
2.174285013708381895e-20
9.922649660011763902e-27
2.667804855397154478e-87
4.851477497097085312e-01
9.562164330215144668e-38
1.054888925138562321e-50
1.257683510376569838e-54
2.286180514500878669e+00
2.074552732656536946e+01
1.940307138619881755e+01
2.325897556085090656e+01
1.725800512843961698e+01
7.067637663832512906e+00
4.502821280931498471e+00
5.225244016111575007e+01
2.675369722544723494e+00
9.379617587467809869e+01
9.275206092386898860e+00
2.660136483653421635e+01
2.964355473928994300e+01
4.869862883756081828e+01
5.755360377014100237e+01
4.616534809417338892e+01
7.880368643954875552e+01
4.885940802368580194e+01
3.426120150193835912e+01
2.646483115491128757e+01
5.079453552567254893e-02
2.642910368034722879e+01
8.864664096558267659e+01
1.047071314937441855e+02
2.304815627220566967e+03
4.632706512551381905e+01
3.121822931724463146e+01
1.465365937880679326e+02
1.291235615713914285e+03
7.391994194521011967e-03
6.679241263186955102e+00
1.690172795475590704e+02
3.630546202602731398e+01
1.325393871325063344e+02
5.254516579454516432e+02
4.944881119345532206e+00
0.000000000000000000e+00
2.028235516857629642e-20
8.607929995006920881e-03
2.789297497953542667e-31
0.000000000000000000e+00
5.064603817041541589e+01
1.470999310785865930e+02
1.799851172112703921e+02
4.091979249205674671e-22
5.759609899390665778e-23
7.220605193080372430e+01
1.913091044046262468e+01
1.481505841956467684e+01
7.122914457212709585e-68
0.000000000000000000e+00
6.429630931861728664e-200
2.282583654878186824e-215
0.000000000000000000e+00
9.891103309483424752e-200
1.883468811494909618e-28
5.216420034255839884e-44
0.000000000000000000e+00
0.000000000000000000e+00
0.000000000000000000e+00
0.000000000000000000e+00
0.000000000000000000e+00
0.000000000000000000e+00
0.000000000000000000e+00
0.000000000000000000e+00
0.000000000000000000e+00
9.414852979538924425e-29
1.319449517563481278e-01
2.465403784683072724e-02
1.549763469872232236e+01
0.000000000000000000e+00
6.517333986226761411e+00
1.174614283845089660e-02
7.299453847339485435e+00
9.055569956812577459e+01
6.266457600193300692e+01
2.353200547981636248e+01
1.303210896799386198e+01
1.490927397243578412e+02
9.298103587643598189e+01
1.625404540556098509e-01
1.284639032020221450e+01
8.963239043857744726e-01
0.000000000000000000e+00
1.329807302707236593e-07
6.970871750103226816e+01
8.628331538141844703e+01
0.000000000000000000e+00
5.635871723103122122e+00
0.000000000000000000e+00
0.000000000000000000e+00
0.000000000000000000e+00
0.000000000000000000e+00
4.457430707513665311e+02
0.000000000000000000e+00
0.000000000000000000e+00
3.588412831833008355e-29
0.000000000000000000e+00
0.000000000000000000e+00
0.000000000000000000e+00
3.281536047876215667e-01
2.270482345157952508e+01
1.100882587448223981e+00
0.000000000000000000e+00
2.966588420388584524e+01
1.551979875261720876e+00
2.134456110587243660e-01
8.678983681028419994e+00
1.717704527983031637e+00
4.301735218341362099e+01
1.322730930751371492e+00
0.000000000000000000e+00
1.903362776526295420e+03
2.860833589283475931e+02
3.169182354408041396e-55
8.969810408845549432e+01
3.201704790453915298e-302
0.000000000000000000e+00
1.654786509089654893e-104
3.286043295157048469e-53
1.141136571691549051e+02
4.759344910349241786e+00
3.178323645069464250e-04
7.450381822716589397e+01
1.596958483581467092e-34
1.328608879151921079e-04
1.729470529346952503e+02
0.000000000000000000e+00
0.000000000000000000e+00
1.606540904502514052e-51
3.280584751960816448e+01
0.000000000000000000e+00
5.671679882648954354e-178
3.367450152281014579e-06
1.576361678962437674e-01
2.591990754691132683e-04
7.990806811972530971e-17
1.510037293164999128e-01
2.372916940678920117e+00
1.601787530851557619e+02
7.864442676854589420e-01
1.106237330790688211e-26
3.417784462693087999e+00
6.587059713764977821e-04
0.000000000000000000e+00
8.344754829933350761e-144
0.000000000000000000e+00
0.000000000000000000e+00
9.694003508779546863e+00
4.624844180853704501e+01
2.085806446387603685e+01
1.970496117257424339e+04
1.512932487174593895e-129
1.129233429608997952e+01
2.930587805789363731e+00
8.483905035296837482e+00
1.125988820966337225e+05
6.298146337717240315e-236
5.463182452708345238e+01
3.585644408987221965e+01
1.147205532133906871e+02
2.229329887655825004e+01
9.154172921090577564e-01
2.121077997121427305e+00
3.343570000382700843e-04
4.647815943387652737e+01
3.422796843173421699e+00
4.122996828666219926e+01
1.164947216099763523e+02
2.975652805762205944e+01
8.737839213714426023e+01
4.661601607926964164e+01
2.732467308497615606e-127
3.599585486661225887e-31
0.000000000000000000e+00
0.000000000000000000e+00
2.135779864275585638e+01
0.000000000000000000e+00
1.063561572460117077e+03
0.000000000000000000e+00
3.035836947227366078e+00
2.046023852565058835e-118
8.714430327987764469e-54
0.000000000000000000e+00
0.000000000000000000e+00
7.003252882722823050e-118
0.000000000000000000e+00
1.145577622998303316e-37
0.000000000000000000e+00
0.000000000000000000e+00
0.000000000000000000e+00
5.604996339823496348e-15
1.481465387350186837e-81
0.000000000000000000e+00
0.000000000000000000e+00
2.913440453694930199e-195
7.253787990346830306e+00
3.232822294592481605e+00
1.347359619962411603e+00
8.547002836696687782e-228
0.000000000000000000e+00
0.000000000000000000e+00
0.000000000000000000e+00
0.000000000000000000e+00
0.000000000000000000e+00
0.000000000000000000e+00
0.000000000000000000e+00
0.000000000000000000e+00
0.000000000000000000e+00
0.000000000000000000e+00
0.000000000000000000e+00
0.000000000000000000e+00
0.000000000000000000e+00
1.620652466993006123e-152
0.000000000000000000e+00
1.177996711809947304e-03
0.000000000000000000e+00
0.000000000000000000e+00
0.000000000000000000e+00
0.000000000000000000e+00
0.000000000000000000e+00
0.000000000000000000e+00
0.000000000000000000e+00
0.000000000000000000e+00
0.000000000000000000e+00
0.000000000000000000e+00
0.000000000000000000e+00
0.000000000000000000e+00
0.000000000000000000e+00
0.000000000000000000e+00
5.211318923160605938e-59
0.000000000000000000e+00
1.549608068637216859e-265
0.000000000000000000e+00
0.000000000000000000e+00
0.000000000000000000e+00
0.000000000000000000e+00
6.787749961830414037e-252
0.000000000000000000e+00
0.000000000000000000e+00
1.127795126974974215e-22
4.665205143829485337e+02
8.520559659473995804e-108
1.415919567177195467e-49
1.312103547958346716e+00
3.146012357983757965e+02
0.000000000000000000e+00
2.408276162684304555e+00
0.000000000000000000e+00
3.824514621318281067e-06
2.278148417635905802e-176
0.000000000000000000e+00
1.306951567564578658e-04
1.389077457348470157e-01
1.443176884130752992e-03
4.598220186821081765e-137
0.000000000000000000e+00
0.000000000000000000e+00
0.000000000000000000e+00
0.000000000000000000e+00
4.183129424096623552e+03
3.922462592042626607e-08
0.000000000000000000e+00
0.000000000000000000e+00
2.491673157825364132e-11
0.000000000000000000e+00
0.000000000000000000e+00
0.000000000000000000e+00
0.000000000000000000e+00
4.884277731802234790e+00
6.169690426596767452e+01
1.498255692287093543e+00
1.296606054309929547e-14
7.801764501172225863e-02
2.112256396218196670e-30
0.000000000000000000e+00
0.000000000000000000e+00
0.000000000000000000e+00
0.000000000000000000e+00
7.592724425982736412e-03
0.000000000000000000e+00
4.505221347815495569e-250
0.000000000000000000e+00
0.000000000000000000e+00
0.000000000000000000e+00
0.000000000000000000e+00
0.000000000000000000e+00
0.000000000000000000e+00
0.000000000000000000e+00
0.000000000000000000e+00
0.000000000000000000e+00
0.000000000000000000e+00
0.000000000000000000e+00
0.000000000000000000e+00
0.000000000000000000e+00
0.000000000000000000e+00
0.000000000000000000e+00
0.000000000000000000e+00
0.000000000000000000e+00
0.000000000000000000e+00
0.000000000000000000e+00
0.000000000000000000e+00
0.000000000000000000e+00
1.154837148227036518e-126
0.000000000000000000e+00
0.000000000000000000e+00
0.000000000000000000e+00
0.000000000000000000e+00
0.000000000000000000e+00
0.000000000000000000e+00
0.000000000000000000e+00
0.000000000000000000e+00
0.000000000000000000e+00
0.000000000000000000e+00
0.000000000000000000e+00
0.000000000000000000e+00
0.000000000000000000e+00
0.000000000000000000e+00
0.000000000000000000e+00
0.000000000000000000e+00
0.000000000000000000e+00
0.000000000000000000e+00
0.000000000000000000e+00
0.000000000000000000e+00
0.000000000000000000e+00
0.000000000000000000e+00
0.000000000000000000e+00
0.000000000000000000e+00
0.000000000000000000e+00
0.000000000000000000e+00
0.000000000000000000e+00
0.000000000000000000e+00
0.000000000000000000e+00
0.000000000000000000e+00
0.000000000000000000e+00
0.000000000000000000e+00
0.000000000000000000e+00
0.000000000000000000e+00
1.757128710129962799e-29
1.420254207066176545e-33
0.000000000000000000e+00
0.000000000000000000e+00
0.000000000000000000e+00
1.151464687390687661e-12
0.000000000000000000e+00
0.000000000000000000e+00
0.000000000000000000e+00
0.000000000000000000e+00
0.000000000000000000e+00
9.267111593100824997e-15
1.389323077074813173e-42
0.000000000000000000e+00
1.124622894295929642e-18
2.232252036831744810e-168
0.000000000000000000e+00
0.000000000000000000e+00
0.000000000000000000e+00
0.000000000000000000e+00
0.000000000000000000e+00
0.000000000000000000e+00
0.000000000000000000e+00
0.000000000000000000e+00
0.000000000000000000e+00
0.000000000000000000e+00
0.000000000000000000e+00
0.000000000000000000e+00
3.352765948043687877e-44
0.000000000000000000e+00
0.000000000000000000e+00
3.462322396425971419e+03
2.763234980331268345e-96
1.164875626624887854e-02
0.000000000000000000e+00
0.000000000000000000e+00
0.000000000000000000e+00
6.839946779464029963e-06
0.000000000000000000e+00
0.000000000000000000e+00
0.000000000000000000e+00
0.000000000000000000e+00
0.000000000000000000e+00
0.000000000000000000e+00
2.107882396628796284e-02
7.499198850710149186e-05
0.000000000000000000e+00
3.040805212583922265e-72
0.000000000000000000e+00
8.383082089288153383e-187
1.415376126041409442e-16
5.584094139160605146e-57
0.000000000000000000e+00
0.000000000000000000e+00
0.000000000000000000e+00
0.000000000000000000e+00
0.000000000000000000e+00
0.000000000000000000e+00
1.509534870837510787e-113
0.000000000000000000e+00
0.000000000000000000e+00
0.000000000000000000e+00
0.000000000000000000e+00
0.000000000000000000e+00
0.000000000000000000e+00
0.000000000000000000e+00
0.000000000000000000e+00
0.000000000000000000e+00
0.000000000000000000e+00
0.000000000000000000e+00
6.271983659688945021e-168
0.000000000000000000e+00
0.000000000000000000e+00
4.123958130961177620e-95
9.510000940665940133e-35
0.000000000000000000e+00
4.299985611254708306e-119
2.947809340393938251e-85
1.737558973808013995e-203
1.099576163144913912e-30
1.742191637835842540e-105
0.000000000000000000e+00
2.191762868146336098e-27
0.000000000000000000e+00
0.000000000000000000e+00
2.344732964326898873e-196
0.000000000000000000e+00
2.982016101984872835e-106
0.000000000000000000e+00
4.867918736889372440e+02
4.939433947872634562e-88
0.000000000000000000e+00
0.000000000000000000e+00
0.000000000000000000e+00
2.750987841313717652e+01
0.000000000000000000e+00
1.857533844085689769e-03
0.000000000000000000e+00
0.000000000000000000e+00
1.013978247217847350e+00
0.000000000000000000e+00
2.975861429698253069e+00
0.000000000000000000e+00
0.000000000000000000e+00
0.000000000000000000e+00
0.000000000000000000e+00
3.139706756709921394e-134
0.000000000000000000e+00
0.000000000000000000e+00
0.000000000000000000e+00
0.000000000000000000e+00
0.000000000000000000e+00
0.000000000000000000e+00
0.000000000000000000e+00
0.000000000000000000e+00
0.000000000000000000e+00
0.000000000000000000e+00
0.000000000000000000e+00
0.000000000000000000e+00
1.811172086018272808e-225
3.430868343372698876e-04
1.494531196968962861e-01
1.039100915184050011e+00
7.589587488802579607e+00
3.828842540745988085e-06
6.260512696171844027e+01
2.787402600359474647e+01
2.977183449098987467e+02
2.062099153046158539e-01
3.378540130521103246e-01
1.686680057562630342e-01
2.071370451716697971e+02
1.242343064791373026e-06
0.000000000000000000e+00
4.396751056623317595e+02
3.368422638122741631e-10
8.238939814780883442e-01
5.109444291571412717e-300
0.000000000000000000e+00
1.996398619760852700e-01
3.532586195598355072e+00
7.066193128595338990e+00
2.655141095597351342e+00
0.000000000000000000e+00
5.255201989876663760e+00
2.237187542578470811e+01
3.493574403686610541e+00
1.035998228917106800e+01
6.065141800619077372e+01
1.005058822490542809e+02
2.478649544879322875e+01
5.418975766130621707e+00
1.228658439127151603e+01
7.342389675528275461e+01
2.680900470855566198e+01
4.217739004925846399e-12
1.144761298575454589e+01
2.493281616782499555e+01
2.872835883184959727e+01
3.826570650527618511e+01
1.554592160145981561e+00
1.441473018785704596e+02
6.372573920583947427e+01
6.282157382184670524e+01
3.918369052466771763e+01
7.331203823536279174e+01
0.000000000000000000e+00
3.874510257518246448e+01
1.690680256346029751e+02
8.970343965983666124e+00
1.814682870375850854e+01
3.164399974746765487e-01
3.164723641085007912e-11
7.008987259569549044e-01
3.208091084995971300e+02
1.520067148430369741e+01
0.000000000000000000e+00
0.000000000000000000e+00
0.000000000000000000e+00
0.000000000000000000e+00
0.000000000000000000e+00
0.000000000000000000e+00
0.000000000000000000e+00
0.000000000000000000e+00
0.000000000000000000e+00
0.000000000000000000e+00
0.000000000000000000e+00
0.000000000000000000e+00
0.000000000000000000e+00
2.856848117650959476e-110
0.000000000000000000e+00
7.934794772402478215e-51
3.328124385572399794e-29
2.587568942473439293e+01
1.363251960463531987e+02
3.917788293523806643e-06
0.000000000000000000e+00
2.606997392672963810e-03
5.598643859771155001e-90
0.000000000000000000e+00
0.000000000000000000e+00
0.000000000000000000e+00
0.000000000000000000e+00
0.000000000000000000e+00
8.248400902875982857e-242
1.656252291742345746e-63
0.000000000000000000e+00
0.000000000000000000e+00
2.678596165379113431e-10
2.101954085426494758e-183
0.000000000000000000e+00
8.308775266344201511e-53
4.525808798267281163e-27
0.000000000000000000e+00
2.843527600608904340e-08
0.000000000000000000e+00
2.384877882984855813e+00
1.061478539150866195e-53
8.358479826259300083e+00
7.763944521518975534e+02
6.600263058805486480e+02
0.000000000000000000e+00
6.923724103668736158e-15
1.558537389685281216e+00
2.832241477416557666e-04
8.062827152233184691e+00
2.047271294837352329e+01
5.753632473180291029e+00
3.118926195202076315e+02
2.945712369614594373e+00
2.723077793992043638e+01
2.403895592802471448e+00
2.245934240673558691e+01
3.838217214189873161e+00
2.230578201954221029e+01
4.575148677203682013e+00
2.753639327986054930e+00
1.795465143834972910e+00
1.747154994211008727e+01
1.657715065842414148e+01
2.524832895491667628e+01
1.062929134373678863e+01
1.520696080337504164e+01
1.617593720952652347e+01
2.083226185262199337e+01
2.365211806647593207e+01
4.250776640733396761e+01
2.074494605572199646e+01
4.961702860660294867e+00
6.888818258336654310e+01
5.103399366805695081e+01
1.322153574498377182e+01
1.384684600727370096e+01
4.052309969549828850e+01
1.728126640936163838e+01
2.363887802749718503e+01
1.231929714468992820e+01
5.213935153506755071e+00
9.073283683757168205e+00
7.669452273619066318e+01
1.882813429562723684e+01
1.418712197007139686e+01
2.766998940157038334e+01
4.252139256279001245e+01
8.758532613132167910e+00
5.940345596270221051e+01
2.528780456076121652e+01
2.078132133746253984e+01
0.000000000000000000e+00
2.980323253032348774e+01
1.416940729058818533e+02
2.052214074186836257e+01
8.589842090292586363e+01
6.970046574409726858e+00
9.978765460123572240e+00
3.155195224588840119e+01
2.112476816999743789e+01
2.003272347576681156e+01
1.180688033769438050e+01
7.964477916595651408e+00
2.565968870246243938e+01
1.024151736666692614e+01
1.045230394279013275e+01
3.770754100382989549e+01
3.680619648452172044e+00
6.084534162377954303e+00
1.254184610735826944e+01
9.570226971197685728e+00
2.487680511620868007e+00
1.972998517612284175e+01
2.992220083009488718e+01
1.666199895198825587e+01
1.320044992587850530e+01
1.154246912094712130e+01
1.526268842800324066e+01
4.129325224642209946e+01
1.335271090155059248e+01
2.105899724499468206e+01
1.295308688610961845e+01
6.259536488023152323e+00
9.645385869938357004e+00
1.011170439282014577e+01
2.562327381834080242e+01
2.000093788735868117e+01
1.291917045090759686e+01
9.420082030476621071e+00
8.459653582917781023e+00
4.023399844741431863e+00
4.057881792930618126e+00
9.959136241876335305e+01
1.127585970634055745e-01
3.780383597070469364e+02
2.122093907525348300e+02
2.307070942064269445e+02
1.627785204638164984e+01
4.648735949656412458e+02
9.552704346622731180e+01
1.548318299997027452e+03
7.957542327152166883e-07
2.261563034205772382e+01
4.948296498459012760e+00
2.059655572726099138e+01
1.748912063129643357e+01
1.089751989201419313e+01
1.621834373433152621e+01
2.072302795051795155e+00
3.647773508052877922e+00
1.062810332807773328e+01
2.045672163855119265e+02
4.534471376414400012e+00
8.396733452313661417e+00
6.857338265926630072e+01
4.719195537688829489e+01
0.000000000000000000e+00
1.196709597104508127e+01
2.146681259866939797e+02
2.816606002905151485e+01
1.236134406688477156e+02
6.258983457565379993e+00
1.962753719922730866e+01
8.589563756110645727e+02
3.056734695576855998e+01
3.381193775749809305e+01
3.463654095127647992e+01
2.452872820603533341e+02
7.218345575639402512e+01
2.666356690435485461e+02
5.939238857586512665e+01
7.320278452735765029e+01
1.069231718795145696e+02
9.583058001580272389e+01
1.949546239243396144e+02
2.248874744308416496e+02
7.741348197746578990e+02
7.539437570545633269e-05
7.188907839066242786e+02
2.797148369184061067e+01
1.047952701039304014e-20
5.530318212393847081e-04
1.798416075017716161e-03
5.868282694492885265e-88
1.021553083557749320e+00
2.877989385018493707e+01
1.220527238804203733e+02
1.093788464160230056e+01
6.440880289012474336e+00
3.130094859986772917e+02
1.195208862620773516e+03
1.398714781560684999e-35
4.076573160492873925e-21
1.239150132123673591e-43
2.512613296284105218e+03
1.224389948423194596e+02
1.043362742796425140e-196
4.675343347296726279e+03
7.731349021740524563e+01
3.998432897043421121e+02
1.617920660501387076e+01
4.571595339988101969e+00
1.999039706297702992e+02
7.205623604449738195e+01
3.859954196465975542e+02
1.219073416660197609e+03
6.284619085963472571e+02
4.959884478713124878e+01
2.758795737642066115e+02
2.452309727088346563e+02
1.380694514239606860e+02
2.227873167078386984e+02
3.732338172002121723e+01
5.806792557054887283e+00
1.596129699993709892e+02
1.275307853648347312e+01
1.639704543169718534e+02
4.793781394178851940e+01
4.023485500935686332e+01
9.183283040142023879e+01
3.814356107054233291e+01
1.534551292153352392e-03
8.115787788018766946e+01
1.246735300356984411e+01
3.087447325833634082e+01
6.377599857311169274e+01
1.706843007385031115e+02
7.812369529222290332e+00
3.717769036821300688e+01
1.282497546697810620e+01
3.035680046629130757e+01
7.641498848238363450e+00
3.315610858207543998e+01
1.061907670242707802e+01
3.901074113833256973e+01
8.816787994126473293e+00
1.070242361811099130e+02
3.819685252181203671e-38
7.489745904287819656e+01
2.312561635921106085e+00
7.658329030716230612e+00
1.448079553989140678e+01
9.463176383069794584e-01
4.495598196770513511e+01
1.774821001245149077e+01
8.760449534970376817e+01
1.078980770186475269e+02
1.789086218246463886e+02
9.337389897477754275e+00
7.844748561817175059e+00
5.657647601260620718e+01
5.322168425869360675e+00
7.429995825400749254e+01
3.165897419297724582e+02
3.630515371623360465e+01
7.949158848620091478e-01
7.934243452891494996e+01
1.384454097261894958e+02
1.075381162991845372e+02
6.346502558949115382e+02
3.310131995293554041e+01
1.819905683669648511e+02
2.432755423655216731e+01
3.720613982801439334e+01
2.289456291295407198e+02
1.907071113225724801e+01
1.565599359904008452e+02
8.633760720351769891e+00
1.508779838879942190e+02
3.985044419126911208e+01
1.437108019412787208e+01
2.010570786130321608e+01
2.227621616391569859e+01
3.016473792182634384e+01
7.586669498369697173e+00
1.948691219257950280e+01
2.316146288624036131e+01
5.220870347175141291e+01
3.869456453266670337e+01
1.288261099884348582e+01
2.662846356827995464e+01
1.953797742792227865e+01
1.475826681207024649e+01
1.752436720252012492e+01
7.978457415391618568e+00
1.018628870754152729e+02
1.590877150616114832e+01
1.600376263680686009e+02
1.813721145010818958e+01
1.024067146813735185e+01
1.001441548372391566e+01
1.331958740667363905e+01
1.434100289094856784e+01
1.058704530817226619e+01
3.118163096800498124e+01
3.071477607063680004e+00
5.724651718572625470e+01
2.659197977643196964e+01
2.549764451984887881e+00
1.404842461512758689e+01
6.744470690260020440e+00
6.308852083155803925e+00
1.179840179550726376e+01
1.627756248983720866e+01
6.838524375582054837e+00
6.211621438186489819e+00
3.992667552530109631e+00
4.917430795516247066e+00
3.393653627076751889e+01
1.085923972517679061e+02
1.159970179731497275e+01
6.383647695823315260e+00
7.231424533753259709e+01
6.945004729065811233e+00
3.882288147343297169e+01
6.420174808652615361e+00
1.662518990127883001e+01
1.369137529163563904e+01
1.596495246793617362e+01
6.087330822327583491e+00
6.573721143048283011e+01
1.248164804604521643e-45
1.930690197705878930e+01
1.775133472032627253e+02
6.403575879940635041e+00
1.297267855050468199e+01
2.437684599885119852e+01
3.399423064641278380e-09
1.806007716373064795e+02
6.441412346865495131e+00
9.786363170298777618e-39
6.924797874264326936e+01
3.851649385050922803e+01
1.245494493111119994e+02
1.943299833841069812e+01
9.775645071312020207e+00
2.166484494399823646e+01
2.015535790111901093e+00
3.995994658983818937e+01
1.222030511138764695e+02
2.053694640522181913e+01
1.229014383291128887e+01
4.622741157134370837e+01
8.932890997886863171e-10
4.298267251582979398e+00
6.157009795084518089e+01
1.869567799830034858e+02
9.803427323271667149e+01
1.157278556395298892e+03
5.157585649935987782e+00
7.315083720882936014e+00
8.063485705001940573e+01
2.453179862965557732e+02
1.459149826010147599e+01
4.570180183530790252e+00
2.269595818960936739e+01
5.929095068779774103e+00
3.705844344743231034e+01
2.610549147624775301e+01
1.809091225628282729e+00
1.537387502810874018e+01
2.929251207589913264e+01
4.215219312546864927e+01
3.657918539000412639e-01
3.559898418429378353e+01
1.555592276811213814e+01
5.617855856600998621e+00
6.139151650631751167e+00
1.455362317027675712e+00
2.105160790871945409e+01
1.504683380040687801e+01
7.547462605365262256e+00
1.129851381425416967e+01
6.174394811517914405e+01
1.877746864613196109e+01
4.990797682161709048e+01
4.880831224500880694e+01
9.631483093010611896e+00
2.071451670117733812e+01
6.688915090917082296e+01
1.840391093974610115e+01
3.130634875691369956e+01
1.327001230077994620e+01
2.652719269026304261e+01
2.812568461865661362e+01
1.832993190343515266e+01
3.421589533428385010e+01
1.863337945252951933e+00
9.301606614419110741e+00
2.665073689081031816e+01
3.690207037799490308e+01
2.072045046552841896e+01
4.773432594446686039e+01
1.196498265733098165e+01
1.604173374534630270e+01
1.549290478663938320e+00
1.611933846846392839e+02
7.620927115817377029e+00
1.065662715073822397e+01
5.833375837652807760e+00
1.316498198802828767e+02
7.044962408035470958e+01
6.638353688325830149e+01
4.695644598296537708e+01
7.352818475754399685e+01
1.237587169577015800e+02
3.922246944479423547e+01
2.447697713961713006e+01
1.262742307626284770e+02
6.612764580245983836e+01
4.270638731857974157e+00
7.405792964517431187e+00
1.395384900375808002e+01
3.755197699525150590e+00
3.529072800972190087e-11
9.083123900287756669e+01
1.051867195862979134e-06
0.000000000000000000e+00
9.632371672154160478e+03
1.958555524771082901e+02
3.187816960225443808e+01
7.654019205119034552e+01
9.519336654379534934e+01
2.270493301295165856e-01
6.613092136158678613e+02
1.208284686469183568e-05
1.430058878794546295e+01
4.571810895165176447e+01
4.343074033348634089e+01
1.276827729689173019e+01
4.432282959791873367e+01
1.993110595560706244e+01
8.693079917819945024e+01
4.095396082024908679e+01
1.480384621146713187e+01
8.080939473846953547e+01
2.581862111147790273e+01
5.709939800830540690e+01
1.656688825511130503e+01
4.917494638339358737e+00
4.723152393247318059e+01
2.189111407142386767e+01
5.193523386220848082e+00
1.287704611038058466e+01
3.085068321962636162e+01
2.286853380360896182e+01
1.634616280729924753e+01
4.756163982460347661e+00
8.504742974716950954e+00
4.907561112200271225e+01
9.569012743778015917e+00
1.860316193268996443e+01
2.249981479019086095e+01
2.284173909871651276e+01
1.320435692736651490e+01
1.574173743706878348e+01
3.222182261584481733e+00
1.279193237479037926e+01
4.341205661099584745e+01
1.684686446720168096e+00
8.323713429651007800e+00
2.540074704618005441e+01
3.268323443198242728e+01
3.180884690396139902e+01
3.495577808414002874e+01
1.069748839059021783e+01
7.529696285553171720e+00
5.402437348509197435e+00
4.847536603802890198e+00
3.118227870522888523e+01
1.533110721738887605e+01
9.913825171280718607e+00
2.104989257281557258e+01
1.027812676683345749e+01
1.721091767696043107e+01
1.051123341245971687e+02
2.611136087878377054e+01
5.950966278140104038e+00
6.331760770036193975e+01
9.121499786137198384e+01
7.989803653034657671e+00
4.340682941791671112e+01
4.352854779111353878e+01
1.279808512437362111e+01
2.509715905272067715e+01
1.130609964653314847e+02
4.818719598373814961e+02
4.244612536980677930e+01
1.537602116419948750e+01
7.792089524912920950e+00
2.777941659793302165e+01
5.901692058562206000e+01
5.299872149098209206e+01
6.858165765384772783e+01
3.377139398852776697e+00
1.031729291180089980e+01
1.729028082906570774e+01
3.314470454765678653e+01
2.453014727276167406e+01
9.187719540161756981e+01
7.593850302528590390e+00
7.387145213709378311e+01
3.432798918167932811e+01
9.691426066243401749e+00
6.610434102855369254e+00
1.942246845077746542e+01
3.136551010472325629e+01
1.988270703172203824e+01
3.218058854146046599e+01
2.964207542840877352e+01
2.867226827908066511e+01
5.242748811484916160e+01
4.264016305397596796e+01
1.421779456545520048e+01
3.293353704245369329e+01
2.081021686002647897e+01
4.935656735818917440e+01
3.761268194492492967e+01
2.700878606802676885e+01
1.367070308349684922e+02
3.281396477113209471e+02
5.981835285806023528e+00
6.337994383099719897e+01
4.896437922782612695e+00
4.356074080503866952e+01
3.449726125326461812e+01
6.351740145624068745e+00
6.657692480879087782e+01
2.565916469147358825e+01
5.193379084339632357e+00
4.783963249221810266e+00
4.706405298547303317e+01
3.797434771484772820e-02
8.376870735824816450e+01
1.412242773665274171e+02
9.978003170750699269e+01
6.713918125032810380e+00
5.289889738875058356e+01
6.903925772055521293e+01
1.280806539162493299e-03
7.712557331579049560e+02
3.034607978358451064e+01
2.816003061098787157e+02
1.166436220110386103e+03
6.567645202593876093e+02
1.949647290415604459e+02
1.552527879725524684e+01
1.594846050210279316e+02
6.489731734650890758e+02
8.198224647046220070e+01
4.822707746465554850e-17
0.000000000000000000e+00
0.000000000000000000e+00
1.441037520195097521e+01
0.000000000000000000e+00
0.000000000000000000e+00
1.164554578587784522e-22
3.692387572290164144e+01
3.414780680898927301e+01
1.093612564942824150e+01
8.806894155957044745e+01
6.147838127319237600e+01
0.000000000000000000e+00
0.000000000000000000e+00
3.469834622091558961e-10
6.306377472417162387e-123
0.000000000000000000e+00
2.806660314330349767e-242
3.710311399197008086e+03
9.217091216062726744e+01
1.670208663464999432e+01
1.281909718674364207e+01
5.754751918704215541e+00
1.640201418310417978e+02
9.366162101376905014e+01
1.884571643166444588e+01
4.493740756693865634e+00
1.898274549690289348e+02
1.703874552661091712e+01
7.927916996765327440e+02
2.322831646454564947e+01
1.505551051711818502e+02
3.011458060650976449e+02
1.128863945125459054e+02
7.101403125212651268e+00
7.144031522227763276e+01
3.754782522750852536e+01
4.554258702320409924e+01
7.727244547257258489e+01
2.651330110924943284e+01
2.820412022623858661e+01
1.893145138575849273e+01
3.635500277745696707e+01
1.572748048108390506e+01
3.592286911530687377e+01
2.111068319265358184e+01
7.241190566164937081e+01
6.826423340958518793e+01
7.675541772832009668e-01
