1.157474287912685362e+01
5.966900048816740565e+01
7.445109175449760031e+00
2.932540612013085735e+01
3.364396726752352151e+01
2.305632867212611958e-02
6.972820502214409633e-01
9.116458337934200129e-01
1.468219563528209634e-02
2.835835384917843038e-01
2.301554688227187007e-01
1.309791437371697898e-01
1.961672096097210119e-02
1.417412733752166032e+00
1.361071926319479437e-02
1.621024904364179786e+00
9.504643445619270770e-02
2.618128132764935057e+00
4.962950776103280393e-01
3.809123739442944051e-02
4.240020575700321204e-01
1.106323991501207749e+00
3.798671090471331668e-01
1.071027134103907669e-03
8.604906955531752000e-02
7.462603543751058013e-03
3.093831361434021154e+00
7.705398978378862340e-01
1.479322196899581110e+00
9.044022058188784241e-01
2.378680306144177248e+00
3.684900544096051389e-01
5.889615722439692780e-01
1.732374480396506600e-01
6.240164328985806641e-01
1.657476115627306568e+00
1.177490906019881961e-01
7.281894673069381874e+00
6.226775331654166301e-02
2.226205145949064490e-01
1.587669654588927046e-02
1.427486661074687524e-01
2.372700895182393646e-02
1.915033844369936900e-01
4.968675217482709239e-01
1.088503146019914743e-04
3.913581718444774120e-04
4.489543704140177560e+00
1.475022211438746567e+00
1.109817360457243192e-05
1.522455830808386373e-05
4.812599703931511367e-04
8.116539519234952094e-01
6.111953811191642716e-01
3.535999874365207130e-01
6.152971093324943741e-01
5.559065463942997748e-02
1.312046580250320060e-02
1.099991033808032537e+00
7.791460565339905497e-02
3.968228918769745595e-01
1.931705365103219663e+01
9.219076759989501026e-11
0.000000000000000000e+00
0.000000000000000000e+00
3.201001817387478143e-07
2.087830023093377729e+00
6.265408260413789510e-01
1.130759626140090512e+00
1.683493144347173853e+01
1.710130126442442489e+01
1.540476964084424196e+02
8.541305229897695750e-02
2.079463986947307153e-96
0.000000000000000000e+00
3.213378350443490207e-295
0.000000000000000000e+00
0.000000000000000000e+00
0.000000000000000000e+00
0.000000000000000000e+00
0.000000000000000000e+00
0.000000000000000000e+00
0.000000000000000000e+00
0.000000000000000000e+00
0.000000000000000000e+00
0.000000000000000000e+00
1.558994733930270903e-39
1.528941028777689404e+01
2.808252640606838657e-01
4.857258807054496863e+00
3.165167138027364935e+00
8.509383814555479830e+01
3.826809686841735214e+01
1.566956075699595807e+01
3.742719417680660854e+01
1.616844471936527805e+00
4.674568800127659962e+00
3.389689933833946345e+00
2.130578845883604799e+01
8.598921807119488392e+00
1.570806721091465441e+01
9.917046016162018418e+00
3.235451920470693921e+01
8.119807092680057792e-03
8.240251631104652574e+01
1.720456076155034282e+02
9.672792515142287328e+00
8.606826842567983249e+02
2.263446895783164633e-202
6.352885878383648333e+01
4.205110120503314306e+02
3.650068191239118631e-01
8.448558664457179290e+00
6.207959513999518464e+01
4.335243497300522364e+01
5.625469081468207833e+01
1.117717952610798164e+02
2.944838959881449370e+01
5.395581128268345310e+02
4.237831868196813190e+01
2.524538791413109209e+02
2.288923523224229939e+02
1.219121666124588010e+01
1.529056580469598803e+00
3.285588388445088761e-69
3.224443050758414842e+01
3.663733459498872662e+02
4.914259836504629675e+01
7.816776360107544974e+01
2.009206148736362962e+01
5.975950600832335624e+01
6.471895012518518797e+02
2.039301912119618237e+03
1.029142997336308838e+02
8.596131038217848186e+01
5.313679876503556443e+01
3.851983086924504818e+01
2.585048568535086844e+01
7.136883043773190138e+01
7.233198275309183600e+01
7.801810602617369739e+01
3.830955611269907735e+01
1.741276701212959921e+01
1.926007023330211325e+02
1.459356179311301105e+02
2.685065963183134061e-20
4.853964000960351655e+02
4.008135878738644209e+01
5.482232554423312649e+02
8.376702856605596992e+01
2.635533971238645634e+01
4.317298877643673630e-154
4.309641322944586343e-03
8.240137497756101936e+00
2.177780499269401275e+02
2.891016213793840706e+01
5.725237605301390431e+01
2.761163408941004249e+01
5.761801121883603827e+01
6.594017921697162876e+01
3.314698860076290998e+00
3.858595931994060635e+01
3.938030349521893925e+01
4.092561638241532052e+01
3.419925541336168351e+01
1.894544518206027561e+01
1.229598482265119657e+02
1.513465549302442525e+02
6.788659154558227726e+01
2.887617015279494126e+01
7.647135168400470695e-01
9.644939518439279880e+00
9.185925797820527805e+01
1.787662929223514823e+02
4.777683239740722065e+00
2.906169023892648056e+03
0.000000000000000000e+00
0.000000000000000000e+00
0.000000000000000000e+00
0.000000000000000000e+00
4.949461691524890726e-42
0.000000000000000000e+00
0.000000000000000000e+00
0.000000000000000000e+00
0.000000000000000000e+00
4.736377936877310617e+02
1.678905071908153843e+02
4.899159128181210008e+02
1.470663411133939908e-159
7.163072503225805576e+01
0.000000000000000000e+00
2.124508156934712702e+02
1.138274581587260366e-20
0.000000000000000000e+00
0.000000000000000000e+00
0.000000000000000000e+00
0.000000000000000000e+00
0.000000000000000000e+00
0.000000000000000000e+00
8.068256733755425299e-112
2.000844939801482563e-43
0.000000000000000000e+00
0.000000000000000000e+00
2.620411800074484532e+01
3.038262762464688886e-39
0.000000000000000000e+00
0.000000000000000000e+00
0.000000000000000000e+00
0.000000000000000000e+00
0.000000000000000000e+00
0.000000000000000000e+00
0.000000000000000000e+00
0.000000000000000000e+00
2.920014122449311050e-02
7.459811953670818951e+00
1.683016940120934946e+00
0.000000000000000000e+00
1.438964028624403291e+01
1.050730473828202527e+01
1.151444533286647953e+01
2.579237850558774312e+02
2.710973637672268310e+01
7.917612108247248592e+00
2.499732147824513504e+02
1.440715852715144152e+01
1.598983617510105049e+01
8.485928881412954539e+00
4.499579668767310706e-03
0.000000000000000000e+00
5.025880105353010042e-15
1.094701713767136425e+03
2.702507444855731489e-32
8.916919057294091053e-15
2.063434551306236723e-04
0.000000000000000000e+00
0.000000000000000000e+00
1.689504653570230425e-20
2.480277099020872100e+01
1.902934198760973528e-01
2.366726966884916961e-01
7.560757020062851752e-04
9.155934899624691425e+00
1.328369934286463661e+00
3.071677027281736638e+00
4.754711287261776675e+01
1.864234825656729981e+02
5.951581374587235587e+02
3.626099964316277902e+00
6.382701330589136468e+00
9.066041583956018712e+01
7.010177376564543295e+01
5.440863439939491286e+01
9.980540461833253119e+01
3.870562556553071687e+01
6.964806008419398609e+01
1.152360551005186906e+01
1.101890681445792524e+02
2.527446367872075328e+01
9.874025254838024068e+00
1.600285183140335832e+01
1.453330656978268287e+01
6.019906394777586911e+01
1.617786168239598865e+01
1.494754993367583573e+01
4.802754746042730716e+01
3.201087050456673211e+01
1.505528386039415878e+01
2.252421491291969247e+01
7.723967743284497089e+01
3.684696170911482938e+01
1.817844059011001718e+02
1.558247277191943070e+01
8.791105584698058806e+01
1.735199979038989397e+02
1.836717980928755622e+01
1.218347855430041449e+02
8.751577884284756692e+00
5.002959279584308661e+02
2.515312273515672548e+00
1.025834519002182151e-03
2.034266965607861621e+01
1.182146422812390711e+03
0.000000000000000000e+00
0.000000000000000000e+00
1.936599678050017701e+03
8.390405907991146250e+01
8.301537279054777230e+01
4.084342112472082675e+00
2.926066906267189936e-03
7.837695756326837349e-02
6.598691263227111747e+00
8.447842129513800202e+00
7.168074992123265154e+00
9.840546588379023518e+00
2.458303558300873881e+00
2.007718561107488142e+01
4.421450123483922745e+00
1.017152976343301596e+01
6.457125675438482482e+00
1.815314856087616846e+01
5.063940408001530002e+00
1.803542913878704113e+01
9.388392656956042970e+00
1.484785273501369396e+01
1.036544715824236640e+01
3.093105428046872518e+01
3.940601164401987688e+01
6.634974953965446787e+01
4.589699465003876355e+01
1.757563552116192356e-04
2.178029654688223102e-06
3.137490041689812870e+02
3.654903373305281267e-183
4.158114424484647354e-17
4.011437920187614736e+02
1.169603322928547882e-80
6.381877338702066282e+01
8.802853361278386046e+01
5.661809240735570370e+01
1.155839101839036687e+01
1.297745146729508008e+02
7.787697001092675819e+00
1.903495687088245631e+02
0.000000000000000000e+00
6.189346552133974200e+01
4.830816813725870702e+02
9.412262685722774336e+01
3.151009706915778183e-08
3.174452841054995973e-16
2.648337638660131721e-175
7.732741140281945036e+01
8.269262330432381702e+01
1.740496232095435403e+01
1.695875690245661360e+01
2.058556162007685082e-13
7.518555015099943262e+01
1.055260177071528460e+03
9.917511449769154941e-02
3.374882613354381533e+02
2.104592295958336123e+01
3.847294292588168929e+01
2.374678933338587115e+02
1.157333352850436651e-52
1.846651806954103525e-01
1.836429819136250808e+04
5.080205068253007994e+00
1.508059981109131513e+02
9.530948880670871981e-01
2.561689985969880468e+01
7.649619206320852527e+01
3.465033851049068403e+01
8.468076770663115838e+01
1.932308851837889208e+01
1.255651893683421463e+02
2.683292489536214376e+01
7.047303669437231122e+01
2.128327130821054709e+02
1.886280398619395839e+02
1.945308164679328002e+03
1.473457890362538194e+02
2.854198469363625090e+00
2.721620658720930308e+01
3.420217472170538997e+01
4.348652395704170885e+02
2.211007213941256921e+01
2.352981123562017984e+01
1.544099923486466821e+02
3.746961017965784890e+01
4.676450786248801705e+01
4.093067056381099178e+01
1.565817407574322395e+01
2.126448517828934470e+01
3.278573479955829839e+01
1.704128926217602213e+01
1.301790448957062551e+01
3.084474785065952673e+01
3.935086161420356632e+01
4.473888531595055440e+01
4.062923936935182212e+01
2.353868051168652542e+01
1.081974932829975877e+01
2.076563366945165257e+01
1.323030118841071179e+01
1.301119009095206103e+01
1.236813207886384802e+01
1.660876577146813560e+01
1.807423174416280176e+01
2.572063650791848133e+01
9.707485939784143980e+00
2.530324957810175590e+01
6.113430197783488396e+00
1.302384772184213979e+01
1.014900820696232486e+01
1.316248467138983536e+01
1.664474319544605052e+01
8.261379386422664218e-259
0.000000000000000000e+00
1.473803369837164146e-01
6.941635323672446134e+01
4.412641703055559361e+01
2.062580139569963080e+02
1.254540171890721325e+02
1.558660235696254119e+02
7.081048145549453920e+01
4.349252283160090542e+02
8.870207893215422519e+04
7.784146710886330993e+02
4.496721135692910138e+02
1.257760835874524119e+01
1.055499534383129934e+01
1.009366164113246001e+01
1.551288474090965153e+01
1.046934550652541596e+01
5.816318503526765049e+00
1.060834292667811418e+01
9.391829802913932213e+00
3.018110710262644325e+00
1.887294985152685811e+01
2.942997358451033207e+01
9.741804703429208345e+00
6.957269725429836349e+00
1.509872935816978945e+01
1.110180840246438372e+01
1.137115003564700011e+01
1.623811631171205860e+01
8.855933720203459814e+00
1.377174983168542610e+01
1.042820516761695444e+02
1.318597831667439912e+01
1.090711003787593469e+01
7.548464319629912822e+00
1.355073631390297706e+01
8.799020492844327634e+00
1.086196641029387244e+01
2.097491092996941475e+01
1.036863979604684971e+01
8.719755679642100077e+00
1.498561378140156641e+01
8.344476966274472218e+00
1.055343636344996305e+01
1.250379986369977381e+01
1.294669412985227197e+01
1.258565955492603194e+01
5.022052922015474152e+00
1.374678706096831175e-224
9.584167262757354422e+01
6.656531131782501234e+02
1.650605836831610702e+02
3.057665588959370666e+02
2.081974850797372198e+02
1.249890343996145958e+01
2.024281410159723649e+01
2.916677824342638203e+01
7.730320508678245517e+01
6.539480710970818222e+01
1.976693671612685250e+02
4.409187198173532352e+01
5.143427320523876745e+01
1.418713593686549501e+01
1.598039345449990911e+01
2.352516419703560757e+01
2.423547272355781246e+01
3.944731759206431576e+01
2.281143912858750866e+01
1.872028305719263486e+01
3.938428568738408586e+01
1.130227146471412425e+01
7.040072894084024036e+00
5.892656724559784465e+01
8.420209058256649826e+01
8.084423887539722386e+01
1.281441459511252560e+03
8.462159894844988208e-08
7.027525692872735874e+01
6.081313433889583848e+02
1.268172083254268055e-27
1.567679078917739943e+01
7.700004358662533832e+01
1.181370623370412858e+02
3.309575428008470510e+01
5.350865110355122134e+00
9.643801716088479026e+00
8.490168292323202692e+00
1.204652879135119825e+01
8.984584094554548983e+00
7.072710164485377149e+00
6.248387938049682333e+01
8.908502208050283144e+00
8.324298624784967515e+00
1.644027248897342419e+00
1.250452015874144607e+01
8.662339201354523510e+00
9.070405853117868844e+00
9.624962215613136252e+00
9.309032925016662574e+00
7.494073830245058687e+00
1.030159125740494730e+01
1.053563165582862382e+01
1.016580736347279235e+01
6.353009458412547161e+00
1.043917050382528977e+01
8.112817858500999790e+00
1.558914327229452290e+01
8.877461122342085176e+00
8.828883925313238734e+00
9.788492470757731212e+00
1.076315505017088547e+01
1.055470260910107072e+01
8.930589487158476558e+00
1.211080510114388709e+01
1.517929786579149543e+01
1.650492236669071744e+01
8.671193665865786215e+00
8.014822812483432202e+00
6.906516517006298983e+00
1.434516057294220914e+01
1.063570040110230686e+01
1.216143376551358735e+01
9.011898787382763842e+00
7.002353500593075708e+00
1.250803361535191982e+01
6.166488722815020473e+00
9.702256273983396184e+00
9.360910871283351753e+00
7.413834902923461811e+00
1.290345169760925614e+01
7.868883681606133607e+00
1.614087904722306632e+01
6.880320284212294801e+00
1.094013330324462530e+01
1.231505953415484989e+01
9.217568347371173587e+00
7.881323121212079563e+00
8.812132581230089912e+00
9.936154302988102316e+00
6.890370450985146888e+00
5.801844515512304845e+00
8.941657052513708237e+00
7.448395616552685894e+00
4.615694378168097245e+00
1.565143819533876623e+01
1.849165250539908456e+01
9.442152226570476259e+00
3.890756546001933458e+01
2.845451548714615342e+01
2.884183685081674753e+01
1.608449710096029506e+01
4.200277096957536571e+01
5.697067966267884032e+00
0.000000000000000000e+00
0.000000000000000000e+00
4.222327998172892194e-280
2.329183103392136545e+01
3.898823886825790197e+01
9.011903655156206838e+00
6.315279537437526791e+00
3.801723283462003167e+00
2.784676602989230432e+01
3.008874491106669069e+01
5.824943788544552081e-01
9.311298663373037243e+01
3.007109809675605927e+00
1.126369397816066531e+01
7.955390730205162519e+00
2.363519991879395832e+01
6.917749263776261870e+00
8.495620339196236159e+00
8.307532286122723875e+00
1.660461609626414869e+01
2.043235573965679563e+01
2.334338237480819700e+01
9.821635603074575727e+00
6.984937916841400529e+00
9.763735802467059521e-01
1.003651051881846584e-02
6.641375901576577689e+01
1.466155917602454224e+02
1.384774650072536133e+02
2.659232920639895383e+03
2.840119020208685185e+01
1.934880935093153909e+01
1.044416111733503243e+02
1.488975738533580451e+00
1.407509949113112002e+00
7.814247958973301600e+00
9.800182553263370178e-01
1.433528372468928680e+01
5.097514229404419339e+00
2.052929847766475024e+00
2.456973765161516582e-02
2.853501397960409136e+00
1.070294205537748678e-08
4.926581070424627740e+01
1.579112139240976265e-01
4.540910664810445141e+00
7.387827485303398944e+00
7.601144452744666326e-20
7.358954845111893128e+00
6.237899171431176626e+01
1.785784852126915956e+00
9.943979446104846964e-01
1.433914823926962967e+01
3.389078026080353023e+00
4.950311880652657592e+00
2.557114412440552265e+00
4.576241264842793299e+01
8.200135957041199036e-20
1.188419373489568187e+01
4.362758827453898789e+02
7.024441875219295101e-138
0.000000000000000000e+00
1.466374378600668251e+03
4.147701413562259631e+00
2.185491133054264026e+02
4.105015544644095826e+03
2.380124446543964987e-11
3.360805940278003744e-32
6.641676539903200898e-23
5.067076039839592565e-32
4.135577223358781751e+00
5.304572239492603874e-17
8.517185953232272663e-03
0.000000000000000000e+00
0.000000000000000000e+00
0.000000000000000000e+00
3.890542261492343377e-99
0.000000000000000000e+00
0.000000000000000000e+00
3.197668198825102692e+01
9.745812568221629269e-29
6.792115144686814795e-07
1.020222694024187489e-15
1.116527235413118113e+01
2.096096759684674637e+01
1.443703376977087938e-27
1.553468599253571801e-02
1.048962463294815528e+01
1.344135609290272537e+00
6.206633291989854584e+00
6.395795677951660041e-01
1.035549601700891387e+00
4.868885977989949489e-97
0.000000000000000000e+00
0.000000000000000000e+00
5.325340647847145095e-126
0.000000000000000000e+00
0.000000000000000000e+00
0.000000000000000000e+00
0.000000000000000000e+00
0.000000000000000000e+00
0.000000000000000000e+00
0.000000000000000000e+00
0.000000000000000000e+00
0.000000000000000000e+00
0.000000000000000000e+00
0.000000000000000000e+00
0.000000000000000000e+00
0.000000000000000000e+00
8.739958445461800407e-48
2.565692227976573102e-13
0.000000000000000000e+00
0.000000000000000000e+00
0.000000000000000000e+00
0.000000000000000000e+00
0.000000000000000000e+00
0.000000000000000000e+00
0.000000000000000000e+00
0.000000000000000000e+00
0.000000000000000000e+00
0.000000000000000000e+00
0.000000000000000000e+00
0.000000000000000000e+00
0.000000000000000000e+00
0.000000000000000000e+00
0.000000000000000000e+00
0.000000000000000000e+00
0.000000000000000000e+00
0.000000000000000000e+00
0.000000000000000000e+00
0.000000000000000000e+00
0.000000000000000000e+00
0.000000000000000000e+00
0.000000000000000000e+00
0.000000000000000000e+00
0.000000000000000000e+00
0.000000000000000000e+00
0.000000000000000000e+00
2.989203162821249274e-54
0.000000000000000000e+00
0.000000000000000000e+00
1.144765445842026061e-36
0.000000000000000000e+00
0.000000000000000000e+00
0.000000000000000000e+00
6.634916060750254879e-55
0.000000000000000000e+00
0.000000000000000000e+00
0.000000000000000000e+00
0.000000000000000000e+00
0.000000000000000000e+00
1.990869481090855225e-18
0.000000000000000000e+00
0.000000000000000000e+00
0.000000000000000000e+00
0.000000000000000000e+00
1.647214863234715978e-320
0.000000000000000000e+00
2.020250443388368784e-40
0.000000000000000000e+00
4.382834941661991110e-82
0.000000000000000000e+00
1.448137200195222896e+01
5.194808416202180831e-237
0.000000000000000000e+00
0.000000000000000000e+00
0.000000000000000000e+00
0.000000000000000000e+00
0.000000000000000000e+00
0.000000000000000000e+00
0.000000000000000000e+00
0.000000000000000000e+00
1.873782702698139602e-69
0.000000000000000000e+00
0.000000000000000000e+00
0.000000000000000000e+00
0.000000000000000000e+00
0.000000000000000000e+00
0.000000000000000000e+00
0.000000000000000000e+00
0.000000000000000000e+00
0.000000000000000000e+00
0.000000000000000000e+00
0.000000000000000000e+00
0.000000000000000000e+00
0.000000000000000000e+00
0.000000000000000000e+00
0.000000000000000000e+00
0.000000000000000000e+00
0.000000000000000000e+00
0.000000000000000000e+00
0.000000000000000000e+00
7.254364079945725052e+02
1.714754030874073265e-128
0.000000000000000000e+00
0.000000000000000000e+00
0.000000000000000000e+00
0.000000000000000000e+00
0.000000000000000000e+00
0.000000000000000000e+00
0.000000000000000000e+00
0.000000000000000000e+00
0.000000000000000000e+00
0.000000000000000000e+00
0.000000000000000000e+00
0.000000000000000000e+00
0.000000000000000000e+00
0.000000000000000000e+00
0.000000000000000000e+00
2.830938459522883597e-64
0.000000000000000000e+00
0.000000000000000000e+00
0.000000000000000000e+00
0.000000000000000000e+00
0.000000000000000000e+00
0.000000000000000000e+00
0.000000000000000000e+00
0.000000000000000000e+00
0.000000000000000000e+00
0.000000000000000000e+00
0.000000000000000000e+00
0.000000000000000000e+00
0.000000000000000000e+00
0.000000000000000000e+00
0.000000000000000000e+00
0.000000000000000000e+00
0.000000000000000000e+00
0.000000000000000000e+00
0.000000000000000000e+00
0.000000000000000000e+00
0.000000000000000000e+00
0.000000000000000000e+00
0.000000000000000000e+00
0.000000000000000000e+00
0.000000000000000000e+00
0.000000000000000000e+00
0.000000000000000000e+00
0.000000000000000000e+00
0.000000000000000000e+00
0.000000000000000000e+00
0.000000000000000000e+00
0.000000000000000000e+00
0.000000000000000000e+00
0.000000000000000000e+00
0.000000000000000000e+00
0.000000000000000000e+00
0.000000000000000000e+00
0.000000000000000000e+00
0.000000000000000000e+00
0.000000000000000000e+00
1.370874869255830845e+03
5.089833277438855379e-230
2.917255142951302673e+02
0.000000000000000000e+00
0.000000000000000000e+00
0.000000000000000000e+00
1.172235368439064132e+03
4.334695694231768215e+01
1.409118043975308987e-01
5.219669507067486336e+01
0.000000000000000000e+00
7.633400730343644682e+03
2.313962582941047341e-01
0.000000000000000000e+00
0.000000000000000000e+00
0.000000000000000000e+00
0.000000000000000000e+00
3.307334350264227146e-12
0.000000000000000000e+00
0.000000000000000000e+00
0.000000000000000000e+00
0.000000000000000000e+00
0.000000000000000000e+00
0.000000000000000000e+00
0.000000000000000000e+00
0.000000000000000000e+00
0.000000000000000000e+00
0.000000000000000000e+00
0.000000000000000000e+00
0.000000000000000000e+00
0.000000000000000000e+00
0.000000000000000000e+00
0.000000000000000000e+00
0.000000000000000000e+00
0.000000000000000000e+00
0.000000000000000000e+00
0.000000000000000000e+00
0.000000000000000000e+00
0.000000000000000000e+00
0.000000000000000000e+00
0.000000000000000000e+00
0.000000000000000000e+00
0.000000000000000000e+00
0.000000000000000000e+00
0.000000000000000000e+00
0.000000000000000000e+00
0.000000000000000000e+00
0.000000000000000000e+00
0.000000000000000000e+00
0.000000000000000000e+00
0.000000000000000000e+00
0.000000000000000000e+00
0.000000000000000000e+00
0.000000000000000000e+00
0.000000000000000000e+00
0.000000000000000000e+00
0.000000000000000000e+00
0.000000000000000000e+00
0.000000000000000000e+00
0.000000000000000000e+00
0.000000000000000000e+00
0.000000000000000000e+00
0.000000000000000000e+00
0.000000000000000000e+00
7.447319589000419252e-149
1.401813628485482763e-250
0.000000000000000000e+00
0.000000000000000000e+00
0.000000000000000000e+00
0.000000000000000000e+00
0.000000000000000000e+00
0.000000000000000000e+00
0.000000000000000000e+00
1.356499596440820160e-06
3.816728111529597567e-01
2.967775327016384241e-13
2.775695698139564150e-275
3.324298842360068535e-06
0.000000000000000000e+00
2.730274962464777891e-63
2.650500037790020635e-01
1.378012398894750204e-03
4.957640121353299456e+00
0.000000000000000000e+00
0.000000000000000000e+00
4.530930192229156578e-02
1.669334693930434889e-123
1.463348409364000346e+01
4.126537139025621335e-10
1.528428465503122986e-64
1.579255651846859720e+01
8.583806041200871206e+00
5.358268888635528810e+02
2.889398562872087961e+00
2.889352318649406892e-01
3.586055797823306613e-27
2.051528509938823674e+02
0.000000000000000000e+00
5.672569234658668695e-151
1.817966687610213217e-11
6.893071496185007030e-01
0.000000000000000000e+00
0.000000000000000000e+00
0.000000000000000000e+00
0.000000000000000000e+00
0.000000000000000000e+00
0.000000000000000000e+00
0.000000000000000000e+00
0.000000000000000000e+00
0.000000000000000000e+00
0.000000000000000000e+00
0.000000000000000000e+00
0.000000000000000000e+00
0.000000000000000000e+00
0.000000000000000000e+00
0.000000000000000000e+00
0.000000000000000000e+00
0.000000000000000000e+00
0.000000000000000000e+00
0.000000000000000000e+00
0.000000000000000000e+00
0.000000000000000000e+00
0.000000000000000000e+00
0.000000000000000000e+00
0.000000000000000000e+00
0.000000000000000000e+00
0.000000000000000000e+00
0.000000000000000000e+00
0.000000000000000000e+00
0.000000000000000000e+00
0.000000000000000000e+00
0.000000000000000000e+00
0.000000000000000000e+00
0.000000000000000000e+00
0.000000000000000000e+00
0.000000000000000000e+00
0.000000000000000000e+00
0.000000000000000000e+00
0.000000000000000000e+00
0.000000000000000000e+00
0.000000000000000000e+00
0.000000000000000000e+00
0.000000000000000000e+00
0.000000000000000000e+00
0.000000000000000000e+00
0.000000000000000000e+00
0.000000000000000000e+00
0.000000000000000000e+00
0.000000000000000000e+00
0.000000000000000000e+00
0.000000000000000000e+00
0.000000000000000000e+00
0.000000000000000000e+00
0.000000000000000000e+00
0.000000000000000000e+00
0.000000000000000000e+00
0.000000000000000000e+00
0.000000000000000000e+00
0.000000000000000000e+00
0.000000000000000000e+00
0.000000000000000000e+00
0.000000000000000000e+00
0.000000000000000000e+00
0.000000000000000000e+00
0.000000000000000000e+00
0.000000000000000000e+00
0.000000000000000000e+00
0.000000000000000000e+00
0.000000000000000000e+00
0.000000000000000000e+00
0.000000000000000000e+00
0.000000000000000000e+00
0.000000000000000000e+00
0.000000000000000000e+00
1.313350625952131034e-01
1.211583199915847473e+02
4.504514841455174463e-04
9.778436568528335246e-03
7.708826555740789672e-43
4.325138987671281399e+01
1.892474746722207783e+04
1.469648904748705434e+02
9.522689782020168536e+01
3.260584771159709817e+03
3.129492581345963753e+00
3.260811874327076865e+00
4.011689450692598413e+00
6.360732283432440903e-01
0.000000000000000000e+00
1.064217932968779046e+01
4.650513238766754043e+00
8.735377796115485066e-03
1.088880653760374884e+01
1.254297315691861172e+02
1.231708586214691481e-01
1.695581051615651447e+01
4.807871590507331483e+00
1.132525516442934102e-03
1.458191297506512312e-06
1.297019259867330798e-01
7.814595621537770320e+00
9.697744880983629745e-01
2.448711731421880644e-01
6.450870402923847974e-04
1.409249921975883853e-43
2.776086154702302355e+00
4.211256163042332301e-01
1.854479998595515503e-02
2.521432084973819765e-01
1.310920081649078149e-08
4.037618432428632942e-01
3.740656224492735493e-01
1.521698688722260329e+01
5.396886958006881230e-01
1.308450751509879328e+00
2.853056845770518990e+00
2.643834543528324546e-02
1.420270788745938262e+00
5.510933390330683551e-02
1.893413096586795907e+00
6.233738090816544286e+00
4.079658640741302023e+00
4.881352947419269839e+00
1.080783330446433599e+00
4.630624347558169921e-04
8.616411816112242050e+00
3.381235778578646767e-01
3.710051643353755590e-01
8.343698705743508581e-01
2.878665484996750790e-01
1.134905582250791273e-03
2.847095797293744113e+02
3.227122993696471553e+02
4.582053777394728300e+00
5.703413815542368939e-03
1.455949459558080750e-01
6.192618129771015845e+01
8.049363130002797462e+00
1.158618331897169690e-07
0.000000000000000000e+00
1.023017931619709789e-07
1.748014039085880419e-52
3.795307159311356315e+01
2.067788987434246550e+00
7.707132191645736263e+00
0.000000000000000000e+00
0.000000000000000000e+00
1.458573734878318646e+02
4.137604429209489609e+01
1.325700558680353609e-47
1.310172682301981517e+01
9.525389509675294963e-01
1.042724188053427170e+01
2.305593668085002790e+01
7.926762717340818654e+01
1.056932321834121686e-29
4.260635512672205039e+01
2.628549430080814773e+02
0.000000000000000000e+00
8.655652330469992630e-108
0.000000000000000000e+00
2.068656992455099055e-269
2.189984723315748424e-224
2.771911850778028565e+03
9.291322699008820158e-08
2.458281441224374648e-119
2.131683484291325925e+01
1.267920423737065221e+03
9.225973483394622754e-01
2.037371398739054383e-74
0.000000000000000000e+00
1.838256788168671001e-120
8.816094404820442644e-11
0.000000000000000000e+00
1.115681642708848665e-255
1.319027078344184645e+00
7.726260614987850683e-275
5.107564604964995263e-130
0.000000000000000000e+00
0.000000000000000000e+00
0.000000000000000000e+00
0.000000000000000000e+00
0.000000000000000000e+00
2.439907576474599782e-40
1.456915943550845475e-60
2.734766734353374903e-217
3.851960237852940190e+04
1.244201888654183676e+03
1.561870038971954955e+03
4.574025784754901906e+03
5.952744106548733756e-16
1.594101249975955206e-34
4.951967050123463022e-171
1.363137738806715788e+03
4.754563895698169070e-146
3.930997885411761723e-159
4.782583152390184722e+01
6.138942965632489951e-02
1.537424074674304819e+01
1.553056717682217709e+02
1.826453470133086129e-51
0.000000000000000000e+00
4.073718753680665486e+03
1.650927585132188140e-40
0.000000000000000000e+00
0.000000000000000000e+00
5.168883100898880230e+02
2.134501629640914416e+03
7.230255609142889529e-85
6.368261228129701158e-15
0.000000000000000000e+00
1.096546448585649863e-157
2.018262591836530482e+05
2.420682792944491599e-79
6.782503365986077073e-78
2.112681895559232500e-26
8.484544030044226304e+01
3.402682193589269133e+01
0.000000000000000000e+00
0.000000000000000000e+00
0.000000000000000000e+00
0.000000000000000000e+00
0.000000000000000000e+00
0.000000000000000000e+00
0.000000000000000000e+00
0.000000000000000000e+00
2.379424625172194090e-14
8.686483461772805509e-63
4.468603543959608998e-40
0.000000000000000000e+00
0.000000000000000000e+00
0.000000000000000000e+00
2.940790649602687134e-22
0.000000000000000000e+00
5.112177763176039419e-02
2.358186276988712970e-01
1.013980554359943937e+02
2.787342626855883765e+01
3.135912970597942149e+02
1.256587941992098401e+01
6.998850057232694155e+00
1.420871406319831642e+01
2.919091183940986323e+00
8.968855808483873204e+00
8.502578692415343653e+01
7.957594817543188093e+00
7.731722142323103952e+00
1.591416019091030698e+01
2.054915031498089206e+01
1.236107626997753073e+01
1.917590641925097117e+01
2.657798302904236909e+00
1.193164463857181801e+01
1.172934469894279985e+01
3.866717604563638666e+00
1.446284308404994690e+01
1.278048419698879989e+01
1.001360756613089187e+01
4.432724197249825693e+01
1.366827337502742168e+01
1.607740615868486316e+02
8.318149451022073038e+00
1.958647177253143212e+01
5.188455370520882326e+01
2.076130025462375670e+02
5.693407185260983994e+00
1.688623668156174062e+01
4.145563060384032106e+00
2.515662639332969874e+01
1.536832908086337746e+01
3.368343021808391846e+00
3.489563970203670706e+00
1.244599876546380379e+01
1.068639132798954527e+01
1.049155094831779600e+01
4.902146299151487696e+00
1.018706739912243719e+01
9.393279368031818066e+00
5.607987843871582001e+00
7.054309374029346991e+00
1.234163852244865911e+00
7.425750887975979264e-01
2.590246716990369347e+00
4.746399364811654031e+00
2.104277140735355822e-01
6.558860298860229143e+00
1.972951522802830926e+00
1.157614630221968532e+00
6.096234763263001177e+00
5.784526463595283552e+00
9.332857324168413626e+00
6.306686250834510066e-01
3.839946589123305642e+01
9.711446760275300960e+01
1.436722907807949809e+02
2.970455405995026865e+01
1.814200662241353257e+02
5.486278206555633474e+00
1.785686380757257155e+02
4.739112979023649075e+01
3.775122683667348156e+01
2.546421820297441059e+02
1.971116944404491733e+03
6.533929340341331226e+03
6.388032893409018286e-16
2.996715424002570136e-58
0.000000000000000000e+00
1.482614881164159897e+02
7.532581326641258102e+01
8.705586595885347378e+01
7.893738435308955021e-12
1.449381733747277985e-107
9.028149230441058261e-09
1.445703695852485225e+03
3.604115878810076889e+00
1.444417528862217992e+01
8.878538990828714304e+03
8.597436051931882730e+02
6.855529421534252640e-09
1.707087811432050444e+02
1.523075809804828395e+01
5.534700529428155741e-08
3.810064941556107243e+01
1.279941474384420728e-63
7.157806802860305879e+02
1.835220801398938905e-12
2.158988182205441262e+03
2.804556254584763337e+03
9.919197872821142710e+02
8.452165408294149529e+01
2.808017478793751252e+03
2.305372062983794024e+02
2.763643628611140812e+01
1.005608334332838361e+01
4.950229382975321002e+00
7.524391313205343934e+00
9.321604959101202681e+00
1.267189445284088833e+01
1.228501879465424196e+01
1.006875326389412884e+01
1.831736081276522299e+01
1.416313836422009054e+01
1.208798824681904449e+01
5.478217605858141069e-03
1.575047613478177766e+02
3.884566218724089942e-02
2.713292913265586380e-04
9.420664503159182467e-09
8.995710082984827204e-04
1.395787005628450039e+00
7.766763130922837099e+00
8.504530867772063019e+00
2.036981917766458494e+01
2.448185501277474785e+01
2.203738621459020663e+01
9.550797714837836239e+00
8.657046817512078718e+00
8.673074247781405788e+00
8.172386836752421502e+00
9.320527680661417236e+00
1.161686475870310353e+01
9.287286302652665526e+00
8.563905442883410046e+00
9.680569187121376373e+00
1.139425389651657561e+01
1.809327534102634161e+01
1.525032151835384298e+01
7.363127046354308369e+00
7.132266871949958897e+00
8.577984230750333339e+00
6.388805030345702463e+00
9.832198006658174450e+00
8.076670174510907074e+00
1.688504677876445115e+01
7.748982182774928340e+00
1.506646934302631990e+01
1.388879491707997360e+01
1.278893110668180810e+01
1.422413248047433321e+01
7.627316885644270350e+00
1.175055473137906326e+01
1.002848716419021358e+01
3.192071968231294576e+01
7.881889730813141703e+00
7.843665172343012415e+00
9.087601326061346185e+00
1.898930067035133451e+00
5.965338488867200084e+00
2.410365978813461538e+02
1.588118931636915931e+02
6.482093641707319875e+01
3.050383229908793510e+02
2.311117227564534460e+03
9.114752544632192865e+00
2.576598107418533701e+01
2.119684522931781601e+01
1.403935691207716374e+01
1.793312793666548188e+01
4.764597947541112433e+00
8.851834189642042716e-01
6.070335871715400344e+00
1.416114175485453686e+01
1.739963720315757811e+01
2.473176530042896104e+01
1.364195910810329160e+01
1.675422665068704760e+02
3.510583396283240454e+00
2.389884877686114351e+01
8.543316220296013341e+00
3.613645719625595998e+00
2.405340000305505654e+00
1.167943041064427234e+01
6.334237510812020133e+00
8.583710390425620673e-01
7.023006282633701858e+00
6.781887763956419235e+00
3.215073009303127893e+00
7.127639773296832182e+00
5.617016619895199625e+00
6.960262618633647591e+00
5.697671857454763789e+00
3.506203658259771316e+00
3.869824253213305809e+00
1.594414102881073703e+01
4.996950712523994476e+00
8.234857748854897963e+00
2.039613499854732837e+00
6.588225904074047179e+00
5.441452857176756197e+00
4.989724786493933806e+00
3.701772956944420212e+00
1.826776365350089693e+00
9.899097365679457639e+00
5.860084451194722099e+00
6.745133707196652395e+00
8.674586436840032722e-01
5.668938234309090163e+00
4.914398147031048047e+00
5.936031356008398596e+00
8.942214731990548060e+00
9.364109193208808080e+00
8.706664748729082248e+00
9.821554748802173052e+00
2.081443627490937942e+01
9.132724697774616374e+00
1.600154364970491372e+01
6.077767618021125529e+00
2.012392805910423021e+01
1.089443327839027909e+01
1.229840794777919655e+01
3.441053385389872155e+00
4.493436120870760164e-01
1.991467913351991026e+00
2.845793919594080457e+00
2.530347205362514273e+01
7.623394007815954332e+00
7.661914948122554136e+00
6.080223224736300836e+00
1.148220069558762901e+01
1.075506351454315990e+01
7.282948901461356428e+00
1.860718062459067212e+01
1.168474198603977143e+01
7.838016219218086000e+00
1.122354098782227716e+01
1.675440881862997555e+00
2.481371685531971405e+00
5.116388735540743582e+00
8.509202230294288682e+00
2.536976908000983855e+00
1.185611391108106183e+01
9.725959127756340195e+00
6.751295525036720591e+00
6.425359597003049927e+00
6.844384177219993148e+00
1.211061283848526848e+01
9.571884759012899480e+00
9.233510894562052540e-01
1.045766836851626280e+01
1.021600122451638448e+01
1.153018827883757069e+01
9.591919823641834597e+00
8.256618237800719129e+00
2.854085366438507521e+00
6.851292972887651267e+00
2.022198576804867365e+00
1.164707683546746608e+01
6.816301436542823389e+00
1.169870985740508296e+01
1.202670935104099925e+01
3.374445767380031214e+00
2.775564847989691231e+01
1.522542348705481663e+00
1.045200952042994125e+01
2.436335858037230295e+00
7.570219845210531595e+00
4.053854505491794491e+00
7.632669327685518645e+00
8.790328672069391835e-01
5.122992057687405065e+01
5.661450610610711642e+00
1.071182816992459097e+00
1.221317604683450142e+01
6.245169891010158292e-01
3.589873781172411071e+01
7.923565070629944529e+00
7.547251397559959329e+00
1.058783242888407194e+01
2.710798973452662602e-03
8.243468629049470309e+00
8.367187162064684713e+00
3.886149218771553504e-01
7.084223940422573307e+00
7.581902188575687873e+00
5.324074902420298017e+00
3.367402025078136241e+00
5.241984058920755807e+00
8.310480724117354612e+00
6.902568560563346445e+00
1.430839986225672256e+01
3.181485425851027227e+00
2.481843620497638625e+01
2.152479135029037494e+01
1.591431578430993365e+00
1.177142636459842251e+01
1.693533019983696208e+00
8.762506578609555064e+00
4.336950885425018498e+00
1.187714550767345223e+01
6.345772323669034876e+00
7.604574818962436034e+00
1.196361053381834694e+01
1.996034041070417331e+01
6.322736059347803028e+00
2.114797911007068265e+01
1.848598194100209824e+01
8.377416515984582190e+01
1.236484095586343734e+01
2.329776686996999402e+01
9.085519990555600600e+01
2.524370535665208948e+01
1.241281016698830264e+01
2.965643862457200726e+02
2.651822253601380908e+01
7.417706762963884159e+01
3.409061626244286325e-01
1.883472259332251183e-117
0.000000000000000000e+00
3.261336717248631430e+03
1.315822147445719237e+00
2.372465755107653557e-230
1.287839863465346378e-09
5.683892520932790137e-69
4.568543693082951052e+00
4.081513408586069538e-04
5.473859544927598364e+01
1.220194927614676494e+01
9.255710951271946385e+01
2.870080720387317187e-03
3.121255913377649904e+03
5.911927823275423322e+00
4.849685326350861025e-01
0.000000000000000000e+00
2.850897989989167627e+02
6.859033360644444883e+02
3.083235317710227150e+02
0.000000000000000000e+00
6.175352821473049320e-06
1.330208940188354268e-05
4.220740502323675258e+01
3.752011735703669526e+00
1.824305903156198383e+01
4.961444328784884306e+01
6.448980643028964721e+01
1.172655381398558028e+01
6.194159830733001471e+00
1.753088863002118956e+02
7.833620106427927965e+01
4.471862051188761455e+00
1.016929560037855751e+01
5.197314469739449867e-10
1.153985101547309000e+01
4.468999589136998196e+01
4.388513169597332819e+01
2.997131277069464161e+01
1.108729099083292446e+01
2.900600903522659682e-07
6.757592358002625588e+01
7.254148069809032222e+02
4.886927794307176782e+02
2.797656520521747581e+01
1.870540402098546195e+01
1.686280629174595092e+01
3.661329692851163031e+01
1.198527548812620580e+02
4.505295057290071981e+01
2.773829447311170071e+01
3.334224149761983824e+01
1.230776227628510711e+01
2.504257311264107244e+01
3.701060234142067085e+00
1.006903234255860369e+01
1.884283066314716537e+00
4.250580666451463152e+00
2.159849334607267934e+01
8.385714621618481246e+00
4.818381758770694745e+00
4.333203775420648718e+00
1.189058556742029893e+01
1.946614920809862070e+01
3.481755572072505345e+01
6.130332483976433622e+01
8.721939010380157509e-01
1.360099233975826039e+01
1.271487781763832459e+01
1.024757370718120342e+01
1.015489038894507345e+01
1.199059072882512389e+01
1.437372716194393796e+01
2.060259120107609476e+01
1.140532907052093847e+01
1.930169755116359553e+01
1.278066138530625437e+02
3.349779676303081999e+01
4.840115240922814621e+01
1.813515475467571321e+02
6.483446643532541032e+01
7.646729071111683140e+01
2.847124876931989945e+01
1.210789865097799662e+02
1.014516083202970975e+02
1.626504919393420678e+01
1.915725324953887920e+01
6.721895801630055622e+00
1.633366656920197357e+01
3.349027211796308023e+01
4.382977707810349699e+01
2.792100176038610471e+01
1.658531923598044244e+01
3.842566967078390405e+01
2.809519378531861733e+01
2.500914767612638556e+01
2.178200259606159150e+01
2.431605708828005774e+01
1.844991066801874879e+01
1.241382170965286669e+01
9.455855710963859906e+00
8.770735243908248435e+00
3.437303159816301701e+01
2.836673780216198182e+01
3.009097482535525359e+01
1.411093791474231551e+01
1.375925953562578030e+01
1.176504933922898388e+01
3.122862416853211442e+01
2.253775175118931884e+01
1.348242584867147187e+01
1.010700977460129835e+01
7.407603674943045391e+00
1.276662383244318555e+01
1.690922723161772279e+00
8.615534092264791610e+00
6.045327492577591499e+00
2.038702336832656314e+01
7.026208181511671924e+00
1.021236481958733933e+01
1.194213986974942898e+01
1.325363371594828976e+01
1.825589947037643768e+01
1.353734033114366753e+01
1.217360743277130375e+01
5.065994196978831354e+01
2.630254592056375174e+01
2.182001389323737683e+01
9.733386921703147010e+00
6.263679236353234536e+00
2.228758422562757602e+01
1.421883138323325113e+01
1.978562545933074235e+00
5.034414911587035135e+00
1.303729794954730892e+02
2.268618533979822018e+02
1.082514189271795015e-96
1.910522073421335065e+01
4.157737534438312110e+01
1.858956407404911459e+01
1.870582528023271252e+01
2.357794519826268953e+01
2.588908402204669112e+00
3.149313452079966069e+01
2.248561249810883567e+01
1.251538000551353491e+01
1.012474309056201704e+01
2.697959150851210808e+01
1.965129796639828896e+01
1.543819536443546880e+01
1.573344802519361885e+01
2.611101369313071885e+01
1.038294560237006969e+01
9.834351945874411527e+00
1.928616335328799991e+01
1.320129437891739954e+01
1.902575044044442265e+01
1.503446272926418636e+01
1.120123479590146864e+01
4.940496376899277209e+01
4.889712315685471111e+01
3.980358303353691285e-02
3.595734089138465378e-171
3.034345118389402529e+01
8.942942784537784462e+00
1.226062712319936310e+01
1.105732675793249165e+01
1.068757185618504302e+01
9.071764028509150535e+00
8.252876690461084408e+00
7.752012271727529935e+00
1.557314848338232949e+01
7.233133519433918579e+00
1.663189980754656361e+01
1.067361667630215827e+01
1.068099441992484167e+01
4.433768458988029693e+01
1.455916360849364821e+01
8.773936905308108436e+00
1.389951965525248312e+01
3.605340224553420825e+01
9.381959538106835694e+00
2.538679101265159233e+01
2.611736983118444755e+01
1.524249413412545451e+01
1.051126191918166164e+01
1.761988189334153532e+01
1.461058586624221078e+01
2.787017192726568382e+01
2.896625562312737756e+01
2.763421406836902250e+01
4.288058576189717286e+01
4.264776087537002525e+01
3.422145258964538783e+01
4.313443451643103543e+01
2.136007736476954832e+01
1.265902096261567245e+01
7.303302181243083169e-01
2.308501944198332989e+00
7.438988540531791926e+00
3.467135728628971947e+01
5.404586683842493500e+01
7.032340948975543427e+01
8.186050549215717353e+01
1.063729790657441328e+02
1.795365472832701315e+01
1.367694989124265419e+02
3.075000645078905492e+01
6.922581918152212666e+01
2.958624299882001552e+01
2.763898980896243529e+01
2.635677858728364953e+01
1.999748251644125574e+01
4.848235799935505241e+01
6.668738490765817062e+01
6.697380732794876224e+01
1.394941907978980922e+01
1.457799025080209177e+01
1.222536126310409443e+01
5.827757205849914968e+00
2.950147448726094268e+01
2.261207189802616568e+01
1.741175639750412785e+01
6.672503864013576091e+00
2.221051335337089228e+01
1.090092972608797872e+01
5.827416800061660851e+00
9.474780415598457850e+00
7.867730089454769882e+01
1.732698673090126373e+00
6.758745421847717871e+00
3.223526632919839319e+00
7.263173155313522500e+01
8.323991879247305548e+00
1.197144671594642189e-34
1.757179315195781442e+02
0.000000000000000000e+00
0.000000000000000000e+00
0.000000000000000000e+00
0.000000000000000000e+00
0.000000000000000000e+00
0.000000000000000000e+00
0.000000000000000000e+00
0.000000000000000000e+00
8.661004601768543125e+02
7.987516151985546742e+01
1.181797066991179469e-91
2.463309588503076952e+02
8.615549116949770792e+01
5.989774229296478538e-12
1.087543017131326550e+01
4.352494978233313994e+00
1.931964760579591101e+00
1.026430641967537660e+01
6.943580153700936286e+00
8.287550045254588937e+00
1.071671995928104515e+01
6.210630274223939651e+00
9.730256831593157685e+00
1.719571101565629334e+01
1.023462152133812975e+00
4.376425564086953273e+02
1.048437256323904876e+03
1.269186818910620218e+01
5.320871121498520040e+01
1.549687661908308556e+01
1.313980247767089438e+01
2.340616550637897575e+01
8.678656633065967796e+00
7.894118682763308747e+00
7.592606492890920933e+00
9.227088304030942822e+00
3.365493781856658373e+00
9.619871651053445660e+00
2.590981783387956057e+03
7.708101910007933100e+01
3.907567789598684271e+01
2.170108581724284136e+01
1.066437934624462969e+01
9.264896010182056330e+00
1.045863599047791581e+00
1.631828852888786585e+01
9.230377145004741379e+00
3.304311994049928103e+01
1.265971699003176454e+01
1.190042534149548459e+01
1.432609235512165391e+01
1.634188366996213659e+01
1.149423145815807068e+01
1.444115704041396775e+01
6.736075743928859083e+01
2.292687189174445095e+01
2.292872148976524116e+01
8.435776736457373914e+00
1.058484528888364551e+01
2.353577359715843897e+01
3.012140057655702918e+01
3.480950970143400269e+01
3.043536038341310501e+01
2.263025837095023007e+01
4.065254431180512285e+01
2.053234588615109146e+01
1.043120354459287910e+03
9.644742605633991889e-18
5.462269593122621245e+02
1.161600250260509313e+02
2.051063097298941784e+02
5.162852185348822815e-09
0.000000000000000000e+00
0.000000000000000000e+00
1.575190040786738791e+03
9.309305739363518342e+02
1.716787777015938673e+03
0.000000000000000000e+00
0.000000000000000000e+00
2.841754089225574744e-30
1.091824133580424009e-143
0.000000000000000000e+00
3.122488879983317389e+01
4.503969481228843108e+00
4.460672320432968796e+00
1.116963302716966844e+01
2.605757883297162536e+01
1.185981790286536075e+01
8.995552344951720514e+00
6.442038339315236506e+00
2.839441153363629056e+01
6.652039985709383707e+00
1.265925080972162275e+00
1.025395452356083581e+01
8.055773954814695159e+00
1.512686587047635633e+01
2.533672904983304974e+01
4.696727340473407821e+03
9.328662860054355122e+01
1.052910915660352636e-38
2.282752875279901517e+01
3.384999054682148767e+01
9.017601999325217221e+00
3.205879299224106660e+01
2.760896596959802807e+01
8.513400844493032693e+00
3.337213543870386268e+00
7.857980500661468914e-01
2.055101114766680226e+00
2.711154900552882996e+00
6.384293377338446263e+00
5.533321915390785328e+00
7.679987900179464866e+00
2.328182984441702796e+00
1.240621651074052245e+01
1.658155559211170171e+01
3.541184730759339594e+00
9.219139966314202184e+00
4.083030401496401396e+01
9.109842591824204305e+00
1.996421527642405067e+02
5.856833515456900159e+02
1.433396519110486054e+02
6.108667076283702535e+00
1.682344702517447388e+00
7.835802568633953413e+00
7.585374048217913057e+00
6.521393887119510069e+00
8.270656791209173520e+00
2.707750514335959036e+00
2.426774595454945782e+00
9.531668398960327693e+00
6.557012740975499021e+00
2.520871699079877626e+00
7.503155455878975921e+00
7.376876261352802722e+00
1.314278994956241897e+00
2.953501891821850300e+00
6.998107681602380836e+00
8.797667349508881074e+00
5.154471493428578022e+00
7.045424805854947792e+00
4.747565449902228174e+00
6.568886696967378924e+00
5.914169974154817488e+00
2.783568320581829525e+01
8.819480199985182622e+00
9.233816464614806208e+00
9.465341792921179831e+00
1.305426637191603767e+01
5.759152542318767054e+00
1.728196725993049965e+00
8.336537741020062953e+00
8.447174459909810196e+00
9.586546413142107426e+00
6.573214863536840369e+00
3.559235177226260038e+00
7.928160570401398211e+00
1.606705427015189969e+02
4.872329506323780812e+00
5.770149485165458145e+02
4.417023791651306652e+01
4.337965205125706234e+02
1.367473379974726413e+02
7.519871386044630412e+01
2.749766030444939346e+01
5.817504327435027260e-04
1.398539505207476807e+01
8.895731476025364515e+00
2.633571468634747959e+01
8.778409272380004680e+00
2.471400589186130148e+00
8.536365025926214045e+00
4.229001790922048087e+00
7.658305890241393854e+00
7.664480463472666649e+00
4.489566065540906870e+00
8.751186510125409157e+00
5.506184754329727760e+00
7.484888312652199893e+00
1.132859648757625237e+01
5.144887487434791629e-01
5.698116594363335174e+00
9.600613836686884284e+00
2.829540362909715157e+01
6.695533870655741460e+00
1.550276967526881435e+02
9.419482120596942565e+00
6.318807903578884222e+00
7.727476072210821556e+00
1.125787704118116217e+01
7.867455276061626535e+00
3.169776627013171755e+00
7.523311727614651723e+00
6.744324640063178222e+00
8.605419182512214604e+00
4.618891578453454549e+00
4.705141919786001381e+00
9.020470806885761306e+00
9.657098541182881135e+00
6.711752567168043804e+00
1.661013484809970908e+00
1.320111575812361826e+00
8.107719368245914993e+00
9.074784139444080466e+00
3.122845857942632808e+00
1.218247463307116440e+01
1.534786137118308780e+01
8.290275566167437660e-02
0.000000000000000000e+00
0.000000000000000000e+00
0.000000000000000000e+00
2.210996455955766452e-10
8.446331724135321792e+02
1.324496588346174164e+01
6.090738354306608215e+01
1.755968658566066551e+03
2.800393578394450955e+01
2.692652609278324007e+02
1.288760802327566424e+01
3.395973493983010940e+03
2.772855120553316510e+02
7.659780921287614319e+01
2.311422741157164637e+03
4.012152070219403868e+02
4.965766277497820624e+02
6.291578959586712472e+02
1.247488845056032460e+03
5.122618128544193894e+01
2.982904543621414106e+00
9.342481515996935215e+00
1.248717985159693100e+01
1.374843600481779404e+01
4.830632065199208824e+01
1.044491107388439488e+01
1.678248123389913005e+01
5.170455299715920994e+00
6.074759023903088462e+01
5.143287979320889747e+01
3.162761459721737083e+02
1.000735752532625327e+02
1.996899294047070583e+01
2.476679686281097581e+00
1.241472928546279419e+01
1.239435031575700208e+01
2.524135121063564213e+01
1.449569127189968754e+01
8.564552720005945474e+00
4.405811261234565990e+01
1.543892049496310115e+01
2.239477940475108753e+01
1.007352595042903687e+01
1.790880110920867452e+01
6.996296897487698681e-03
1.044351134975262774e+01
2.624823062283395458e+00
1.150593057248207884e+01
1.596508747781620885e+00
4.164848921815509897e+01
4.676239525554875875e+00
1.269520623199996656e+01
1.418725727848491713e+00
1.166240470760955006e+01
9.222959296762175541e+01
2.334364509988202485e+01
1.485577227761643115e+01
3.013963950243341472e+01
2.966494383719162897e+01
3.013079155714292912e-24
2.844073152381749878e+02
2.016806250941769179e+02
1.411044042452112137e+02
3.349079995728157400e+01
5.085836668874998878e+01
3.226628685535388286e+01
5.898990273109681226e+01
5.245005955973712730e+01
5.083670319848631891e+01
6.300599269290186299e+01
6.112245321084972005e+01
1.072115903913498443e+02
8.547663782356056572e+02
2.459361575356370849e+03
1.258146249814805273e+01
5.259482860468218668e-01
0.000000000000000000e+00
1.387056657185022246e+01
0.000000000000000000e+00
1.468964692815885087e+02
7.462273399945421204e+01
3.006863844905066085e-01
4.434016647939316158e+00
1.150566790063930789e+01
0.000000000000000000e+00
5.857651172809056088e-04
0.000000000000000000e+00
3.699611828353962295e+01
4.436111646971013442e+02
0.000000000000000000e+00
2.346536910290508433e-07
2.822403500644604059e-18
9.884245381065560116e-18
4.423078638675456278e-237
0.000000000000000000e+00
0.000000000000000000e+00
0.000000000000000000e+00
0.000000000000000000e+00
0.000000000000000000e+00
1.736896809299450982e-12
0.000000000000000000e+00
0.000000000000000000e+00
2.067159981177938554e-14
1.624759533213668718e-179
0.000000000000000000e+00
0.000000000000000000e+00
0.000000000000000000e+00
2.493549301528878277e-74
0.000000000000000000e+00
1.070055090955039168e-03
7.070294508348283102e+01
