# residue i_ratio gamma_2
1.000000000000000000e+00 nan nan
2.000000000000000000e+00 5.084705623868052138e-01 8.130997986279153267e+00
3.000000000000000000e+00 7.530176536571724366e-01 2.900278668393338144e+00
4.000000000000000000e+00 8.247940383157299493e-01 1.896472656640209475e+00
5.000000000000000000e+00 nan nan
6.000000000000000000e+00 9.021357129729395963e-01 9.770319555148236912e-01
7.000000000000000000e+00 9.114280184722445277e-01 8.760904860239139280e-01
8.000000000000000000e+00 9.297349818085208772e-01 6.825859342057278845e-01
9.000000000000000000e+00 9.331744052040130688e-01 6.470009313264519779e-01
1.000000000000000000e+01 9.453483786030871805e-01 5.229383039786573706e-01
1.100000000000000000e+01 9.462275718937608326e-01 5.140910201017507841e-01
1.200000000000000000e+01 9.088198233068351950e-01 9.042341715801656132e-01
1.300000000000000000e+01 nan nan
1.400000000000000000e+01 6.324160752193741519e-01 5.035810761958265047e+00
1.500000000000000000e+01 4.625083996547258991e-01 9.635196387634364257e+00
1.600000000000000000e+01 nan nan
1.700000000000000000e+01 3.315330608697476533e-01 1.576389075880790180e+01
1.800000000000000000e+01 4.324694976325091922e-01 1.076344732357386569e+01
1.900000000000000000e+01 3.679028742290099685e-01 1.370088803016695422e+01
2.000000000000000000e+01 2.145992124025829784e-01 2.594839034684237333e+01
2.100000000000000000e+01 2.546175157904091435e-01 2.163412975709896102e+01
2.200000000000000000e+01 2.294055123192206835e-01 2.421589209630359463e+01
2.300000000000000000e+01 nan nan
2.400000000000000000e+01 nan nan
2.500000000000000000e+01 5.402918252765273599e-02 7.629937260608618033e+01
2.600000000000000000e+01 1.918912703618292359e-01 2.899578632392992716e+01
2.700000000000000000e+01 1.808141418763382358e-01 3.068966296784857306e+01
2.800000000000000000e+01 1.353308699083403122e-01 3.968714520318118844e+01
2.900000000000000000e+01 1.655293846160224847e-01 3.330117867045894542e+01
3.000000000000000000e+01 1.561363020177361782e-01 3.509157013199305197e+01
3.100000000000000000e+01 1.650619093790417213e-01 3.338669447973370552e+01
3.200000000000000000e+01 1.575320349586337709e-01 3.481557662709800383e+01
3.300000000000000000e+01 1.010819009804815732e-01 5.000242705761927198e+01
3.400000000000000000e+01 2.840975472698901716e-01 1.908387656825165024e+01
3.500000000000000000e+01 4.032692677663275438e-01 1.199447210568582456e+01
3.600000000000000000e+01 4.036013132258861047e-01 1.197963746662056828e+01
3.700000000000000000e+01 5.216634906831227880e-01 7.741441503156144321e+00
3.800000000000000000e+01 6.128476150850232784e-01 5.451539745174060592e+00
3.900000000000000000e+01 8.368301749780766574e-01 1.743335249508533691e+00
4.000000000000000000e+01 8.340789134032086105e-01 1.777989138337719544e+00
4.100000000000000000e+01 7.929677788760896018e-01 2.321467958864379622e+00
4.200000000000000000e+01 6.722350450448709713e-01 4.255930782231635234e+00
4.300000000000000000e+01 3.456797030783440583e-01 1.491914312014025867e+01
4.400000000000000000e+01 nan nan
4.500000000000000000e+01 9.011105438058067962e-01 9.882837771246677505e-01
4.600000000000000000e+01 9.211085556449792877e-01 7.728976086997907391e-01
4.700000000000000000e+01 8.960455391880379761e-01 1.044217226298974177e+00
4.800000000000000000e+01 8.626699618117155133e-01 1.427607212836557560e+00
4.900000000000000000e+01 7.386439827027974081e-01 3.122163694301188119e+00
5.000000000000000000e+01 nan nan
5.100000000000000000e+01 8.903376516521827044e-01 1.107940293939140952e+00
5.200000000000000000e+01 nan nan
5.300000000000000000e+01 nan nan
5.400000000000000000e+01 9.267524400647508820e-01 7.136380745303848583e-01
5.500000000000000000e+01 9.248563322343674731e-01 7.334735506637896085e-01
5.600000000000000000e+01 8.903479856261063974e-01 1.107824256937146146e+00
5.700000000000000000e+01 8.055818109337713473e-01 2.149419751809321877e+00
5.800000000000000000e+01 8.731113747748944220e-01 1.304818616334488146e+00
5.900000000000000000e+01 7.870498660868356922e-01 2.403887023050973237e+00
6.000000000000000000e+01 8.113884572596086198e-01 2.071835470005003010e+00
6.100000000000000000e+01 8.746729183207119229e-01 1.286682979355315171e+00
6.200000000000000000e+01 9.020848006549896381e-01 9.775902007477740296e-01
6.300000000000000000e+01 9.108715868725053566e-01 8.820823892712572611e-01
6.400000000000000000e+01 7.732819045199857966e-01 2.599998735678374917e+00
6.500000000000000000e+01 7.097369809194472579e-01 3.592532905934189724e+00
6.600000000000000000e+01 8.232732205807264947e-01 1.916108712032204231e+00
6.700000000000000000e+01 nan nan
6.800000000000000000e+01 8.784481083576860527e-01 1.243079052723080391e+00
6.900000000000000000e+01 8.199834557983479710e-01 1.958808531651243579e+00
7.000000000000000000e+01 7.347665913318383035e-01 3.183342035757282140e+00
7.100000000000000000e+01 8.423163179044407256e-01 1.674842664248516355e+00
7.200000000000000000e+01 nan nan
7.300000000000000000e+01 9.736207209445192357e-01 2.457319915669838595e-01
7.400000000000000000e+01 nan nan
7.500000000000000000e+01 9.529028545457911559e-01 4.474025195412205114e-01
7.600000000000000000e+01 9.390208936834130160e-01 5.870556090963107154e-01
7.700000000000000000e+01 9.001006108319355992e-01 9.993910738969061791e-01
7.800000000000000000e+01 4.863610156075068858e-01 8.824262057654550517e+00
7.900000000000000000e+01 nan nan
8.000000000000000000e+01 8.554019693241281530e-01 1.514673091203480704e+00
8.100000000000000000e+01 8.981838160742339205e-01 1.020534295414265102e+00
8.200000000000000000e+01 9.142341697392504241e-01 8.459734021708131824e-01
8.300000000000000000e+01 9.085822165770780501e-01 9.068053423937487700e-01
8.400000000000000000e+01 8.626062824490694503e-01 1.428364299283432226e+00
8.500000000000000000e+01 nan nan
8.600000000000000000e+01 8.166419714565429366e-01 2.002496090408218521e+00
8.700000000000000000e+01 4.571524696296613843e-01 9.827144946397504910e+00
8.800000000000000000e+01 7.957715584184854585e-01 2.282803330697886324e+00
8.900000000000000000e+01 7.079605220599991533e-01 3.622550380932974434e+00
9.000000000000000000e+01 6.758342890087791766e-01 4.189440430001675431e+00
9.100000000000000000e+01 8.079929743714588941e-01 2.117081956765316075e+00
9.200000000000000000e+01 8.215570567567278548e-01 1.938345468291216900e+00
9.300000000000000000e+01 7.874863450469874460e-01 2.397770257239051794e+00
9.400000000000000000e+01 7.426157910968954612e-01 3.060085965734897773e+00
9.500000000000000000e+01 8.887912701707108010e-01 1.125331653956956446e+00
9.600000000000000000e+01 nan nan
9.700000000000000000e+01 9.095453787869817175e-01 8.963903864586164616e-01
9.800000000000000000e+01 8.733124826932340268e-01 1.302479677971362104e+00
9.900000000000000000e+01 7.094795518218900421e-01 3.596874514179832616e+00
1.000000000000000000e+02 6.878225760915832598e-01 3.972418336086741775e+00
