 hydrolase R1 R2 NOE 
1	n	n	n
2	n	n	n
3	0.8347106058329576	3.3149903865278785	-0.568355258
4	1.2125474409186259	2.779090125892783	-0.177764187
5	1.2959579072871712	2.894439781180352	-0.123780066
6	n	n	n
7	1.4038634321653187	2.643334831223071	0.023465098
8	1.6688918558077435	4.1204829205982945	0.220341512
9	n	n	n
10	n	n	n
11	n	n	0.171034217
12	1.6740324092674435	4.743833017077798	0.324830027
13	n	n	n
14	1.712416733736322	5.47945205479452	0.295022684
15	n	n	n
16	1.8161345392466675	4.49458402624837	0.421153605
17	1.8374246655887108	4.7247814788566025	0.425169246
18	1.7476101431292708	5.189682910374176	0.323108998
19	1.7788529955884447	4.031445273130417	0.381970335
20	1.686312203841419	3.840393256269442	0.269921243
21	n	n	n
22	1.74809894240014	4.062563477554336	0.329330984
23	1.743496757096032	4.118107317876704	0.337199796
24	1.636420167242141	4.13890153553247	0.299853604
25	n	n	n
26	1.8833810456531566	5.081817257851408	0.449797513
27	1.911790008985413	4.9997500124993755	0.485942331
28	1.9919525118521173	6.599788806758183	0.473602694
29	1.8201674554058973	6.148927012236365	0.400644034
30	1.7818324364776734	5.900749395173187	0.377175888
31	1.5510849839462704	4.886391399951136	0.322995963
32	n	n	n
33	1.6700624603360166	5.47555166182993	0.238085717
34	1.610383754448685	4.108801051853069	0.252649997
35	1.6930786942977112	4.484707148623195	0.240155988
36	1.8482921780275028	5.224114512590116	0.282545297
37	1.7557721007813185	5.12952038984355	0.300083087
38	n	n	n
39	1.737921445950643	4.085301086690089	0.266372369
40	1.8517489769086901	4.053177691309987	0.310895586
41	1.7052915195852731	4.202563563773902	0.213799758
42	1.6731361263552402	5.047445992327882	0.259162788
43	n	n	n
44	1.6127471535012743	3.5783296357260435	0.203542714
45	1.5011408670589648	3.736641506613855	0.177720153
46	1.4871657594955536	4.768944632552817	0.202861105
47	n	n	n
48	1.673416111650323	5.646846236376984	0.273299299
49	1.8085799030601173	4.258399693395222	0.292816951
50	1.8715376553376253	4.46548182548897	0.392084258
51	n	n	0.403293499
52	1.9009238489906095	5.088022794342119	0.328024883
53	1.9201228878648235	4.6185109920561604	0.313528742
54	1.8106101756291872	3.888478438387059	0.267660614
55	1.692276450280918	3.570663429265158	0.30493628
56	1.6627591825875858	3.729395092116059	0.219241515
57	1.7425245695964315	3.519144144144144	0.221203741
58	1.6763054228480432	3.6843268734802153	0.174383881
59	1.8874690926936075	4.806536890170632	0.206375885
60	1.7566356913239765	3.8293635597763656	0.203341493
61	1.6747332987221784	3.482864307606576	0.172898463
62	n	n	n
63	1.4828435006969365	3.2107882485150103	0.044091746
64	1.5195489978574357	3.4199726402188784	0.066487153
65	1.3733999890128001	3.8887808671981334	-0.060217776
66	n	n	n
67	0.9857169612317518	2.3424689622862496	-0.669888228
