1.194609657045914375e+01
5.424956922554736494e+00
4.028733668595565476e+00
2.830473313346749453e+00
1.655689051468071105e+00
4.830349335549280809e+00
6.408111145673484721e+00
1.011884909667145926e+01
6.505676857473181585e+00
8.597367570575011574e-04
8.950134182236051572e+01
4.776741424043067299e-03
1.544989623650756698e+02
5.276694584269276511e+00
2.647075967887598935e+01
5.402947225080796443e+02
1.131613487949577603e+02
0.000000000000000000e+00
9.859426841434149935e+00
1.060666176607422884e+01
2.785767663358794977e+01
1.554992487047746863e+01
1.063179280063114085e+01
3.828954322758249873e+01
1.343212393997606000e+02
3.361125051021157661e-01
3.270271028548482395e+00
1.916223854850428765e+01
1.425739280411266563e+01
2.511049808791550930e+00
9.688602827955136831e+00
1.381712421872180308e+01
9.378128730257850876e+00
2.073997343639723567e+01
9.657948513988921846e+00
2.129895414838967937e+01
2.299727739225436807e+01
1.484295394057594031e+01
5.569388846402847371e+00
4.401018429607262306e+01
1.453344429699890672e-13
1.217943931724035593e+02
1.323950701224123918e+02
1.144377437367326564e+02
1.195606384664240380e+02
8.314894723243515529e+00
4.093496768452675006e-115
4.506681607872605966e+00
1.046872373385474120e+01
3.979487546107895923e+01
8.849713743054094195e+00
1.391449789902436684e+01
7.056831157355455630e+00
3.286527624002352432e+00
2.814339341773533509e-01
4.470348239697676494e-03
3.264212498382534733e+01
4.168591938426438759e+01
1.141438265048506873e+00
7.762776001536659010e+01
3.315693616958965642e-05
6.106256867832760005e-02
3.413519333691743185e+01
5.660504788463169845e+00
1.854489276474326209e-02
6.332720284922480403e+00
6.155602262881709663e+01
1.353152965233698346e+01
3.635935895948602115e-01
3.618413634780365840e+01
3.709175526697513353e-02
1.398154873266052453e-51
4.296022340277543816e-01
5.081214755484636214e+01
1.068574572905212072e-01
5.390174385993443667e-06
7.455891515951343362e-03
4.034835607210209396e+00
8.539387666119637288e+00
1.543995782520780935e+01
3.381603254366509145e-03
1.799399356746765211e+00
2.755947585671644773e-01
4.950707978544858625e-07
2.273893933025916780e+01
1.721866705234528538e+01
3.930907363425217849e-01
1.450746320540293066e+00
5.003779739587902424e-06
1.102124271583092430e+01
3.804476445470061658e-04
7.939048782199417383e-36
1.240491010766599400e+00
1.844707205229233760e-01
2.571054930584061182e+01
3.272254840769974304e+00
1.669153892671608119e+01
1.403023216381659921e+01
8.841030191086877821e+00
5.766742083455755363e+01
3.083348815495424500e+00
2.815413540137352122e+00
2.866414718453433430e+00
1.501671337181484118e-03
5.872343437141520894e+01
2.028200837377105032e-07
1.603515264063622325e+01
5.627290280225202679e+01
4.397296522507721761e+01
1.413287188020289742e+00
3.996117632816224841e-02
2.731928851886764368e-04
1.038689344662645198e+01
4.568753038661445970e-02
2.204508442409430224e-01
1.865329875517332781e+01
8.376706949795043045e+01
6.486259205983750498e+00
7.773066048505620884e+00
6.015685284661721739e-194
2.756327370775386143e+01
3.061258956797358044e-02
5.267136127109041581e+02
1.656275122564366598e+01
1.670691467014542297e+01
2.013497633782913354e+01
5.137351643567108403e-21
2.898810217512382792e+01
6.827521995248321014e-08
5.902819258238856115e+00
2.035638238586197725e-308
9.630243562719627448e+00
6.789430991864552425e+02
1.462584410019913461e+00
3.615732849605299037e+01
1.192336630056155949e-01
4.169832857552798790e-03
2.765712564623393988e+00
2.486391912427177793e-07
1.593561266780760395e-10
4.143027327413248884e+01
2.601032590113680168e-55
2.835521097229519061e+00
0.000000000000000000e+00
2.729984215284962324e-25
6.435315495128919849e+01
1.316199538028186863e-29
3.528823369569412551e-246
1.283257850462288908e-88
7.349356675251063910e-06
6.109008593728000314e-01
5.289308319281872773e-279
1.142772916436981338e-08
1.660506967918593906e-43
8.128418391160338041e-01
6.615364438809144543e-02
0.000000000000000000e+00
2.786429715568491172e+00
8.827107414684711273e+00
7.612722571820817847e-203
6.160449787517980269e+01
7.741922613858918112e+00
8.000995166457100183e+00
2.740417062083408339e+01
3.776242346169122044e+01
1.605390047020916100e+01
1.812633041816172019e+00
1.301348202166606249e+01
7.166474557914895627e+01
1.539432837745296290e+01
1.005096592324382421e+01
8.825209977681261364e+01
2.589824765091797154e-02
3.134160599262336699e-01
1.107192210575814606e+01
9.568437496503793938e+00
7.250764978303661223e+01
2.270780443021528328e+01
1.035013646587836650e-01
8.783248714296907345e-01
1.076991770461883213e+00
3.187318274900176274e+00
2.037243262742606476e+00
3.692994576389855843e-01
1.433189260972038959e+01
7.872579632245016334e+00
9.299609239993223753e+01
7.809046946944246059e+00
3.127990255659941488e-01
1.878735821039036879e-10
4.316290242215973016e+00
0.000000000000000000e+00
3.589882021226956245e-62
1.370834266827121262e+01
2.152327046963485202e+01
4.973295234449143009e-15
3.660991574006629279e-02
1.083469899759195165e+01
1.450491647179134347e+01
6.172398159136467655e+01
1.995255444889195573e+01
3.474008481591438637e-61
1.552735157777186269e-272
3.047744971865654593e-99
1.206356515357256320e+01
2.874377005597107861e-31
3.779834657925076868e+01
4.158142652935564598e+01
2.999552024550245051e+02
1.961929733907507156e+01
4.187518169119368139e+00
3.618818703932584668e+01
3.447459259034967083e+00
0.000000000000000000e+00
1.654170245885801292e-12
2.496431100993886377e-284
3.396998262159682274e-254
1.246667357712343825e-24
2.173014870178101299e-01
2.187945170261175676e+01
2.584659264493403796e+01
1.436610266373515188e+00
0.000000000000000000e+00
1.337394320778309836e-308
1.063694239564921044e-14
8.329681659590441711e+00
2.768750465339487121e+01
2.762322349273894861e+00
8.066419124343122249e+00
4.658029822977616163e+01
7.684558237413382509e-01
1.011132048050238197e+01
5.817103228161840001e+00
4.502665824232850333e+00
1.605649783262786912e+01
1.711440978934565482e+00
7.709994226133374262e+00
3.219709110483471193e+01
7.533579673006667754e+00
0.000000000000000000e+00
4.007449143477668940e+01
1.209787552667751775e+01
1.158374342808638424e+01
1.041852483823959261e+02
9.722865995624042412e+00
1.115174483232240199e+01
2.878695205526538103e+01
1.065698839869013751e-188
3.352855128003924826e-181
9.593061114376590481e+00
2.959919994591149361e+01
0.000000000000000000e+00
0.000000000000000000e+00
4.690511882996930004e-01
6.582662044376857615e-13
2.836238040714600325e-35
5.383949545441418572e+00
1.013701009060198003e-03
1.494589434671522055e+00
9.858880286645604230e+00
0.000000000000000000e+00
3.677382883669720146e-07
2.450128179678614071e+00
1.945712573939895741e-28
0.000000000000000000e+00
0.000000000000000000e+00
5.715236661085589983e-114
0.000000000000000000e+00
0.000000000000000000e+00
0.000000000000000000e+00
8.271625879872181031e+01
0.000000000000000000e+00
1.081288282353380361e-36
4.781039721188125793e-11
1.418320669653837740e+00
5.517991778270904746e+01
1.386037983135279816e+00
4.172802591714160070e-02
0.000000000000000000e+00
1.110452957152025988e+01
8.815415814207969481e-26
2.502408972778121665e+01
4.981247597344647809e-02
1.735000471243291782e-03
2.100147939358531316e-09
4.657428158667904938e+00
1.298809435918801434e-03
3.506893552496037070e-01
1.770085653212899249e-15
3.220672929866917771e-06
1.294547702944194364e-14
1.782408293606941285e+01
0.000000000000000000e+00
2.753861888340454660e-07
0.000000000000000000e+00
0.000000000000000000e+00
0.000000000000000000e+00
0.000000000000000000e+00
6.761100275690237638e+00
4.083947568583369965e-05
3.785940567266237178e-01
9.393311296860734672e+01
3.308596333206844875e+00
5.177679139554739463e-01
7.347686490978970753e-01
7.312948427677398833e+00
1.645987435087601369e-01
2.019318991609740976e+01
1.067728711149569464e-25
0.000000000000000000e+00
0.000000000000000000e+00
0.000000000000000000e+00
4.258547973885844398e-147
2.245683111041069013e-06
4.909717904851791003e-121
1.698770906804361654e-36
0.000000000000000000e+00
0.000000000000000000e+00
3.200979791300721189e+01
2.748492083231928262e+01
1.130723106263054767e+01
1.713007418098201740e+01
3.670071536249344035e+01
6.373627666766162214e+00
9.192449874023307643e+01
1.525040376833454303e+01
1.251712840006055671e+02
1.510012522948905200e+01
4.553526974475730071e+01
0.000000000000000000e+00
0.000000000000000000e+00
0.000000000000000000e+00
4.475855236892731455e+02
1.147379932022399193e-64
6.759388553486898876e-02
7.247043019150637170e-65
2.560175636195169346e+01
0.000000000000000000e+00
4.147105070244955910e-30
2.925374586745701584e-08
0.000000000000000000e+00
5.565655089283898516e-01
1.048152726353766440e+02
1.571360817376262276e+02
1.012379589537648883e+02
4.471503622489781260e-69
4.884002952976702545e+02
5.046281423801195842e+01
3.480229719003163780e+01
2.817599674555454840e+03
0.000000000000000000e+00
3.566915296128477658e-02
0.000000000000000000e+00
8.688395298863881924e-198
0.000000000000000000e+00
2.309085699733140484e-02
2.041148260921983848e+01
1.952819609458437229e-76
4.601447343730162842e-01
0.000000000000000000e+00
8.215882726293857316e-16
0.000000000000000000e+00
1.165403517712501322e-38
5.427624394724045942e+01
3.428797783113853637e+00
2.049231537817375397e+02
3.967630970209201080e-01
1.921195040294034584e+01
8.897481390418157332e+00
4.325297381544058339e+01
2.043302433046401489e+01
9.437272340459450959e+00
5.811272520465886160e+00
5.849692702781930542e+00
3.521512593963456172e+00
1.694512093615115761e-02
1.370294286137407891e-01
1.754413569360245333e+02
2.920682236111514740e+01
1.727230014337435549e+01
3.288620237719661787e+01
4.633938517693909631e+01
1.438970752626597682e-03
7.765131045458113945e+00
1.396087494991466116e+01
4.834370314777539335e+01
2.059385070509770514e+02
2.482732829133820651e+00
4.177654004862497820e-03
1.827167259195810356e+00
0.000000000000000000e+00
7.200828793831146168e-84
0.000000000000000000e+00
0.000000000000000000e+00
0.000000000000000000e+00
0.000000000000000000e+00
0.000000000000000000e+00
0.000000000000000000e+00
2.883079723967198817e-44
0.000000000000000000e+00
0.000000000000000000e+00
7.253901415797744789e+01
4.687368718132471115e-07
6.799523792983741767e-280
2.114169689668718233e-58
1.490585563041906268e-22
1.423871600941540727e+01
1.170534574556739749e+01
1.279618407755447884e-01
5.121263219200168901e-53
9.340579984331547791e+00
2.268591716134044154e-39
5.296128359007210712e-02
1.540923971008848227e-12
0.000000000000000000e+00
9.285872801544152706e-59
1.202998814333513210e-02
7.063944781597701877e-04
0.000000000000000000e+00
0.000000000000000000e+00
0.000000000000000000e+00
0.000000000000000000e+00
0.000000000000000000e+00
0.000000000000000000e+00
0.000000000000000000e+00
0.000000000000000000e+00
0.000000000000000000e+00
2.149185559409422467e-321
0.000000000000000000e+00
0.000000000000000000e+00
1.460560793581129069e+01
0.000000000000000000e+00
8.042860124758908569e+01
4.564540296768299754e+01
1.288430896768843013e+03
1.193157626362203274e+02
2.206600646235751242e+02
5.626223136492144761e+01
8.279332344379632638e-07
1.031045335805515890e+02
3.702648435728099230e+01
3.062924803037748802e+02
3.512381137922169927e+01
3.747422302678629788e-06
2.833879411440423102e-01
4.200469317506524902e+01
5.135375877676272438e+01
9.456399748925529980e-02
1.596160110261021003e+01
5.839685114047187042e+00
3.041285685851525145e+01
2.535729411406621381e+01
1.263326496451842651e+01
5.074784550113906620e-05
1.203106542920127282e+02
8.356086748779146092e+02
4.708873564515991600e-04
5.990496224397710279e+01
8.294686162053142198e+02
3.298274337506066331e+03
3.340574112021465112e+02
1.912821678867602168e+04
2.959370958078079070e+02
1.514119853595554446e+02
1.453070357374179267e+01
4.379949803065672143e+01
3.826024283882225596e-01
4.035334435182002188e+00
7.630222642189482940e+01
3.656836373799487205e+02
2.323682946815275955e+03
1.751090332252040014e+02
1.174099771234245736e+03
5.085828224970756395e+01
1.826480927796954461e+02
1.921363966096544494e-03
6.754318026857571122e-07
1.256970237959048906e-99
4.437586707115784269e-20
6.787739241236156886e+03
8.472740694467273403e-01
0.000000000000000000e+00
4.114410034115065287e+02
7.828897003119337569e+03
1.346965387087815674e+06
2.709970459544270042e-39
1.362395063019211250e+01
2.733213457821411794e+04
9.030274025011245840e+02
6.588049612193985105e+00
2.760433879256748241e+03
2.480919792615090132e-314
1.095205013524574287e-09
2.597439603135964035e+02
1.560356893754549219e+03
3.048499419446264369e+02
0.000000000000000000e+00
5.663289665419188168e+03
2.164258221110064824e+03
9.166121411196752433e+01
0.000000000000000000e+00
2.218408618157212118e+02
4.379626794088770794e+02
3.613709311312831123e+05
1.793801117229273245e+02
9.908884593042827191e+02
2.289452452780623659e+01
3.511952356910571325e+03
1.074426574433508222e+03
6.012114587841722823e+04
5.048835174562441921e+02
4.083818014402130211e+04
1.128185059184640234e-153
2.505829737619671505e+03
1.938479812813733702e-55
4.452940093540511348e-155
0.000000000000000000e+00
9.039768356574036192e-162
3.764631725027973815e-74
1.127401302389853291e-106
1.846113818347237120e-22
1.106847082976135920e-48
0.000000000000000000e+00
0.000000000000000000e+00
1.405851807699149414e-01
3.421831260936720298e+01
5.318114624296707916e+03
2.812955593683260531e+02
2.086566267289206280e+03
2.172276649828908376e+03
1.838272606746561905e+03
1.832900626154291331e+03
3.409916986613928316e+02
2.227693516282242854e+03
1.350168591960743925e+03
5.637957165766648359e+03
2.514274530283310867e+02
1.958847906036188249e+02
3.787671384326702082e+02
0.000000000000000000e+00
2.187355087016968810e+03
1.571995262239453837e+02
6.431341628663724919e+01
1.964116519666296767e+02
1.309628116824390645e+03
4.228949500123115286e+03
1.288403784154844604e-04
1.179182688408490222e-44
0.000000000000000000e+00
9.126621603687881006e-224
7.814761593054183209e+01
5.869913798286039211e-191
2.908426793526082861e+02
6.516222649175230958e-75
3.989189506172780421e-163
1.322335280458407089e-273
5.910292884073725502e-190
5.543249287387348012e+00
6.460584938926990617e+01
3.892330301220053457e+01
2.032078235407252520e-01
1.261167090062997715e+02
4.893370705909532575e-02
5.287431632713585827e+01
4.546731867664235575e-56
0.000000000000000000e+00
4.346656199508324359e-64
1.451648259663563674e-52
0.000000000000000000e+00
0.000000000000000000e+00
0.000000000000000000e+00
1.084498460058075580e+02
5.548601754161072366e-296
0.000000000000000000e+00
2.726803098810794048e-03
3.835287890529268852e-95
6.114482109472961502e-02
2.375643988220405678e+00
0.000000000000000000e+00
4.275772106971986375e+01
5.591561535539494088e+01
8.562232086173808057e+02
6.707286900566026588e+01
1.855677986122267100e+02
6.612523890367971262e+02
2.633872086920142124e+02
2.822460782042692591e-12
6.438696476214771565e+02
6.450877351538323410e+02
9.643858664066749498e+02
6.039036162394537399e+01
4.454411209136870298e+02
3.868775098577818650e+00
1.012356108849988203e+02
0.000000000000000000e+00
2.235322232531073894e+01
2.350690689290039472e+02
1.925176268846313603e-81
7.760744350566819613e-62
4.432726919006668140e+02
0.000000000000000000e+00
1.203817507810043139e+02
0.000000000000000000e+00
1.420536773398093449e-07
0.000000000000000000e+00
0.000000000000000000e+00
2.043273357691850833e+02
0.000000000000000000e+00
0.000000000000000000e+00
0.000000000000000000e+00
2.958200119875361338e+02
2.329243892774959246e+00
2.689920388256449284e-03
3.438374189101903656e-148
0.000000000000000000e+00
0.000000000000000000e+00
6.307058665121621743e+02
0.000000000000000000e+00
0.000000000000000000e+00
1.391038694192398078e-60
8.980319868989797047e-11
5.305554421187993165e-153
0.000000000000000000e+00
3.796573572872028156e-150
8.252709411408607920e+00
0.000000000000000000e+00
0.000000000000000000e+00
0.000000000000000000e+00
9.950598519866569191e-17
6.398255704026414747e+00
0.000000000000000000e+00
0.000000000000000000e+00
0.000000000000000000e+00
0.000000000000000000e+00
0.000000000000000000e+00
4.813380632294287543e-36
3.005404287937337244e+02
0.000000000000000000e+00
0.000000000000000000e+00
0.000000000000000000e+00
0.000000000000000000e+00
0.000000000000000000e+00
0.000000000000000000e+00
0.000000000000000000e+00
0.000000000000000000e+00
2.182201770695012160e-186
0.000000000000000000e+00
0.000000000000000000e+00
5.688094233285908574e-01
2.479649666613481687e-63
3.430796340444324626e-223
1.238798168799245679e-04
3.442229920591697915e-153
0.000000000000000000e+00
4.993706562050841893e-112
5.138128844765564196e+00
0.000000000000000000e+00
0.000000000000000000e+00
0.000000000000000000e+00
1.493075164089600598e-55
1.173925583136212333e-159
4.513399595561503036e-107
0.000000000000000000e+00
0.000000000000000000e+00
6.368497460621496131e-01
1.053465541105881300e+02
1.516288916638247330e-01
5.169247864974380625e-199
1.176452367253049604e-29
2.140027195184472025e-34
3.927612232239265948e-60
0.000000000000000000e+00
0.000000000000000000e+00
3.552804245876944123e+01
9.810510879556369037e-10
0.000000000000000000e+00
4.777834281341006735e-177
0.000000000000000000e+00
1.486944671967948928e+01
5.082019966417931722e-303
3.174761631141050891e-05
0.000000000000000000e+00
1.007748976570603463e-137
1.354578713159395820e+00
0.000000000000000000e+00
6.935361662675111560e+00
9.505803596375176356e-01
3.696077116124014683e-01
7.940252598043768578e-79
0.000000000000000000e+00
0.000000000000000000e+00
0.000000000000000000e+00
0.000000000000000000e+00
0.000000000000000000e+00
0.000000000000000000e+00
0.000000000000000000e+00
0.000000000000000000e+00
0.000000000000000000e+00
0.000000000000000000e+00
0.000000000000000000e+00
0.000000000000000000e+00
0.000000000000000000e+00
1.003427447426158547e-179
0.000000000000000000e+00
6.939681937984461209e-270
0.000000000000000000e+00
4.618368490828700328e-65
0.000000000000000000e+00
0.000000000000000000e+00
0.000000000000000000e+00
0.000000000000000000e+00
2.703982977562757631e-94
2.799583451314077510e-14
7.762281332241367012e-04
0.000000000000000000e+00
0.000000000000000000e+00
0.000000000000000000e+00
0.000000000000000000e+00
0.000000000000000000e+00
0.000000000000000000e+00
0.000000000000000000e+00
2.515013482751252027e+00
8.807789071118907580e-07
1.459402066093229866e+00
4.550738147491897223e+01
5.137534929812677120e+00
2.082448184747061504e+00
8.402050008292035778e-05
3.446489977684564820e+01
1.509885107895433691e-62
0.000000000000000000e+00
0.000000000000000000e+00
0.000000000000000000e+00
0.000000000000000000e+00
8.560047785024544534e-88
5.490920904567846445e-139
0.000000000000000000e+00
0.000000000000000000e+00
2.680428114456790922e+02
0.000000000000000000e+00
0.000000000000000000e+00
0.000000000000000000e+00
3.883276108694136542e-19
2.228918741274540594e+02
2.308742286302874334e+02
4.803426142124905596e+02
1.970935183060879581e+01
2.718269919753635300e+00
1.873853199654911129e-07
5.188132085801262132e-56
1.422070302192550528e+01
8.998597333490386063e+01
1.546779563644282121e+02
1.022007265720037879e+02
8.663960593382199704e+01
5.416549443607627778e-31
0.000000000000000000e+00
1.145742352843532075e+01
1.755627871041548467e-27
5.632348362590210604e-322
1.714789962959994177e-54
1.947272123932594745e+00
7.044390124399602371e+01
1.582139707837314120e+02
6.789754816457738684e+01
2.841139811504227897e+00
2.452964587747524547e+03
1.118205119491927690e+03
2.991155916556485044e-124
0.000000000000000000e+00
0.000000000000000000e+00
2.736211493267644582e-10
7.573971976982781517e-36
6.360294674361258266e-12
1.807577765679883441e+01
2.973634042732410876e+01
3.229743335397354542e+01
1.418811153761617305e+01
2.204852258921248520e+01
1.773471257793916322e+01
8.381309505840803808e+01
3.569660732350605770e+01
3.968135745438897999e+01
3.495706021333944060e-03
2.450602911258643957e+01
2.378257855190034675e+01
1.439197147840059250e-51
8.372443737249955831e+00
1.295538227491599343e+02
1.018913451086152122e+01
1.368049780315139463e+00
0.000000000000000000e+00
5.158846636236814476e+01
1.523842015441861264e+01
5.870009203345264659e+00
1.280759753264100986e+01
7.566375380839505560e+00
2.850629773957578550e+00
2.648937167020661416e-15
3.920162177451151564e+01
4.263134219339088560e+01
6.356698886579087002e+02
9.705606189794993952e+02
5.277735660325073574e+00
2.293904830973493958e+01
3.634423576931689581e+01
5.975943202956595633e+04
3.836965031998319660e+02
6.654866818046685679e-03
7.768296705210545880e-88
3.562867195869119818e+00
1.983973385711963715e+02
1.012185455055992293e+03
8.377319330716757406e+01
9.637092454217562221e+00
2.250603751191985857e+00
0.000000000000000000e+00
4.929362376733202495e+02
4.958498218341274821e+01
2.217644250050337178e+03
1.102968799679715595e+01
3.739366885677704033e+01
1.378051859242924076e-33
3.456571250879317603e+01
1.967254054900134363e+01
1.708287433512506140e-45
5.367932227366911034e-121
7.691814776564868776e-03
2.382547969684726041e+01
0.000000000000000000e+00
3.555789214126664774e-31
1.511232788933989796e-13
6.092666001386469361e+03
3.237223909478132813e-97
0.000000000000000000e+00
1.557829269058442784e-03
6.908214223087231858e+02
1.817929504564481831e-63
1.186128617762629801e+03
5.504671880614479960e+03
1.227698339807611028e+01
0.000000000000000000e+00
3.227752335860072321e+02
3.189930774257503003e+02
2.533015220683517299e+01
1.666720726220289350e+02
1.023315319965966719e-52
6.512496417450267472e+03
3.769647698127473490e+01
8.034415124274967099e-04
3.019784114797164420e+03
1.512595162336626586e+01
0.000000000000000000e+00
6.766967112855871846e+02
3.050184761309609485e+02
5.987102112074070703e+01
5.020820216461992658e+01
1.212305711059349704e+02
2.721779025258260845e+02
3.563152554696468997e+02
8.778059273536104001e+01
6.408065142533985181e+01
5.172462757505434183e+01
1.751738202738478662e+02
1.714896088123002755e+03
5.753903009295932236e+01
4.124204958303424178e+02
1.187394627162647396e+02
1.288365176305860587e+02
2.544256547478967434e+01
9.039565620135434756e+02
6.793759584311648325e+01
3.794795744111029734e+01
1.421974840245792109e+02
5.336048637528183036e+01
1.914333805405927347e+00
1.555863843854125844e+04
1.825667576285320877e+02
1.026530942178376336e+03
1.376361114091820355e+02
2.111473493904172756e+02
2.007140986421657772e+03
6.918018017364399839e+02
4.245784800611800733e+02
7.622952987759240024e-28
9.336599212480495903e-08
7.456640305709783499e-03
1.798728966425922338e-01
9.270617813847771060e+01
1.330197112474241106e-04
7.714960006288379413e-03
1.155129243360936633e-05
1.494330167301315669e+03
2.872727361148000313e-01
1.424815239701035523e+02
2.463250812893671338e+01
5.268076827027659004e-01
8.918773368224711007e+00
8.543799014654368529e-01
2.712417450545687103e+01
2.448839465215896212e+02
1.168767669189554965e+02
5.679871800521416958e+01
6.885804987771864560e+00
1.093406906514189814e+01
3.423480635365463343e+01
1.598155545758953089e+01
1.230433434271052207e+01
1.445249001641614850e+00
5.241697717154152514e+01
2.203780061208842156e+01
1.308526168765869784e+02
6.309255127755337256e+00
1.753835413025410617e+01
3.140685837984819706e+00
7.679235742101911733e+00
4.573074544460521196e+00
2.011918769395059092e-01
3.575595268728890801e+02
3.922978601005931765e+00
5.193724133560855272e+00
2.208828622046622314e+01
4.435318500860918078e+01
1.223830254886601132e+01
5.156311342425473754e+01
1.398528045833595579e+00
8.128522566042716946e+00
4.428829499723471175e-01
5.720023000909775224e-01
1.234126932591200543e+01
1.221980354254084133e-01
1.141386373645032393e+01
7.987894136211907324e-08
7.714550106095315290e-05
3.772474910588547586e-02
4.243590109397745209e+02
1.930690150143834923e-150
6.491186374745170440e+01
1.661624015018186090e-16
2.824701320036172646e-271
2.840314121249184294e-61
1.844086491260736875e+04
3.383751478931348174e+03
1.606579924119999419e+02
1.420883294373239636e+01
1.706455526007224677e+01
1.574784182422036451e+02
2.808963543634405724e+01
1.134785358700878888e+01
1.256758703920965203e+01
8.153104198411825791e+02
2.792522873137352803e+02
3.785547255382027965e-01
6.148569776943683947e-08
7.741041565359030210e-83
6.488949139209269390e+01
3.387000237442791786e+02
4.049478126746432805e-17
1.312818670112906538e+01
1.590540044370191275e+01
3.434424936773529424e+01
3.509395100858883306e-54
2.806516518580832326e+03
1.315184536388969860e+01
7.263050183368251567e+01
1.122045539825254679e+01
1.224778992259727950e+01
9.463375126613426502e+00
1.085376444935425982e-01
3.918271877079248355e+01
1.515574671580476318e+00
1.114895987634303687e+01
3.473606448137619999e-49
6.570068229262486414e-143
1.968374534220189808e-32
1.056103471909432805e-12
5.200219020001086712e+00
8.725303616675159488e-144
4.697407698756788541e+00
1.123278902595651464e-128
1.591169671517380695e-180
8.629316324776411336e-267
0.000000000000000000e+00
7.050061454116545612e+00
1.498610699281496413e-13
1.764440082789521114e+02
2.502242635578987456e-33
1.892933136236723612e+03
0.000000000000000000e+00
3.700695752588242016e+01
2.609070124556652104e+01
7.292464787856698383e-01
1.711489228511909877e-01
1.734876072733846919e-01
3.005718887657373162e-01
2.192793872075558426e+01
1.036972398107646853e+00
3.932337114538256295e-01
4.191163534397019524e-02
3.388970045300197559e-04
8.109010861136350945e-02
2.964965043799611122e-02
2.789895722117746502e+00
8.432654488558322114e+00
6.324969214114505300e-01
5.190990058472384483e+00
9.291097876676147393e+00
2.983061109440331649e+01
7.209109468962703993e+00
3.758740644343844806e-01
2.166686114273196129e+00
1.112509418886307344e+01
1.252736450003954782e-01
9.466642078500417057e+00
1.091964482089053908e-148
0.000000000000000000e+00
8.422763293227799942e-10
7.274176448783243497e-23
5.779554634351273990e+01
3.176433579335045820e+01
7.609084135605771460e-01
1.102051663763778278e+00
3.103715603874702639e-35
6.364376617361683941e+01
0.000000000000000000e+00
2.835508850997800058e-288
8.536384387471887436e+00
2.969342149946598397e+00
2.951981394669100034e+00
1.122277536393505315e+01
9.015180994552519422e+00
3.516597748825945017e-06
1.930569126082599780e+02
9.499115897367506056e-01
1.191132389724199880e-01
1.177488187246647584e+02
4.498498152579686860e+01
3.378522164806192762e+01
2.888434523517811670e+01
1.569687594601311531e+01
1.547283280441185305e+01
5.364611319183707039e+00
7.795946284380557145e+00
3.961810743388057277e-01
7.129890175896904658e+00
1.461962401214496943e+01
8.367645199257585986e+00
1.104481865987839662e+01
3.986413736164042820e+00
2.326834321504544202e-165
3.402354995493585554e-01
0.000000000000000000e+00
4.131534214997152701e-21
0.000000000000000000e+00
6.926180206193448896e+01
1.608962666191427541e-11
6.320346195472278339e+01
4.943043874190536258e+01
2.502946958507595454e+01
1.621098722054535202e+01
3.517419109803571111e-03
3.110384371003820903e+01
1.266231226797703854e-05
1.278046486756064359e+00
1.482958214716675502e+04
6.456455454520533266e-01
1.513284024456416736e-02
7.634229832543826819e-06
2.238582256100666844e-10
7.203323233526730195e-171
6.324568049340161548e-10
1.927600492861506254e+01
2.225079599990326074e+01
9.083093087047020399e-04
1.705819911297369834e-04
1.356407090843974838e-05
3.553415588235968488e-03
5.990680477793480785e-02
4.465370895582058269e-02
2.180606039919359418e+01
2.590697611268403922e+00
2.092459803710951596e-02
2.078453459044930618e+00
1.876758016059883964e-03
0.000000000000000000e+00
3.961978162829367101e+00
6.819374333334283623e-60
2.491117169424438060e+00
2.097885069571639178e+02
2.042422061672775513e+00
1.072440913028724907e+00
1.856615985235764299e+01
3.504714263538343033e+00
1.851186564494692599e-01
1.037570407860047172e+00
1.247486492019925564e+00
3.770226417630285098e+00
5.657891845563763233e+00
1.770062334007496796e+00
2.579293918198670355e+01
2.222098669593044473e+00
3.246549914186989572e+00
1.200595054239111903e+01
1.070514660670198047e-26
1.686548994128614032e+00
8.185904719077316538e-02
5.343733796970611571e+00
1.117081998306642676e+00
9.770173515977532697e-01
2.662707516040301362e-04
4.960014809337998543e+00
1.394112499581434683e-01
3.338993956549339615e+00
6.776687922259215886e-09
3.928612270732734779e-01
5.010326662936535769e+01
9.997866048789706639e+00
6.318157413936514866e-03
3.075135763055390825e+01
1.933942350822693257e+01
5.518808144086470691e+01
1.488472272879148761e+01
2.802945026342688450e+01
4.245292163102425131e-02
7.369824283599915304e+01
5.818868917334714876e-43
0.000000000000000000e+00
2.007199403163732256e+02
1.936526773570771809e+02
4.482824590662154947e+02
6.390583271921349007e-02
0.000000000000000000e+00
0.000000000000000000e+00
5.550130553441064762e+01
1.734586097360984967e-21
3.158093389184673046e-29
1.212059035372927620e-17
3.172364736276405850e+01
2.624275498870418999e-24
5.227734783623051840e+01
1.087973960408247365e+02
2.267026090426497262e+02
8.803606153682113700e+01
5.734122040935754061e-01
5.415433396376574203e-06
2.830450554125725660e+01
3.700760148518855153e-01
7.767363699185694248e-01
2.495581783191893124e-02
5.652005887791832239e-19
1.751928433951592368e+00
7.149030156041244588e+00
1.493833082669254240e-19
5.043139072605616778e-27
5.342957128842387021e-02
2.082084284471624969e+00
1.111146916060122152e+02
4.361492562237198278e+00
2.348006041136020627e+00
2.005568578302289992e-31
3.042778961923448655e+00
4.401905620461189599e-03
7.043813004601902072e+00
2.603611897811909225e-11
5.699890012194922667e-02
1.065379025564103870e+02
1.097446089119341559e-61
5.881492682172790601e-12
1.272194200795384589e-02
2.920639563381704829e+00
3.743643948414283190e-02
1.186086543147556327e+01
5.010081785011473553e-89
9.595129000277969888e-01
1.856110420910930259e+00
6.442297000778260951e+01
1.463157577687980826e+01
2.945178688964364078e+00
1.416821502991856646e-27
8.372794849385793725e+01
3.748029404978728607e+00
4.559993682145731430e-08
1.761733202502107076e+01
6.457213391137320180e+00
2.683278157619033166e+01
2.825648567814524684e-42
2.056278122119107533e-33
5.039494619029046687e-207
8.812469962223550723e+00
1.251748853130081607e-01
7.923495974050835500e+00
1.281769787933583515e+01
3.297394047126628121e-06
5.000932323340520224e-18
4.427135604475530783e+00
1.123270281495917199e-02
3.514191936291382800e-12
4.766007261424545050e+01
1.956411089831961817e+03
5.601640549566956340e-01
1.563848831930175252e-25
2.145592107575751140e+00
1.697357316116842154e-03
4.014313795164540716e-10
2.331756820840644906e+01
1.115767855654124077e+02
3.495616224771706015e+01
4.441188157235795586e+01
1.358189189293829244e-04
3.035093951529784235e-08
4.465941497083442818e-02
1.340532334384092868e-62
9.163149265611000294e-01
0.000000000000000000e+00
3.013640250134957732e+00
2.374496058312014490e+00
6.913694538995279748e-01
1.571128753775164010e-321
5.953103317888483860e-07
1.043811360830246966e-38
7.233827051843237932e-01
0.000000000000000000e+00
2.842469075076603513e-01
3.324443852352598316e+00
1.072754855337989177e+01
4.904075135087135884e+00
3.556412060719168350e-02
1.504107466030968254e+01
8.343260076609601228e+00
3.942508657460550570e+00
8.232959462341941859e-08
1.347988704253023066e-37
1.396759330278942942e-302
4.289380575681969125e-238
2.911083979683266987e-205
2.019709963019811383e+01
4.657929121989158303e-189
5.092704318920790740e+01
0.000000000000000000e+00
2.484869354682811725e-30
6.729460905328513931e+00
9.588857153753777007e-01
2.271145824569691385e+01
1.993915926969235741e+01
1.294733875237920939e+00
5.310418042014299900e+00
1.527726461762039278e+01
2.426695773072869144e+01
2.530317717429011992e+01
8.991290729676484261e+01
7.974741388550304677e+00
2.182216781027582542e+01
4.392078118162316969e+01
3.900858341577698951e+01
1.971085623316804369e+00
7.396690929860173291e+00
2.936240173102447315e+01
1.901571972559879242e+01
1.138279825490655384e+01
5.293327896535429034e+01
1.053536079326065256e+01
1.857697107725570262e+01
3.655277720648757889e+00
1.640276554532955899e-01
2.418155305331180216e+01
1.315552461216728908e+01
1.493157633750948143e+01
8.058722291261759096e+00
7.468641393828365338e+00
1.516225534094860450e+01
2.397747016235289408e+01
6.579550935199763195e+00
4.386521125217026196e+00
2.778073531191359802e+00
2.032441169272290793e+01
1.196898799467548180e+01
6.154733399197638732e+00
2.064652310885394826e+01
3.870584780375723621e+00
1.697787355864975467e+01
2.312630061468695430e+01
2.663796661210849379e+02
5.660350915207063238e+00
5.552422403049235289e-01
1.643250837872865944e+01
1.310252884664697071e+01
4.244800977220036486e+01
1.978722192030672122e+00
2.824300248402193461e+02
1.308110570824137255e+02
2.385873111623238856e+02
1.733349907787313384e+02
4.915051002015209747e+01
2.649875457075417984e+01
1.500759284690853974e+02
1.193461259749204970e+02
1.958168078096238389e+02
0.000000000000000000e+00
5.457383512650769990e+04
6.467166507248174267e-16
2.281523296853838758e+02
2.455666435180774840e+02
4.950172150355879874e-01
1.988682672401390834e-10
1.182499968084208537e-21
4.485297056728965117e+02
3.057635170076856701e-01
7.867167142312575834e+02
2.781342479149850533e+02
3.584476915828159349e+01
1.048230151184197183e+02
1.131049696496287709e+02
4.206081147627781291e+01
1.002964373369598761e+01
2.259145656401512170e+01
7.555165367378176455e+00
5.447482957657334462e-14
2.676203134580991261e+01
4.172182966714842678e+01
3.646074842983288278e+01
2.577352715034106367e+01
1.126340768013836282e+02
2.468011695188453203e+01
4.069051322810982363e+00
7.474465047696949860e+00
1.090456398509206437e+01
2.150743832193527538e+01
1.289470944368554584e+01
1.594294386091951310e+02
4.035900954129386520e+01
3.147561683519218718e+02
0.000000000000000000e+00
0.000000000000000000e+00
0.000000000000000000e+00
2.412143991476956373e+01
1.094262115310560148e+03
1.906644289792080372e+03
6.436223829734385449e-01
1.271569689877133669e+03
1.611962449037940496e+04
5.371575672289224030e+02
0.000000000000000000e+00
1.533847808357111062e+05
1.321363583235021224e+03
1.120561398053195489e+03
5.259771416107170694e+01
1.895073181512202254e+01
1.201829826681085223e+02
1.582164343549275145e+02
4.663183802841519565e+01
3.588762876059983675e+00
9.214223005215872675e+00
4.342847630336356346e+00
3.644822917831943698e+01
5.552413276089603045e+01
2.103280592820898676e+02
2.768162863270221408e+01
7.787589573724179814e+00
1.285169005663142450e+01
2.638746334745536615e+01
7.301577583401094529e+00
4.341288287866476736e+01
4.389116020817115071e+01
3.781376958689764933e+01
3.164901589334854179e+02
2.919080637165288294e+01
1.494868299020228442e+01
1.705645498393169746e+01
3.126488414892038037e+01
1.620867411230161181e+01
2.832290270304155655e+01
5.902025787069389651e+01
2.573725452674800351e+01
2.785733087150248011e+01
3.306517848847975216e+01
5.777646662229905417e+01
2.657607099664349803e+01
4.283870842710096660e+00
3.812318037571920826e+01
1.003051235555826093e+00
5.644871633396145683e+01
2.625260126901123314e+01
3.811858924664782649e+02
3.231045010754833413e+01
7.366356623521851077e+01
2.471495384047677391e+01
5.216105430361071882e+00
2.328778802236440626e+01
9.591211639545340617e+00
1.911329060736418839e+01
7.889188034441121822e+00
1.074604703426730801e+01
1.944326759227830337e+01
4.387817234610209312e+02
2.224980864720234024e+02
1.090221004952790054e+02
1.003491464208811408e+02
3.535300431351051031e+01
1.673019208051647979e+02
1.830231617569244662e+01
1.482373920394833540e-07
2.856399186422657976e+01
4.941490332791181572e+01
5.627831401753266505e+01
2.837586874840183526e+01
1.334457131066915636e+01
1.191603983120438315e+01
1.253011783078637364e+01
1.074129854351428470e+01
5.933096735937806177e-01
9.976143881376881239e+00
1.091759280739739246e+01
3.212997125213816196e-01
8.843119788488207789e+00
8.086167921025735339e+00
7.660572960364675055e+00
1.164160387444342426e+01
8.551308697913315271e+00
9.435009404714454817e+00
5.859026439858167734e+00
2.369328659475684162e+01
2.179993541618340203e+01
6.192710348567965895e+01
1.069790454970400795e+01
6.492512188858304611e+00
9.151706308809236745e+00
7.606885393050383470e+00
2.068646263909803906e+01
2.396197178072627315e-06
3.355103044172483351e+01
4.677789259897132901e+00
8.264029730885670306e-220
5.113042389278983357e+00
1.178195760774502186e-02
6.718692289161408704e-01
5.638104538090679796e+00
1.959174332166636542e-02
7.584756538604707998e+00
1.781781297142382703e-01
1.332371796216859361e-01
7.877992745271949733e-04
2.405144849310020483e+00
4.598513569038557847e-02
1.408704549732947911e-02
2.286160932198318396e-01
3.587399807957049269e+00
3.605916775370810595e-02
1.901455566901585209e-02
6.172788074701749735e-14
0.000000000000000000e+00
2.915377628331466964e-01
0.000000000000000000e+00
1.862828700409125178e-50
1.255133428135311995e-97
1.927438508916821256e-07
8.447822501182160547e-15
1.136579451900575642e-67
7.784736541919518074e-15
0.000000000000000000e+00
4.435690103416174321e-289
3.466994595730931827e+00
7.671059695383677934e-02
1.048058513826553551e+01
0.000000000000000000e+00
0.000000000000000000e+00
0.000000000000000000e+00
0.000000000000000000e+00
0.000000000000000000e+00
0.000000000000000000e+00
4.342023667765745580e-32
0.000000000000000000e+00
0.000000000000000000e+00
9.195253843370935134e-206
0.000000000000000000e+00
2.081778092681997264e-09
0.000000000000000000e+00
2.238845545369807640e-31
9.682988245657668189e-139
1.985986699625162223e-08
2.053198712059478917e-02
6.310370292760781364e-17
2.612136743975186419e-06
1.299796323634733988e-151
7.336619167199650773e-19
0.000000000000000000e+00
0.000000000000000000e+00
7.659020829852156709e+00
2.464140080307296653e-65
0.000000000000000000e+00
1.382665447202840773e-51
0.000000000000000000e+00
0.000000000000000000e+00
3.564918400216275443e-65
0.000000000000000000e+00
1.552321718022415240e-171
0.000000000000000000e+00
2.389022890238265095e-05
2.730755167994691757e-01
2.131947908994086038e+00
1.666818647101584935e-02
9.001542851170823978e-02
2.342628762671467350e-04
1.910469244424790148e-05
3.219106745226403889e-06
8.531812719092151873e-03
2.257751210567097294e-02
1.193657769167096039e-02
5.942083216845074389e+01
9.485756838105478650e+00
7.920855474269294927e-03
5.275628605763317935e+00
1.591968119553070493e-01
8.901212531544018702e+00
2.243148563510135318e+01
7.831426212597015990e+00
2.410019218278234288e-01
1.620689743866640317e-02
1.064525349681641808e+00
1.050884720383759019e-01
4.146692472920361654e-17
9.283240055848888993e-04
1.307500615718780799e-11
7.907914056619716470e-02
3.028476019390489160e-01
6.375957920010723257e+00
1.667383304373086616e-59
2.816174181295105302e-322
4.080270721013395985e+01
3.605627868791431823e+00
0.000000000000000000e+00
8.546440976831237541e-92
5.095780338249877316e-41
5.530115466706454264e+00
2.009851684256260285e+01
9.059494127587141676e+00
0.000000000000000000e+00
4.617386216159878209e+00
2.977251742501459327e-14
1.308207831155084655e+01
8.301702081857378346e+00
3.232746296712257106e+00
1.463961013582064097e-01
6.313030886782671457e-04
1.005692860801376455e-08
1.461360735224436072e-27
1.191275212458345045e+01
1.852383108684118262e+00
7.672816576918177998e-03
2.368292882264441956e-01
5.657372973113711928e-02
2.135655784500724241e+00
1.079430438222741060e+02
7.050733524930314911e-01
1.540216097344389246e+00
6.512362015224708382e-13
5.195463421920401892e+00
4.456823233457267719e+00
5.300289730184856163e-01
1.596058763906486877e-01
4.226429215268913353e+00
2.315615672556844418e-01
4.850848859943157620e+00
5.116701179117727705e+00
7.324904801044394009e-01
1.572015237919540098e+01
7.242189706522707073e-21
2.926274036302252286e-12
1.874350320391536303e-138
4.586428431482214130e+00
8.274054186022764545e-01
1.562531418397266281e+00
1.756191799085504365e-02
1.259165860525230229e+01
6.110764396304460000e+00
2.572902412224403190e-01
1.342813159365419395e-01
3.696402996787028883e+00
1.986240389720478339e-03
1.922862535697764441e+00
1.882877392782304760e-01
5.825221668855761203e-01
5.285236104203286205e-03
2.113559928111585773e+00
7.569327202064039806e-03
5.887982216830938142e-01
3.868274908860073413e+00
8.018232982694211142e-01
1.469755917815433136e-03
1.559835830694334069e+00
2.408937941031712437e+00
2.480218270054794227e-01
1.595313733196037642e+00
3.029784705514788623e+00
1.720313156581352587e-01
8.226443151114050112e-01
4.146788602837931936e-01
1.676565993657291198e+00
1.767315331916878840e-01
3.584563800535361770e-03
1.392313920291716839e-05
3.578380242821637136e-01
2.677325900421214169e-02
7.465396090133030738e-02
3.323539859982402311e-01
9.269224476744038210e-02
3.949481902010374967e-01
3.431150211806385797e-01
7.113153666496544458e-01
7.640386906812249856e-01
1.439410861960227148e-02
2.389024421502350393e-02
6.142391418039020445e-01
9.472170908348371832e-01
1.477915643215957919e+00
5.686509131472322842e+00
4.438973448921049725e-01
3.200145747677649588e-01
1.631713428509140584e-01
3.714112485446338652e-02
5.156083456788588038e+00
6.943457588730448382e-01
9.413817822996058959e-01
5.462548616033500615e+00
0.000000000000000000e+00
0.000000000000000000e+00
0.000000000000000000e+00
1.881152110179234427e+01
1.455972602145918415e+01
1.494384252765293686e-01
3.573530059297856720e+00
6.587646495642758282e-01
4.161297675392398254e+00
1.083780280508222660e+01
2.084567878267935725e+02
1.531726212018918147e+02
2.782912881319166587e+01
5.029172425737859697e+01
0.000000000000000000e+00
1.370401530050818337e+03
0.000000000000000000e+00
2.614049140508006985e+02
2.823808432077722159e+02
9.863574196613532195e+02
6.878616952576810206e+01
7.387322515023821978e+00
7.825239507087718493e+01
1.518682677981744007e+02
2.061242915008427090e+01
0.000000000000000000e+00
0.000000000000000000e+00
4.764764450619921377e+01
5.834450655775983041e-70
4.244353541345015401e+03
2.731282365932723444e+00
2.411209835568810433e+01
1.706913117358373810e+01
1.219429719222183017e+01
9.738489585009922678e+01
8.311632032791239055e+01
4.829487838990775272e-01
0.000000000000000000e+00
8.464724714990570220e-01
3.077353410584807936e+00
6.348147162809614219e-01
9.643806525042521116e+00
9.743423116890772562e+00
1.820912941615986824e+01
3.038807889286787045e+01
9.088051430938298481e+00
1.024111637058466506e+01
9.866543893141063393e+00
1.416252686417963389e+02
2.085929417059089275e+01
1.263022627344152760e+01
8.247783056663653412e+00
2.441030774371850143e+01
3.706760673597615607e+01
5.586552107158537339e+00
1.517212361118447994e+01
1.701782932122578629e+01
1.086490251655438577e+01
2.418263219591089452e+01
1.914689439486276612e+01
4.557063504269743603e+00
1.548205790495971401e+00
1.438372096769132291e+01
4.449467809121899364e+01
1.744735155204511443e+02
2.443072389162010438e+01
0.000000000000000000e+00
1.015522795495085260e-42
0.000000000000000000e+00
6.912966841815752161e+01
7.518549797075638708e+01
3.112524026943753341e+01
4.411821390810571823e-126
8.974288702725196742e+01
7.674405379302862684e+02
1.841889568048603465e+01
3.981567079996981562e+00
1.676791061192995969e+01
5.959894136805068143e+01
5.706070974356543957e+01
3.357624429880272601e+03
5.313704714731849208e+02
4.085161843254152245e+02
2.002010037586286373e+00
7.313233469599103032e+00
1.436329166382422429e+01
9.468489537428729008e+00
7.304443373954174312e+00
1.296705806265569194e+00
8.435601835752825295e+00
1.573108022737203626e+00
2.422415235686255147e-23
4.957006577631499419e-176
1.557995794576794424e+01
1.047333803913612016e+01
2.828343207088760636e+01
6.501236919905982958e+00
2.886800202407231453e+00
8.267250532513492089e+01
2.823742264490878711e+02
1.799401509205009688e+02
2.337326187882485442e+02
4.606662226403116620e+03
1.783338734289262462e+01
1.565202104656619895e+02
1.069034797724659550e-02
4.374838368681040895e-02
2.787531271232841342e-06
2.290842520906815949e+00
3.212441953999059518e-01
1.564409481948075609e+02
1.316607121178967432e+01
2.721836552113670677e+02
5.452955299814092314e+02
1.076092181301421391e+01
3.303102710480634130e+01
1.325946055171471549e+01
1.139767245881825614e-03
1.585164833956948221e-04
1.581690259844446445e+00
4.273075372621260581e-01
4.022544123761192525e-01
1.369810747549361984e+01
3.893380353757160406e-01
1.086778759916629591e-04
3.476856521601456507e+02
2.924173041282552958e+02
8.637150354198955826e-01
6.361578115602526395e+02
1.810470162802117500e+01
1.467400295559361666e+03
4.903713868285450417e+02
1.913110778861004135e+01
1.429781745188443054e+01
3.292772976883604930e+00
5.307622469716964469e-306
2.030109035530946358e+03
7.397220062373868216e-246
9.303807507960343924e-06
5.168655354834471999e-02
0.000000000000000000e+00
0.000000000000000000e+00
0.000000000000000000e+00
0.000000000000000000e+00
9.471861643562668576e+01
2.161530584283054424e+01
2.156803637314295088e+02
2.241991724813315443e+02
3.326165515044127119e+01
1.095102320673419112e-118
7.911004291869168074e-70
1.463551879114708340e-34
0.000000000000000000e+00
0.000000000000000000e+00
1.240135109061105897e-27
0.000000000000000000e+00
1.265528506483751585e-13
0.000000000000000000e+00
0.000000000000000000e+00
8.314426105815340847e-94
2.993848147931952863e-01
2.236294902120894143e-74
1.542486196020225747e-97
0.000000000000000000e+00
0.000000000000000000e+00
0.000000000000000000e+00
0.000000000000000000e+00
9.799511119357711365e-35
0.000000000000000000e+00
0.000000000000000000e+00
0.000000000000000000e+00
0.000000000000000000e+00
0.000000000000000000e+00
5.616485196153535295e-184
3.366093362216960654e-212
0.000000000000000000e+00
0.000000000000000000e+00
7.398181682181317118e-196
1.620436359461609011e-38
0.000000000000000000e+00
2.315053830013831611e-16
4.965262052285423522e+01
2.233183582001797203e-52
1.207605753663413632e-59
1.045216061059174638e-39
1.869038736848656526e+03
2.208014667749928606e+02
1.153621792249141409e+00
0.000000000000000000e+00
8.933473666461118556e-158
1.873226270593378828e+01
6.833615280331114319e-23
2.502285902494566727e+00
6.493813057873373040e+00
0.000000000000000000e+00
1.769975381713242086e+02
2.491451186775456250e+01
7.263201365811002397e+00
2.504972003179159135e+00
9.398368952064107873e+01
1.484761972260506013e+01
6.268560177104331110e+00
4.341055124817864708e-01
5.937771120218606059e-06
3.539515871840806391e-86
0.000000000000000000e+00
2.438189683427707240e-72
6.453869603612213883e-155
0.000000000000000000e+00
0.000000000000000000e+00
7.860419202942553170e-05
7.193009239144995395e-10
5.316786030449226468e-06
4.245540952171569238e+00
1.100242267466378721e+01
2.150998064974865898e+00
2.102657056599028240e-01
8.410008496352770757e-02
3.256109509822670844e+01
7.836742440567304513e+00
1.249047031619832770e+00
3.677286687865617854e+00
6.954734279644493589e-02
9.949598096348469256e-02
1.230814327541929920e+01
7.043981078481994141e-07
7.594720668994270341e+01
1.049370978507812140e+02
3.308339211476477359e+00
4.566785521549767520e-79
5.123729439994510302e-125
7.729032301871271678e-05
3.274524975557033171e-03
0.000000000000000000e+00
1.615285678323075444e+02
4.170724369749162292e+02
0.000000000000000000e+00
2.121545163070547968e+00
1.863718752660091689e-03
2.597846382739750837e+01
3.194441679465477591e+03
2.120015098603319930e-29
2.119427615711982369e-08
0.000000000000000000e+00
0.000000000000000000e+00
3.486454941154505004e-128
0.000000000000000000e+00
0.000000000000000000e+00
2.797183923115198212e+01
4.733275353103208971e+01
1.136374919109319706e+02
0.000000000000000000e+00
0.000000000000000000e+00
6.988590562070096210e-65
0.000000000000000000e+00
4.338776948985416205e-08
1.503074498775089870e-05
0.000000000000000000e+00
1.335808768605429897e+01
3.544095278170814822e+00
1.924863449177296104e+01
4.995882748842086052e+00
2.951678693737326054e-04
1.781960665018263157e+01
5.269331738519279895e+01
1.545220984102016004e+01
1.628179630809000446e-08
1.911628889184669214e-04
1.768361807151789122e+01
1.299298647759732361e+01
9.821070046635702155e+00
2.678657022714704894e+01
7.337933295748247708e+00
4.375387799559288027e+01
7.181486817599670758e+01
1.975342314447402714e+01
2.976941962501145511e+00
3.242824339019752244e+01
2.144146722087442924e+01
1.674409670012846973e+01
5.846653022484596107e+01
5.075666181144688593e+00
1.410642784652768178e+01
5.893798326396185061e+00
1.263441995391451300e+01
2.188178165404859765e+00
1.910761237314628991e+00
1.091343221101396255e+00
6.848497546057092933e+00
4.441359523642034457e-01
1.002064863711643916e+01
0.000000000000000000e+00
1.452787129046990922e+00
1.989824433629237177e+01
1.687254918532875081e+01
8.374351874140068324e-09
1.319048590103157537e+01
3.274700609806259488e-02
3.615644607773226041e-11
7.340397294808976951e-03
2.507011068791636266e+00
1.347383923223389068e+00
2.010264278921276571e+00
8.237882117835078691e-03
2.132659025366231975e-02
1.311188235393651702e+00
2.924033010507740560e+00
1.696854199344147940e+00
9.164031742248741619e-01
1.192460455894380211e-01
2.627909146638038429e+00
9.317469850461616160e-03
3.039463809387608550e-19
1.404859119990033767e+00
1.662607359452969780e+00
8.766295232576726271e-01
7.706849912482498510e+00
1.540019860650217787e+00
1.144411312351055476e-01
3.096152959570175334e-01
1.665303709111203207e-80
4.651279777868395193e+00
4.040242308419344397e+00
8.423687065680821691e-05
4.791539552349679238e-16
6.664858966287395603e+00
6.595683744792066427e+00
1.033334880461350025e+00
2.307587767374362553e+00
1.109974364398359548e+01
8.835498108762374514e+00
1.033782884876683106e+01
4.136676815414811692e+00
6.962944268407078141e+00
1.045976409315457323e+00
7.425809419021572877e-03
1.542101133381136435e+01
9.354893925763681395e+00
1.681388572301925777e+01
1.398574431861194256e+01
1.153439273903200579e+01
1.151695091561477824e+01
7.572092038645482859e+00
1.509335878303373057e+01
1.592247002693805413e+01
1.164651589480028271e+01
1.499495709783731989e+01
1.835230766320238516e+01
1.291786943195718784e+01
1.664324356132297211e+01
1.069252748896181693e+01
4.694353672112851683e+01
1.113508830032249186e+01
1.338771026964298549e+01
4.210404757344101689e+00
2.909103589065974305e+01
3.162697655120487070e+02
7.193617791260210197e+02
5.136136579989889839e+01
4.743019201062320178e+01
6.177272252432695865e+01
7.270019553706579529e+01
1.808174487523018570e+01
1.854643084206903492e+00
1.500956086311894033e+01
2.135098880976810065e+01
1.075250908859767129e+01
1.636590983958059553e+01
3.740175230940305084e+01
8.642107650172915712e+00
8.260643759496122840e+00
1.069871868849472740e+01
1.717051060986792521e+01
1.393604002570829259e+01
1.608712384279519902e+00
4.869622102051602397e+00
3.410659864794354235e+01
3.226276874374449477e+01
