# residue i_ratio gamma_2
1.000000000000000000e+00 nan nan
2.000000000000000000e+00 4.609463300647759221e-01 9.690787412284407765e+00
3.000000000000000000e+00 6.063589226192778181e-01 5.594567341605697131e+00
4.000000000000000000e+00 6.919750726081145276e-01 3.898799191875423897e+00
5.000000000000000000e+00 nan nan
6.000000000000000000e+00 8.583401415506775045e-01 1.479315469067008282e+00
7.000000000000000000e+00 8.822513569125751687e-01 1.199492315025164846e+00
8.000000000000000000e+00 8.627738285666782803e-01 1.426372553378266961e+00
9.000000000000000000e+00 8.257398176714650928e-01 1.884294024943406365e+00
1.000000000000000000e+01 7.970169161540345826e-01 2.265707861757217056e+00
1.100000000000000000e+01 7.007816960679835727e-01 3.745227540676138389e+00
1.200000000000000000e+01 5.212742077526226758e-01 7.752693082718573159e+00
1.300000000000000000e+01 nan nan
1.400000000000000000e+01 2.752278188216976118e-01 1.980534489316474378e+01
1.500000000000000000e+01 1.632537077945955817e-01 3.372088914180606167e+01
1.600000000000000000e+01 nan nan
1.700000000000000000e+01 1.446880441879903889e-01 3.750098721911876964e+01
1.800000000000000000e+01 1.262390931447452125e-01 4.203144503866621307e+01
1.900000000000000000e+01 7.798918582902769625e-02 6.021740225025146742e+01
2.000000000000000000e+01 8.395090121486584178e-02 5.721748484864980355e+01
2.100000000000000000e+01 1.355059117132349777e-01 3.964425101575712063e+01
2.200000000000000000e+01 1.279825873515857415e-01 4.156340119543214939e+01
2.300000000000000000e+01 nan nan
2.400000000000000000e+01 nan nan
2.500000000000000000e+01 2.040198041206673155e-02 1.272733906943399802e+02
2.600000000000000000e+01 9.470877463253263295e-02 5.247566300047829913e+01
2.700000000000000000e+01 1.247600758606749738e-01 4.243581059577375214e+01
2.800000000000000000e+01 1.017526076924555184e-01 4.975474005033641589e+01
2.900000000000000000e+01 8.578790505723452031e-02 5.635074113377064009e+01
3.000000000000000000e+01 1.484118751562177596e-01 3.668742234906249422e+01
3.100000000000000000e+01 1.391161664710031109e-01 3.877707106496757206e+01
3.200000000000000000e+01 1.510125243349506319e-01 3.613675895094687718e+01
3.300000000000000000e+01 2.174269177204580794e-01 2.560346431236676779e+01
3.400000000000000000e+01 2.755132027204828526e-01 1.978155567983969831e+01
3.500000000000000000e+01 2.413250152286905148e-01 2.294267639824640170e+01
3.600000000000000000e+01 3.366645914611737234e-01 1.545076019838280246e+01
3.700000000000000000e+01 2.325694700279660743e-01 2.386801973314922876e+01
3.800000000000000000e+01 4.569202216660918081e-01 9.835554694819958144e+00
3.900000000000000000e+01 5.310697764621165051e-01 7.473894266234216488e+00
4.000000000000000000e+01 6.718794285681279899e-01 4.262534377781718398e+00
4.100000000000000000e+01 7.744241072025628281e-01 2.583491889468098268e+00
4.200000000000000000e+01 8.507745914950813892e-01 1.570804876287190233e+00
4.300000000000000000e+01 8.662581031351765937e-01 1.385110060740036397e+00
4.400000000000000000e+01 nan nan
4.500000000000000000e+01 7.883075559117415088e-01 2.386278351853989399e+00
4.600000000000000000e+01 7.656152509313602916e-01 2.711934389384437427e+00
4.700000000000000000e+01 8.833474487263678343e-01 1.186993683806102151e+00
4.800000000000000000e+01 8.342803905049068769e-01 1.775444424301384050e+00
4.900000000000000000e+01 7.122758436722292918e-01 3.549863574343651518e+00
5.000000000000000000e+01 nan nan
5.100000000000000000e+01 8.248542754605119320e-01 1.895696244789649487e+00
5.200000000000000000e+01 nan nan
5.300000000000000000e+01 nan nan
5.400000000000000000e+01 6.625313648094846020e-01 4.438364018679461509e+00
5.500000000000000000e+01 6.699564032984363093e-01 4.298351068563333044e+00
5.600000000000000000e+01 4.215780280953453363e-01 1.120584833128604352e+01
5.700000000000000000e+01 4.173568375826067212e-01 1.138251691137287303e+01
5.800000000000000000e+01 4.929535492003073172e-01 8.611982567994537874e+00
5.900000000000000000e+01 5.427528385459969851e-01 7.152754724578407775e+00
6.000000000000000000e+01 6.514378879826251412e-01 4.652785602106005669e+00
6.100000000000000000e+01 6.193311601097970520e-01 5.311248644684929410e+00
6.200000000000000000e+01 6.998627609939740424e-01 3.761092024866369510e+00
6.300000000000000000e+01 7.091828824586287050e-01 3.601881388830376451e+00
6.400000000000000000e+01 7.149833344785868627e-01 3.504656750787713992e+00
6.500000000000000000e+01 8.102028614208641732e-01 2.087595424462219462e+00
6.600000000000000000e+01 7.978856807634264747e-01 2.253810359526870588e+00
6.700000000000000000e+01 nan nan
6.800000000000000000e+01 8.865202591390873854e-01 1.150972047951881461e+00
6.900000000000000000e+01 8.603654067579039610e-01 1.455070561526084383e+00
7.000000000000000000e+01 8.772686092664537805e-01 1.256665980247662295e+00
7.100000000000000000e+01 8.656611819156069254e-01 1.392157804823318301e+00
7.200000000000000000e+01 nan nan
7.300000000000000000e+01 7.253893491233107671e-01 3.333701916882266136e+00
7.400000000000000000e+01 nan nan
7.500000000000000000e+01 7.643032297833550759e-01 2.731291367269923498e+00
7.600000000000000000e+01 6.761563115594556583e-01 4.183522053224347559e+00
7.700000000000000000e+01 8.442215041798827313e-01 1.651244737525707107e+00
7.800000000000000000e+01 9.047423030546394296e-01 9.485271989878218957e-01
7.900000000000000000e+01 nan nan
8.000000000000000000e+01 9.780842333314999637e-01 2.033035194015413161e-01
8.100000000000000000e+01 9.838447120815049241e-01 1.490656199592634568e-01
8.200000000000000000e+01 9.825299374105683770e-01 1.613938209331600704e-01
8.300000000000000000e+01 9.834275806398025122e-01 1.529736653107050537e-01
8.400000000000000000e+01 9.761856504707658866e-01 2.213075092015880929e-01
8.500000000000000000e+01 nan nan
8.600000000000000000e+01 9.722387967917758278e-01 2.589400131392253779e-01
8.700000000000000000e+01 9.624485571289035368e-01 3.535011970035717987e-01
8.800000000000000000e+01 9.339950738637637917e-01 6.385453034172098308e-01
8.900000000000000000e+01 9.435803395249017234e-01 5.407753856311322549e-01
9.000000000000000000e+01 8.841760099876538881e-01 1.177564280889715542e+00
9.100000000000000000e+01 5.228634934706886117e-01 7.706848170231117123e+00
9.200000000000000000e+01 8.286594825453914570e-01 1.846855811282918758e+00
9.300000000000000000e+01 7.701592776019526854e-01 2.645349616391016401e+00
9.400000000000000000e+01 9.302531467660387632e-01 6.772096005705378063e-01
9.500000000000000000e+01 9.693237078561010023e-01 2.869140931760388868e-01
9.600000000000000000e+01 nan nan
9.700000000000000000e+01 9.804696496006567452e-01 1.807730866653432522e-01
9.800000000000000000e+01 9.305802662049283969e-01 6.738183014376751823e-01
9.900000000000000000e+01 7.118255391259133980e-01 3.557411893344939458e+00
1.000000000000000000e+02 2.329938839857918498e-01 2.382191632879132825e+01
