# residue i_ratio gamma_2
1.000000000000000000e+00 nan nan
2.000000000000000000e+00 1.673275074653537142e-01 3.297556527478018040e+01
3.000000000000000000e+00 2.799629484221082820e-01 1.941564452183425971e+01
4.000000000000000000e+00 2.329963095864680256e-01 2.382165321583937967e+01
5.000000000000000000e+00 nan nan
6.000000000000000000e+00 6.669652304338652415e-01 4.354424355591993034e+00
7.000000000000000000e+00 7.522484312065077505e-01 2.911961467245919977e+00
8.000000000000000000e+00 8.613054848027752453e-01 1.443851646619017881e+00
9.000000000000000000e+00 9.096243295774680826e-01 8.955375550612527658e-01
1.000000000000000000e+01 8.176895876143523978e-01 1.988764715291770457e+00
1.100000000000000000e+01 8.263212755818583055e-01 1.876819142802912399e+00
1.200000000000000000e+01 8.737381942143526148e-01 1.297531749924927924e+00
1.300000000000000000e+01 nan nan
1.400000000000000000e+01 8.037250755840772420e-01 2.174440380373757531e+00
1.500000000000000000e+01 5.960114771331640471e-01 5.828272273988750918e+00
1.600000000000000000e+01 nan nan
1.700000000000000000e+01 2.796002170843994161e-01 1.944512439983368068e+01
1.800000000000000000e+01 1.205480453338294011e-01 4.362592868377907251e+01
1.900000000000000000e+01 1.832206584084130618e-01 3.030855162593078234e+01
2.000000000000000000e+01 1.376627604248131520e-01 3.912221224131678099e+01
2.100000000000000000e+01 1.828863840833108156e-01 3.036103714479421711e+01
2.200000000000000000e+01 1.257298164193650369e-01 4.216991307138990663e+01
2.300000000000000000e+01 nan nan
2.400000000000000000e+01 nan nan
2.500000000000000000e+01 7.966423015375029629e-03 1.858007318292577565e+02
2.600000000000000000e+01 8.571610285995712175e-02 5.638414372955769238e+01
2.700000000000000000e+01 1.346681656898610080e-01 3.985027128884641456e+01
2.800000000000000000e+01 1.819629835492653225e-01 3.050677784267703885e+01
2.900000000000000000e+01 2.188126073391365445e-01 2.543695318225540092e+01
3.000000000000000000e+01 2.843870329098622807e-01 1.906093696353991263e+01
3.100000000000000000e+01 2.929634022106280544e-01 1.839786636255981023e+01
3.200000000000000000e+01 3.884524154005673524e-01 1.267789649827775378e+01
3.300000000000000000e+01 2.566187870201060428e-01 2.144640473897004540e+01
3.400000000000000000e+01 4.588815722374095518e-01 9.764760887246495713e+00
3.500000000000000000e+01 5.424952602091183129e-01 7.159706036550714359e+00
3.600000000000000000e+01 4.078952894155005171e-01 1.178961936464620841e+01
3.700000000000000000e+01 2.704287572513380256e-01 2.021136162620058130e+01
3.800000000000000000e+01 2.466396716994829763e-01 2.240620384193149306e+01
3.900000000000000000e+01 4.453188220508861317e-01 1.026507805425949194e+01
4.000000000000000000e+01 4.997308314757588632e-01 8.398758205452498515e+00
4.100000000000000000e+01 5.438740759354510068e-01 7.122562013527609537e+00
4.200000000000000000e+01 6.245742792503683471e-01 5.199665915594584575e+00
4.300000000000000000e+01 7.117962960094955660e-01 3.557902380040130819e+00
4.400000000000000000e+01 nan nan
4.500000000000000000e+01 8.628967857648507378e-01 1.424911313502012611e+00
4.600000000000000000e+01 8.870187653384581372e-01 1.145333588298619087e+00
4.700000000000000000e+01 8.163590672235514489e-01 2.006209619521950760e+00
4.800000000000000000e+01 6.227847340533498866e-01 5.237565443265921772e+00
4.900000000000000000e+01 8.437984576969983497e-01 1.656476362231709576e+00
5.000000000000000000e+01 nan nan
5.100000000000000000e+01 9.137501755395863734e-01 8.511559090934326388e-01
5.200000000000000000e+01 nan nan
5.300000000000000000e+01 nan nan
5.400000000000000000e+01 8.781345525512445072e-01 1.246687755920171448e+00
5.500000000000000000e+01 9.076479608599640203e-01 9.169268661442349089e-01
5.600000000000000000e+01 9.187456608833679539e-01 7.979036402615531376e-01
5.700000000000000000e+01 9.234190041563394846e-01 7.485589262901514163e-01
5.800000000000000000e+01 9.487973400504181587e-01 4.883170588653907296e-01
5.900000000000000000e+01 9.606841494635569578e-01 3.707297228713346549e-01
6.000000000000000000e+01 9.596502777168102183e-01 3.808517426563797770e-01
6.100000000000000000e+01 9.514797354081688807e-01 4.615485961805502746e-01
6.200000000000000000e+01 9.013078739861164479e-01 9.861161627309715794e-01
6.300000000000000000e+01 6.334129470267458872e-01 5.015236243226112833e+00
6.400000000000000000e+01 5.316134104746783606e-01 7.458681079842706119e+00
6.500000000000000000e+01 6.447056306014946614e-01 4.786074182455730686e+00
6.600000000000000000e+01 8.333368566123455778e-01 1.787371081812600959e+00
6.700000000000000000e+01 nan nan
6.800000000000000000e+01 8.103772884033003665e-01 2.085274193755136896e+00
6.900000000000000000e+01 7.241744269953538371e-01 3.353435968613925233e+00
7.000000000000000000e+01 7.397843034065135770e-01 3.104280182437568314e+00
7.100000000000000000e+01 6.532351379122812718e-01 4.617611945700973664e+00
7.200000000000000000e+01 nan nan
7.300000000000000000e+01 3.100934522071883137e-01 1.716259218357910399e+01
7.400000000000000000e+01 nan nan
7.500000000000000000e+01 2.369054475928131231e-01 2.340308887513843672e+01
7.600000000000000000e+01 3.790338129079948160e-01 1.313534443707890631e+01
7.700000000000000000e+01 4.319177157348322860e-01 1.078540787365290576e+01
7.800000000000000000e+01 3.896660210068330077e-01 1.262029304399589158e+01
7.900000000000000000e+01 nan nan
8.000000000000000000e+01 4.984699962226099568e-01 8.438050129853277070e+00
8.100000000000000000e+01 7.841718289919472618e-01 2.444372149339774758e+00
8.200000000000000000e+01 8.100362827374415486e-01 2.089813049951025459e+00
8.300000000000000000e+01 8.366972850867084865e-01 1.745004365615789643e+00
8.400000000000000000e+01 7.967442366745680626e-01 2.269446932411609108e+00
8.500000000000000000e+01 nan nan
8.600000000000000000e+01 7.096923056339442537e-01 3.593286165704834723e+00
8.700000000000000000e+01 7.007217404265811966e-01 3.746261489377566978e+00
8.800000000000000000e+01 7.854467676896753625e-01 2.426404902864601976e+00
8.900000000000000000e+01 7.957863113415114542e-01 2.282600531283889733e+00
9.000000000000000000e+01 6.472898472432844219e-01 4.734622111364214625e+00
9.100000000000000000e+01 3.969366568225159431e-01 1.228135278676671582e+01
9.200000000000000000e+01 2.857938035422800116e-01 1.894999065594561927e+01
9.300000000000000000e+01 3.412404951590593538e-01 1.517804589026811257e+01
9.400000000000000000e+01 6.134591176446848593e-01 5.438197197728752208e+00
9.500000000000000000e+01 7.466511755155198493e-01 2.997617691551530683e+00
9.600000000000000000e+01 nan nan
9.700000000000000000e+01 8.729436859225568890e-01 1.306769626597150014e+00
9.800000000000000000e+01 8.510407412321070453e-01 1.567561464807354366e+00
9.900000000000000000e+01 7.578553755746678666e-01 2.827289651093818357e+00
1.000000000000000000e+02 7.849373110570421197e-01 2.433578219363555117e+00
