2.978341248600684921e+01
1.632833527634214299e+00
1.471317838147744306e+00
1.376053480351373981e+00
5.649981551347438824e+01
9.182934507305842153e-01
1.890224752840832245e+00
4.543833223232293790e+02
4.680700456711086588e-01
3.813019898909442418e+01
5.354491348932432970e+01
7.937676278206365232e+00
5.490048237311016877e+00
8.414043262415759727e+00
2.200768200404459307e+00
5.282065060363955844e+00
1.392154871351425172e+01
9.367962382343646865e+00
3.088545539646818217e+00
6.349931663090489842e+00
2.037662058090681327e+01
2.736017626619171494e+01
1.739905603937006262e+01
1.719782987324666408e+02
6.624507805175487540e+00
1.204199566148071021e+01
1.685074605585161223e+01
1.799503878153609904e+01
1.778469196688008225e+01
8.979118430206437296e+00
1.614232905929578621e+01
3.735720009533390851e+01
2.721425771920502057e-01
2.494466406204661979e+00
1.020674196134107063e+02
1.539565964508158480e+01
1.019430688054671963e+00
8.374871383649422185e+00
1.165490755890943975e+00
1.635456999331455386e+00
8.291848741245944510e+00
7.963134015460848758e+00
1.072466501494239083e+03
1.397921226051657868e+02
3.584305019792423508e+01
3.160670425833410135e+01
4.632940472318424554e+02
2.884716909102076343e+01
2.630058371759878674e-88
9.236303480204346883e+00
5.323692277185500502e-08
3.951071358331598797e-275
1.160181347280369020e-10
3.064682003426130663e+01
4.613373731477009299e-02
9.922898615947717618e-03
1.341529454335323521e+02
1.321942834098608577e+00
9.764860336551150002e-03
4.611780254754784328e-03
4.745191475296466413e-03
2.963189244171602829e-03
1.744295514018861943e-06
9.490265758474128788e+00
2.060995423575001837e+02
1.041664730275369960e-01
7.376514958575160108e+02
3.717187386517951353e+01
1.744662642795610896e+00
2.233234213523443146e-01
3.844554622418226586e+01
4.421094450114944863e+01
1.401330903782584869e+02
5.992675349191214806e+00
1.139367942684416022e+02
4.987932199089629689e-183
1.085696044451136189e+01
7.096072478078873758e+00
3.264252654930891893e-04
1.177264197470573848e+01
6.131881339224745172e-13
1.229000085480650561e+01
3.963260099779246956e-04
9.310996737964115644e-01
1.504228639526230538e+01
2.105780791703714794e+00
1.259333106820036164e+03
1.236792663365145151e+00
1.673560339676676278e+01
7.904464379414757325e-01
6.471082406683265731e+00
2.112608680898279445e+01
9.332679490434328429e+00
7.108782998455567714e+00
8.173444026897968229e+00
3.424263930770988651e+01
1.529245437288298259e-01
1.479392391388945782e+01
1.029451129145587096e+01
4.904812101036683636e+00
9.719030984040204046e+00
7.522073706170947283e+00
7.595552124275736894e+00
1.816747547732913119e+02
6.594234726946663905e+00
5.024502994354003249e+02
9.933825389676533746e+01
3.243233390205075750e+01
9.852396840103857301e+00
3.432554742324187913e+01
5.697417229177883513e+01
2.710265071515031376e+00
4.023461673394919558e+00
2.116783687632674216e+01
1.238154671290613784e+01
2.959100740650508765e+00
2.409114251082140967e+01
4.064338955347638560e+00
3.218276926316297470e-01
7.409153822623064656e+00
9.053847129417373907e+00
8.849269983431881315e+00
5.518941858568222614e-01
1.118618034528571448e+00
3.209041506882028827e+00
7.754726092326849063e-01
2.770862376346872602e-01
9.185231547443537536e+00
8.826790077556068148e-01
2.723799253369504347e-01
3.068665770702194151e-01
1.279340626132093028e+01
1.647964536563496907e+01
2.014103824916587016e+00
2.687247730126209433e+00
2.938504796570266642e+00
9.027178095888774845e-01
7.553463355048614103e-01
3.247186001033229186e+00
1.663851551245777571e+01
5.341948804918881244e+00
8.477845555586792869e+00
8.576823364848912945e+00
8.724968754373589874e+00
8.632685820678201338e+00
1.768961749766996050e+01
1.005727028007785506e+01
8.997443471928605163e+00
1.085932032460197938e+01
1.509979915695941877e+01
1.112430238046317932e+01
1.285668997351452703e+01
5.569349123182515626e+00
1.490973896746974603e+01
4.630838168921256326e+00
9.322763449313170581e-01
9.025632937965363922e+00
1.626496353732619582e+01
4.229520608391618808e+00
7.568827591270385291e+00
1.781134753756809985e+01
1.460067847639124849e+01
1.002202966613490176e+01
3.889857222830411132e+01
3.363293912860763868e+01
3.147021171512177862e+00
1.514427653501428850e+01
3.042096317560309160e+01
1.328372934463428479e+01
1.837843619982172072e+01
9.410919739599840739e+00
1.701766124130869429e+01
8.495172343725919006e+00
1.048357955896246274e+01
1.192666334914325432e+01
9.491751780710908193e+00
2.923986058626597551e+00
1.843052308291125208e+00
7.228421718506002902e-01
1.240259902787314594e+01
1.427224774053942902e+01
2.943676938949279887e+01
1.301541182105992611e+01
1.120400872311624241e+01
1.457226053448816927e+01
2.209748345390818436e+00
9.919310025735356362e+00
7.893349895261247084e+00
1.026912269989290927e+01
1.786962484060262568e+01
1.214583242398895457e+01
3.037809868082372855e+00
1.205183837115940371e+01
3.207769451714818132e+01
8.703499875094495408e+00
4.268945596525004493e-01
1.061277755791018329e+01
3.380747929744416780e+01
2.122472397829457328e-05
2.562717383762311840e+01
7.690824695747561002e+00
2.692202911408215993e+00
1.878041501676617875e+00
2.329879532001974951e+01
1.824617253248963233e-01
5.086829151822113815e+00
5.833418235081429953e-04
4.899345412510332509e-01
8.146512516462473333e-03
4.756667043688775354e-01
3.806117164949943121e-02
1.220457784347716013e+00
9.731086504665615866e-01
1.672293750243342370e+00
3.391903538175163046e-02
2.563015327467014970e+01
2.383083312708105694e+01
1.435882383988640640e+02
1.155469515589600205e+00
1.383700818182970194e+00
3.674992674818258642e+00
2.862875085395645058e+00
1.816678631178662684e+01
1.150482397167506932e+01
1.317992986956011237e+01
4.149135085637789189e+01
3.133262324577062685e+01
1.268887119937924624e+01
9.363799098949462518e+01
1.879433971665866352e+02
1.697366501024715618e-02
5.899837652191597925e+01
6.349808912564561147e+00
9.896793618315851404e+01
2.700741101000994036e+02
2.826171533016654962e+02
1.366964622174442070e+02
1.076932652636964916e+00
1.545999014555790252e+00
4.739188712432956807e-01
4.202805400133982627e-01
6.817291539361212127e-01
3.651629169907258898e+01
3.087598451109747089e+01
7.289979799763983692e+01
1.635207740081453436e-03
3.642938790270317782e+02
3.959398884573982969e+01
6.191732831798570480e+00
9.280376380011510218e-01
2.460755529365823335e+01
2.338804719821809286e+01
3.225889518989583848e+01
3.589580256183825258e-01
7.616763654376651971e+01
6.983113017767804465e+00
6.632433448057518888e+01
4.894220254275953863e+01
3.340939114778350506e-07
1.090515324280587777e+02
1.928525255924202852e+01
2.311802840798498337e+01
5.048973822773980658e+01
4.924981788127131388e+00
2.286903580616546527e+00
2.809000306989937190e+00
2.198842346834884509e+01
2.207352148205892561e+01
9.320705575089206718e+00
1.390182268473453675e+01
1.434857123651935140e+01
9.147292811694692105e+00
5.466020715191073798e+00
7.242481062420819171e+01
1.134984586996057487e+01
2.856351288133572197e+01
1.128611198283381789e+01
6.569707889099373688e+01
2.720130200266825113e+02
3.302218164694763658e+01
2.656187014889713538e+00
1.587406156230439613e+01
6.567258679100681285e+00
1.904397986853603797e+01
4.839763290007397956e+01
6.858037518505610830e-01
5.266253973891926954e+00
6.851068139225846565e+00
1.963852120441461580e+02
2.500116883004112012e+01
3.816294481752216257e+02
6.316804780395968919e+02
1.562410759634844226e+03
0.000000000000000000e+00
5.046780412459192178e+01
3.010713830160498674e+03
6.237717002306203003e-19
1.928378645679756664e+04
0.000000000000000000e+00
0.000000000000000000e+00
0.000000000000000000e+00
8.150539140023628575e-09
4.855794126187399343e+03
0.000000000000000000e+00
0.000000000000000000e+00
0.000000000000000000e+00
0.000000000000000000e+00
0.000000000000000000e+00
0.000000000000000000e+00
0.000000000000000000e+00
0.000000000000000000e+00
0.000000000000000000e+00
0.000000000000000000e+00
0.000000000000000000e+00
0.000000000000000000e+00
0.000000000000000000e+00
0.000000000000000000e+00
0.000000000000000000e+00
0.000000000000000000e+00
0.000000000000000000e+00
0.000000000000000000e+00
0.000000000000000000e+00
0.000000000000000000e+00
0.000000000000000000e+00
0.000000000000000000e+00
0.000000000000000000e+00
3.486423048614223363e-02
3.810639535962879187e-01
2.736220229988256105e-242
6.461415913286652994e+02
1.399668412962995667e+01
6.036603386480832802e-06
0.000000000000000000e+00
3.115422858922977323e+00
1.379080966906179384e+01
0.000000000000000000e+00
0.000000000000000000e+00
0.000000000000000000e+00
0.000000000000000000e+00
1.255182269726227984e-04
8.453238682521262426e-01
6.631171533673674637e-03
7.868423226047415839e-08
0.000000000000000000e+00
2.640008303088463890e+03
0.000000000000000000e+00
0.000000000000000000e+00
2.250076368579796693e+01
4.569815582367403408e+02
8.257417099874877678e-06
5.173297093492604487e-05
4.437396665886164104e-01
1.588940118943780026e-22
7.360723812302994934e-16
3.767190268562044366e+04
1.418614062232493171e-61
0.000000000000000000e+00
0.000000000000000000e+00
4.607891222091143213e+00
1.407305425484420613e+00
9.800454869932411839e+01
1.298766548077739280e+01
4.023959430548924132e+01
8.865973483978173167e-51
7.562172001372010621e-01
1.756521537764299477e-15
7.146556154774587732e-50
1.039021290863428675e+02
9.699091758350863188e-04
4.067019386441294320e-08
1.455955338887995554e+00
2.045333804712640743e-04
6.598402126701861103e-01
1.119061408525122836e+01
1.204717867809418363e+00
6.436050248951070973e-02
1.195577816474186861e+01
7.900988542700909667e-02
2.261480129023089587e-04
4.797247588281800645e+00
5.685861784373940964e+00
7.825504947042916798e-03
9.184146848348295755e-02
8.144018284098823723e-03
5.764272535142180541e-03
2.439598256167210995e-03
1.730136212040664923e-01
4.014267181222829350e+01
8.263041021205258403e+02
0.000000000000000000e+00
9.901841386166813663e+01
0.000000000000000000e+00
0.000000000000000000e+00
2.791347719781851566e+01
1.580308800035796768e+00
1.468539164987348045e+01
1.434954665709304678e+01
2.782443489552077764e+01
2.745584143339337402e+01
1.104846926033692256e+01
1.165161888769901344e+00
2.055689666565272411e+00
2.168706461705931579e-03
8.615816130316266808e+00
1.943656490042832630e+01
2.006200017776126643e+01
1.560682553431553465e+01
5.209910912802518368e+01
7.374079540996941660e+02
5.418599448130805740e+02
3.148814321631700750e+02
1.448271512494191349e+01
1.272684517557043016e+01
2.340928831286075535e+02
7.096699401870957047e+01
2.585072424446696004e+02
5.125448679327130321e+02
9.133294637821776973e+00
2.367715533506733664e+03
9.501977456351136198e+01
7.075223946146601861e+01
1.253472683908387069e+02
1.511154698396660656e+01
6.128443981653813353e+02
8.857331450975819109e+01
4.096361613989900619e-01
3.066303094381665151e+00
0.000000000000000000e+00
9.140596069434483577e-43
1.859193494693256454e+00
2.381470397936499950e+01
3.639701881145825269e+01
9.938840762660278827e+00
4.519478099950843841e+01
2.676979721863502704e+01
6.543590574052107911e+01
2.850761082229049848e+01
1.050940867766479059e+01
6.836608321642353303e+01
1.005581367925792478e+02
1.154413617995768693e+00
2.251396645833309428e-92
2.079734967734459872e+01
3.726957367882579319e+02
1.772057058680282893e+01
6.146054307464542887e+01
1.100157615030389309e+02
4.196132109349480110e+00
6.481153662586431578e-26
4.754699530460689272e-01
2.486365293213371075e+01
1.699558761076792166e+02
4.811981210154306154e+01
6.338589127996190200e+02
2.150657894035009048e-03
7.636746584128698032e+02
1.132423669422974137e-73
3.385359641193392277e-01
1.539631136506629261e+01
1.358621325174069044e-06
3.824307411366367933e-03
1.709890508190440757e-06
2.710480468755856798e+00
4.708127249244240670e-02
1.858180162338354702e+00
5.891779488175162527e+01
6.562418359757467101e+01
5.762473349699284597e+00
3.873388670153906332e+01
2.421423364071398510e+01
5.247742138844459703e+01
8.950709987554616021e+01
3.224906045618757822e-01
2.630087505692111449e+02
2.167403844479350994e+01
9.279274379382047755e+02
9.792964100834141705e-01
1.044818330362756953e+01
3.489832696382691335e+00
7.107040587645349627e-02
1.048206436633411442e+01
4.836680832974359134e+01
9.557602936400961369e+00
5.363559170673907334e-02
5.887746388296285431e+02
4.649814136436528855e+00
6.514134472001058155e-58
8.495861208783576757e+00
3.500217969272660499e-39
8.598625488983291723e-03
8.731759103360378203e-14
0.000000000000000000e+00
0.000000000000000000e+00
0.000000000000000000e+00
0.000000000000000000e+00
1.855128696953836902e-267
0.000000000000000000e+00
1.685749652571042183e-03
0.000000000000000000e+00
5.608736704702176013e-10
5.141654352520782509e-50
0.000000000000000000e+00
4.782235303288580832e-228
2.849287320647083088e-20
0.000000000000000000e+00
0.000000000000000000e+00
2.053937691364138139e-15
0.000000000000000000e+00
5.952805546172121846e-37
0.000000000000000000e+00
0.000000000000000000e+00
0.000000000000000000e+00
1.334912133046548838e-59
0.000000000000000000e+00
1.798794122059869178e-50
0.000000000000000000e+00
0.000000000000000000e+00
1.132075567130274261e-02
0.000000000000000000e+00
3.014651517113130051e-316
0.000000000000000000e+00
1.891551106901535206e+01
2.696921937419977100e-01
6.161268514139157349e-27
1.023365629489277061e-157
3.075118328109635643e-312
0.000000000000000000e+00
9.734389937102911373e-282
3.608723221158368943e+01
3.932296313105735521e+02
4.568887120443613981e+01
6.130257495136508944e-02
6.237833956194723442e+02
1.578334064173440652e+02
1.455706719518107817e-01
3.615180097020646762e-05
1.214157771338375079e-19
1.886791329620220381e+01
3.776659147771109735e-47
1.650574147160227267e-01
1.326954344216451975e+00
3.140080709092280681e-02
1.100372344252484709e+03
5.346197183527289809e+01
5.426801519264305398e+02
2.003647046763779471e+01
3.559815993819499909e+02
1.553617399507777286e+01
4.290741614099716217e-01
2.316810613552588993e+00
1.014181207625753416e+02
4.641528834533849235e+00
1.312728055835319481e+02
1.342752439086575222e+01
1.052062936255468273e+01
1.416755752168002402e+01
1.690913050044656529e+01
8.086748977605997979e+00
1.586215051630125750e+01
6.947014373396548592e+00
6.945519924521791211e+01
2.235431340413339640e+01
1.778811473976005075e+01
1.609454919192359341e+02
3.288078997141721516e+01
1.761979079835083795e+01
1.232546384082427160e+01
1.747920789563119470e+01
3.882493097513329161e+01
1.800873225071266859e+01
3.804712358950217777e+01
1.677531812895142949e+01
1.568889253431006203e+01
8.205076540531059948e+01
5.960493298031734084e-38
2.508783485749501647e-40
1.023691460582770247e+02
3.457904523856091572e+01
1.073468198602363373e+02
7.120500032633769199e-72
9.986987208031960606e+00
4.147151324775877335e+00
1.263238619672591057e+01
1.766645158134879168e+01
6.659210295405756375e-01
3.192895773233631385e+00
2.461935443628204823e+00
5.229183980617705885e+01
5.613749911365671411e-90
2.531921103462000231e-202
2.596729298647817430e+01
1.993013798212282595e+01
1.009050287741556140e+01
1.954707623058328636e+01
1.616303071506326816e+01
1.053926286449178029e+01
1.591459243309592253e+01
2.330777056362801147e+01
9.599428021635972641e+00
1.650219983097317566e+01
4.815204553514965369e+01
1.079238190417814707e+02
1.207281984744577485e+01
1.403221898909955279e+01
1.143627264050554970e+01
6.185551256222991956e-01
3.147723071183612387e+00
1.103674419073052748e+00
2.100469339922216250e+01
1.499797370865842261e+01
2.395228499026172031e+01
3.245763049255402422e+01
3.684597661248783140e+01
3.264996465429587572e-37
1.584790763154950355e+01
3.466159986550755079e+00
1.776622195638311297e+01
1.120695925596546338e+01
8.109744560496519317e-02
5.283294999402875902e+01
2.872415625087143098e+02
9.803584222569953681e+02
1.976504541541531168e+01
2.981167184626905353e+01
1.466687335334461439e-01
4.777055361030761560e+01
9.079887096453472850e+01
7.767558644939043688e+01
4.535145708653773965e-23
1.518844110834032968e+01
1.273026016641660618e+01
8.903560253521760615e+00
2.304618505085325592e-02
4.283448270422783866e-01
2.492927689673850367e+01
2.034518477745506715e+01
1.012532067814573367e+01
4.996843575702882845e+01
3.268481368113238972e+01
3.113787659720446577e+00
3.822447133919731677e+00
4.349209229336967297e+01
1.245333319894002777e+01
1.216417587203129091e-01
8.945375020598806959e-01
2.431507471507341904e+02
7.785262220250658949e+00
1.245969085376861472e+02
7.400384739287098057e-01
4.033334667708141552e+01
5.030679804950186629e+00
1.125186986621664147e+02
5.645918661815523265e+00
2.292922237999316337e+01
6.345025363624941406e+01
6.142795462287865149e+01
3.652739876254609896e+01
2.773878797989480063e+02
1.818102041432526406e+00
3.553065704778370218e+03
8.302048823604798145e+01
1.951487836016884359e+01
2.002950569314594986e+02
9.289212381594264656e+00
1.156565443557194373e+00
1.516392060454431245e+01
2.149801252762376436e+01
5.805155868666585839e+00
2.124154390642682344e+01
2.550167861346744047e+01
3.463160202363561702e+00
1.294446052782636691e+00
2.292016438228201380e+01
5.296269025850792289e+00
2.372204189195766162e+02
2.659160552937361199e+00
8.884074791380720626e+01
2.631707878701343262e+00
1.325042438886940621e+00
3.060438368865874992e+01
4.379154473004637538e+01
1.577365222551687651e+01
2.315239428120508425e+00
1.961556786329566648e+01
1.881427786123510259e+03
4.448139753594724652e+02
1.915874763593004104e+02
2.206877157256447930e+01
2.437054077393988294e+01
6.350973068479310868e+00
1.115037010105490367e+01
3.045627789106042815e+00
6.346109014057793019e+01
2.473916726542605318e+02
2.348231740483794905e-01
7.264851131461982803e+00
6.591748955549650568e-02
3.726566041292956655e+00
4.248601833240140024e+01
2.921556647213292734e+01
2.114878812472119396e+00
1.603975233892108676e+01
9.822522745258085664e+00
9.689045551141184376e-02
4.427113531100734356e+00
7.870443825126790216e+01
4.985084274580123598e+00
9.640119532333540064e+01
1.295699043688617849e+02
9.328800079634758902e+01
1.538287074299891366e-01
1.469208796701007458e+00
2.083330638288518610e+00
2.413661844950433988e+03
2.346471721946558375e+01
5.774643262242497022e-01
2.589648148003309871e+03
1.484520024262086508e+02
7.742425770292494747e+01
6.924612692669981584e+01
3.445908059367787293e-03
3.540672645708102095e+01
8.096327070948663618e+01
3.735480016877990916e+00
9.462501478798881038e+00
2.371666126763186710e+01
5.841496417629928146e+02
6.376789146933447228e+00
1.181669419360995832e+01
1.609173942360711251e+01
9.641662143869327295e+00
7.882867520667792560e-02
2.434542277575942748e+01
2.429456084973035559e+03
3.526628477313550360e-05
0.000000000000000000e+00
1.492619279731735860e-01
2.045008570291127206e-24
4.299640080392325132e-91
2.035498782117740678e-11
1.209155474428905045e-240
3.504892065905464733e+02
0.000000000000000000e+00
0.000000000000000000e+00
0.000000000000000000e+00
1.066743506611050950e-04
2.412514454617829074e+01
3.526756601016458603e+01
3.346182793686242718e+00
1.818331287202845914e+01
2.120294199684153824e+01
2.591029315896711083e+01
1.692160583028109144e+01
1.069279355702298346e+02
3.796533779532365038e-01
1.499543037276281687e+00
3.483809605496615802e+01
1.126342934041761223e+00
2.676989697368157195e+01
1.525439937471667839e+01
3.241073667017546711e+01
4.681299190859036230e+01
2.798302983726236803e+01
4.082035247099280184e+01
3.181704409837142862e+02
3.988236721249057837e+01
9.213970981880947875e+01
4.570312604270696270e-14
0.000000000000000000e+00
0.000000000000000000e+00
2.974826751250602844e-123
0.000000000000000000e+00
0.000000000000000000e+00
6.104982567358842034e-261
1.269544768757097870e+02
2.936515622542255954e+00
2.417344202139217657e+01
2.204136650176631917e+01
6.596692252735063988e+00
5.933213958100258196e+02
4.995571837551491257e+00
1.139022816255952421e+03
2.339582819453101365e+03
2.439827193687573728e-22
1.806919184929413773e-09
7.683868001097215483e+02
4.217084739417995820e+01
3.470354754828775867e+01
1.972937442837957889e+01
3.090954786989319913e+01
1.724917194133207587e+01
2.370437678118614855e+01
2.953742426811411548e+01
9.152457110565710252e+01
5.343189671822198079e+02
1.873419439556911925e+01
3.465709331887377687e+01
1.563603891640377874e+01
2.058539023780074828e+01
1.673827128290079003e+01
2.197493787642136098e+01
2.438152623492383242e+01
3.591440029628827091e+01
5.506708080083922852e+01
3.709813086683923444e+01
1.313640311895066226e+01
3.681089629212844549e+00
3.987182292650670035e-01
1.057178800936087043e-01
4.906423999486926846e+01
5.281942633631595996e+00
4.045511082340043885e+01
2.916801868902221884e+01
4.818523778220140485e+01
7.884547164035764943e+00
2.662489131247778928e+01
2.202454426227893691e+01
4.392889793552757993e+00
1.041212841703164926e+01
2.412829458648783998e+01
1.439392797556942014e+02
3.650346608939431547e+01
9.102902485266806121e-01
3.175494018777556392e-03
1.363039204289068529e+01
6.618676993956037791e+01
4.039762953244789401e+00
4.297384401403603249e+01
6.866605752953607755e+00
9.983107006727746580e+01
5.017133558882643563e+00
2.617516565790435266e+02
4.688496549608129982e+01
5.478584722838131427e+01
2.169202462230384043e+01
3.108446313441783104e+01
8.158849193133269750e+01
1.527763176742891815e+01
3.275728290696711298e+01
8.826156114188053436e+01
9.417225881007141197e+01
9.806050223235290275e+01
4.778520090899963435e+01
7.577274781188967800e+00
1.343863003340722173e+01
7.331846406156831790e+02
1.219195313418482973e+00
1.175219619116367085e+02
6.206347288378700711e+01
2.994261339967466640e+01
5.933769597295881049e+00
6.393393643023682671e+01
2.493298866773614364e+01
7.256058436578844351e+01
1.312307750074260149e+01
1.666651957141207774e+01
4.734358331683725396e+01
1.657077926184230421e+02
9.966624780321568267e+01
2.184626747359471608e+02
2.648288582427218429e+00
1.590978102015521856e+01
9.881729516721705908e-04
2.280337498207234137e-02
2.557887885375786396e+01
2.892360969671788666e+02
2.096203026777383229e+02
6.780386807793981063e+01
3.702805874445702639e+00
6.417199860024831726e-02
1.090020394340297455e-87
3.217915054527972774e-02
2.898119072576713778e-02
4.972858290344690886e+02
2.252466176273261667e+01
2.324432934760257652e+01
2.381852264485453219e+01
5.017571677808748021e+00
5.469498357474513739e+01
2.891087511105654411e-03
1.846382775317864855e+01
2.758814074443006348e+01
1.759487042105525134e+01
4.630273465814879197e-01
2.941417981852509911e+01
3.756077719245615870e-02
9.052629302691429791e-02
4.693441117302003640e+00
9.870468591569705907e+00
1.358833289434512537e+01
1.052374921256814133e+01
1.796631285079831386e+00
2.511864294829643711e+02
8.088520137878323624e+01
1.157072498105671343e+01
6.183645727768859457e-01
2.570237129968768386e+01
7.982694492303560985e+00
1.014480174057247552e+01
3.668885661223398387e+01
2.882047247856478034e+00
1.505534168042675880e+01
3.176259108494877736e+01
3.244479692608650101e+00
7.453972047127901956e-02
1.223014624057385902e+01
2.658599652243391631e+01
3.008224809766131358e+01
6.271899834380342043e+01
4.341750979407336675e-01
1.580445676212178796e+01
2.000936794130779717e+01
1.050943170005823646e+01
5.720169595361970671e+00
2.215606506834034151e-01
1.045110410516170818e+00
2.378302921995576469e+01
3.929002785914585161e+01
6.805084444254840825e+00
3.743941219123064545e+00
2.104080813897626712e+01
1.406383454568356512e+02
6.850557577630560502e+01
2.117873867234511636e+02
5.284417432622083443e-269
1.422376711782306984e+02
1.037729492509794049e+01
1.174697691883200209e-11
1.486756421960216512e+00
1.710004031201768981e+01
4.650302557686167848e-01
1.698660982025285899e-06
1.436740103534163495e+02
3.646106939254130452e+01
8.031329319851300852e+01
7.915625869996469532e+01
1.190952240231119702e-01
1.967807096339987893e+01
2.790780036128741131e+02
0.000000000000000000e+00
1.795647497757940769e+01
7.420195741959135205e+01
6.487915363023704174e+01
7.262354583363924121e+01
5.115105549757430481e+02
2.449261668949267090e+01
5.302899604452218796e+01
1.214978764547937520e-155
3.264689834690265258e+01
1.855324916794838686e+00
1.399977429297603049e+00
9.872263294565826697e-88
1.042381470552993905e+00
1.860480372906481300e-56
4.636199520124235107e+01
1.508592620113759608e+00
3.240320964139165483e+01
9.181475028207521948e-06
4.906486719587196177e+00
1.500169799643804026e+03
2.017279178539560462e+03
4.859916257246472924e+02
5.638182880439254632e+02
4.975778573866451779e+02
2.010099184912181812e-04
1.105143984475607688e+01
2.871045539635218233e+02
1.154867708968866485e-41
2.574477195224122905e-19
5.802466416394583604e+00
1.954288313235092694e-173
6.986659756545570887e-89
0.000000000000000000e+00
2.260183144442074990e+04
3.991984356382542043e-26
0.000000000000000000e+00
4.594397449659564359e+02
3.987197793529668616e+03
9.603724057829473395e+02
1.710733915962212492e+01
4.174662327032076973e+03
6.602104137383270199e+01
3.008484232245849793e-02
0.000000000000000000e+00
0.000000000000000000e+00
0.000000000000000000e+00
0.000000000000000000e+00
0.000000000000000000e+00
0.000000000000000000e+00
1.354823279433872533e-03
1.729676047254442883e-56
1.728144423389261283e+04
2.132946135326311499e+00
1.632736931428058369e+03
3.843349695063868247e-54
1.140892105053523409e+01
6.836883015097880900e+01
1.889910811291551085e-01
2.909859225501589375e+00
9.126266219754597842e+01
5.393087346612676214e+01
8.008133435611159712e+01
2.484875816555467409e+00
2.657923594859493491e-02
1.208794111072392319e+01
2.368947194528922040e+01
1.717425509327653543e+01
1.564747770468299104e-01
4.137406835021518958e+00
1.420091752837065826e+02
3.645630602573378383e+02
3.620231593175315520e-03
8.673113752977992807e-02
2.282678330572323888e-01
1.882546290790454009e+02
2.158132011136499173e+01
2.473728642676083570e-43
2.250011077462208391e+02
7.202464522962168658e+00
1.518536188227028383e+01
1.594739311027785789e+02
4.290379602768685885e+01
1.071859264237547649e+02
1.669703232713817265e+00
2.414325827147688486e+01
2.989076360240335184e+00
4.978424702999353565e-03
1.471370217740203223e+01
9.917574073501612963e-02
3.387466775838487567e-112
7.135879893727819611e-50
0.000000000000000000e+00
6.489999349523410862e-07
5.724310321337651430e+02
5.759366156344220044e-04
2.483407377602530396e-05
9.491249700461334271e+01
7.240528725269270376e-06
2.135674085258485593e-161
2.517562825527214088e+01
4.176518341451695449e+01
1.250771886912235914e+03
5.982788795820573546e-37
3.019180637296204135e-31
7.924320033411680342e-02
7.008919725445164062e+00
0.000000000000000000e+00
3.755638366781962389e+01
9.099743883370662090e+00
1.132977939794945321e+01
1.723664032257231895e+02
2.550921231758395802e+00
3.927180948628866730e+01
4.155695673125938683e+00
3.419620237429746368e+01
3.420911924925923124e-08
8.819643667960409772e+00
0.000000000000000000e+00
0.000000000000000000e+00
1.914218845023708131e-12
4.561908996842335284e+01
7.348850541721095712e-66
0.000000000000000000e+00
2.531913019695434598e-94
2.338514476238560190e-07
3.119084256361914367e-53
7.093093658384270839e+02
3.986401053928091964e-01
2.200933118033845601e-02
3.785363448347685278e+01
1.565165335578415018e+01
3.617141915170201116e+01
1.203988477849221817e+04
1.426287635250979235e+02
0.000000000000000000e+00
8.108597374228628723e+03
4.178396884192573424e+01
1.642553145675722135e+02
3.433181228555695839e+02
4.635428600996269921e+01
7.046834030626818901e+01
5.746033704165371529e-07
1.750855406879044907e+01
3.028471159480276009e-01
6.889464671524835104e+00
4.711380595317582021e+01
2.456296427452437001e+02
1.832439380837518286e+02
2.043358542395558156e-04
1.693675329850925095e+02
4.459265666101074999e+01
6.141333599478252125e+01
2.645446766859490142e-149
2.201604537773450982e-40
0.000000000000000000e+00
0.000000000000000000e+00
0.000000000000000000e+00
5.188370410827984408e-193
0.000000000000000000e+00
1.277016699221053191e-51
1.341025075979346948e+00
6.673123190939607241e+01
5.409594580895560721e-114
8.264684204413826897e-45
3.464209092044394538e+02
9.382179783145088891e-109
1.809913048240145486e+02
6.410831420351456700e+01
2.082980585843889010e+00
1.113913756913172438e+04
5.442039728627995343e-01
2.053849347579202345e+00
1.849298405976628423e+00
1.476177693962621218e+00
3.094643178412958662e+00
5.365635881657292217e+00
6.642731695937037273e+00
2.075075052670879927e+01
2.004606479864992257e-08
1.171349346186753237e+01
8.396662117142986048e+00
9.161856252859683636e+00
1.691401771317453395e+01
8.279606370836393836e+00
8.036604826138473712e+00
8.021147781306385838e+00
8.136831575369638969e+00
1.641480206942085474e+01
1.644156946840255529e+01
7.221122069309449110e+00
2.770433674001073908e-04
1.616471099009187995e+01
6.517154217451032849e+00
5.668745482138575625e-02
4.067276123210578476e+01
2.190275844080916201e+01
2.253613430897009806e+01
1.088608218371579817e+01
1.066580154843511608e+01
2.773180212477815587e+01
9.802238800825272547e-01
7.275597195900749625e+01
3.709846743966269123e-01
4.041840623643399688e+00
1.080381768862475056e+01
1.409637049836752887e+01
2.670648559079757400e-01
1.393361802506143121e+01
6.589378575342348665e-02
6.722722652692135134e-04
2.047428777971417979e+00
4.515523497118462681e-01
3.138373440602387543e+00
1.326454811608716788e+01
1.441832803298455090e+00
2.837508606201525119e+00
5.556195348589181293e+00
5.875888578830098519e-01
1.665935334843036486e+01
8.497117053743449833e-02
1.313741292575179642e+01
1.462410588660360666e+01
1.223250707746450061e+01
9.670000332243802177e+00
1.479929065271083921e+01
7.481082046102128125e+00
1.377099026846360275e+01
8.567793153001010964e+00
1.132505615667132837e+01
1.282129539467354995e+01
3.239367733067735511e+00
7.695708317092370798e+00
1.379491813914963849e+01
1.563404089280237841e+01
1.241072578469136012e+01
1.566364013804967392e+01
1.474172513627233627e+01
2.294461753599969711e+01
1.499119574803706811e+01
2.744872804167520997e+01
2.930221151184751349e+01
3.269207607019772013e+02
1.596214683177308871e+03
3.642411315633135018e+03
3.114829054428396304e+00
1.053034741013007533e+03
1.180060852336130893e+03
8.094039271900540371e+03
5.595880038006763226e-04
2.920476131655385871e+03
1.427117529226212215e-03
3.353998467019876261e+04
1.303129709714734418e+03
5.360504049047997199e+01
5.263674749461803515e+01
1.406813294780960405e+03
1.223249657626136866e+01
1.928659917686405265e+02
2.241310553073218216e+03
2.699450546013058982e+01
1.865485941078272258e+00
7.588670125309357672e+01
8.456573819624300936e-03
5.201065758937015460e+01
5.677294070307932206e-01
1.609980798481011988e+01
4.002208699829741789e+01
1.136817849231236410e+00
1.152034906977739581e+01
6.472981791997492351e+00
2.179519669360868717e-01
1.469441158220063048e+00
1.456974717028188948e+01
2.028433538253293367e-01
1.692834903489730536e+01
3.547275255328358412e+01
1.043431329412003970e-02
3.358794819049327884e+01
2.373256698408577614e-01
1.840804155183197111e+01
1.647309387439853268e+01
8.586483052933145954e-01
4.213187323694466500e+02
3.754812250590308764e+00
7.358881613733795730e-06
0.000000000000000000e+00
7.252047731100836927e+02
2.548083153155993761e-117
4.780149774106576916e-42
0.000000000000000000e+00
0.000000000000000000e+00
1.893500207864013902e-20
1.969709022518219399e+03
4.149837010151740113e-01
5.992952677301546771e+01
0.000000000000000000e+00
1.516572955133203613e-06
0.000000000000000000e+00
9.009558219858115891e-02
0.000000000000000000e+00
0.000000000000000000e+00
1.676159031634950836e+00
2.692959787348060630e+00
1.880123133413295378e+01
9.840030553204942976e+01
2.330859984850431204e+02
8.777701511752947910e-03
2.309451215150203129e+00
0.000000000000000000e+00
7.098611329196756183e-137
1.305293554402392786e+01
4.536483271626391200e+00
3.293871694131479444e+02
2.118841030018795379e+01
0.000000000000000000e+00
0.000000000000000000e+00
0.000000000000000000e+00
0.000000000000000000e+00
1.065047555146924421e-184
1.858826014789059783e-192
3.418218546529463122e-118
0.000000000000000000e+00
0.000000000000000000e+00
4.979641173379426577e-01
4.175416605728342034e+01
7.446394520196199096e+01
8.651140248708646770e-06
8.154669393787683518e-02
1.919338896382412951e+00
5.787438875959388440e+00
3.829251521845015993e-02
1.053858933793606667e+01
4.014871655144894996e-02
3.533638478186960641e-01
1.473870656231871523e+00
2.048695927862366872e+01
3.009471898600970530e+00
6.200624228917102077e-01
2.164513600021284567e+00
1.029418542851293178e-22
2.226921022179201870e+01
8.721078117963934062e+01
1.584986225426406037e+01
1.942439526111147430e+01
1.467638666079715177e-20
3.384635272476710099e+01
2.753913080026014626e+01
7.682140730807762274e+00
1.044668662887380890e+02
1.016171484173688441e+03
1.320202593075824552e+03
1.988597373176187233e+01
1.563071450495193027e+00
1.203113484298575209e+01
1.193418073401253032e+01
1.098105716731405446e+00
8.789153369878830446e-01
1.869802927380752671e-199
5.101321896314698056e-39
2.669038075950938449e+01
3.737783251509994784e+02
1.066907221247205030e-02
0.000000000000000000e+00
4.615930943736487535e+01
4.006012103068518115e+01
8.983663155158427571e+01
5.867703249417908218e-01
5.365359535372236088e+00
0.000000000000000000e+00
6.649283982775604329e+01
2.087926493955307805e+01
1.041932367862168007e+01
0.000000000000000000e+00
2.519098948446604140e+02
0.000000000000000000e+00
2.735266006016748861e+02
6.692012770427223423e+00
2.864319103711895131e+00
8.058934584626630169e-67
1.690766612625162963e+02
8.702378162385339522e+01
2.153608501860252034e+01
6.153390358540799099e+01
3.309663735902744008e+01
4.800315104664002241e+00
8.506018343744178765e+02
0.000000000000000000e+00
5.090807011684792656e+02
5.014461851223453790e-150
0.000000000000000000e+00
0.000000000000000000e+00
1.010530168868521892e-165
2.649671318231643690e-72
0.000000000000000000e+00
3.413590836131526651e-112
1.079380030854460956e-232
0.000000000000000000e+00
2.826088121090945337e-182
0.000000000000000000e+00
0.000000000000000000e+00
9.533269569797857139e-87
0.000000000000000000e+00
0.000000000000000000e+00
8.810543411981419278e-309
6.016013846772113773e-248
2.327583247235490543e-67
0.000000000000000000e+00
1.149845915088166052e-19
9.277324643607463570e-08
0.000000000000000000e+00
0.000000000000000000e+00
0.000000000000000000e+00
0.000000000000000000e+00
5.805306968805141774e-96
4.242891615283269149e-03
9.199172495943865837e-70
0.000000000000000000e+00
1.365223436698513295e-179
0.000000000000000000e+00
0.000000000000000000e+00
0.000000000000000000e+00
6.240710514414123872e-14
1.506702611369058134e-14
9.316847738720524660e-39
1.633753186110832105e-09
2.428131305715416772e+02
1.986156454586671509e-30
1.982429454748179296e+02
4.787506466044302018e-28
1.910913673964045576e-16
4.939813244129190366e+02
1.008268227222569658e+04
6.344267946652343732e-13
3.031181164531626094e-14
5.407447798282683424e-140
1.063773687046047780e+04
1.711669681871268040e+04
1.745194565563249682e+02
4.589931526613177226e+01
9.142567254195711025e-70
6.373576553375140747e+02
4.443758707476005231e-18
7.780300410352323226e-01
3.299437791462637706e-98
1.421889307997910475e-02
2.515572585968011083e-04
1.463738178995967495e-190
6.105818927105690014e-04
2.617923973463108123e+00
6.149813031598635007e+02
4.979933335254996223e+02
5.187300428248164508e+01
3.208300119404189680e-06
0.000000000000000000e+00
2.946983226449324320e+03
1.805856425115504408e+03
1.694279693650135952e-04
2.169889024721096196e-02
2.987744102825641335e+02
9.465485569515348746e-09
1.395360017754668278e-100
4.544281318360188493e+02
8.596977418420192999e-35
3.980512720841079917e-11
3.392485093962727127e-02
1.164215478761113871e-115
4.210299665946437926e+03
2.181082919074229001e-58
9.811921420454370463e-03
2.011259884846058620e-275
6.345392865358779773e+02
1.143238418348249840e-09
1.361173558645153389e+04
2.079016727521894481e+01
2.228915541032240087e-05
4.688065712439767594e+03
6.839291069613156569e-15
1.807111150593465363e-05
8.301328227773080926e+01
2.704847692029320597e-06
4.969042046415234600e-20
2.604842262613711926e-04
2.045041311074238332e-21
1.775175274098558294e-133
2.935371710734218662e-148
2.153529932271556754e+05
4.902877294453417308e-03
1.273072906953612792e-164
0.000000000000000000e+00
1.080779533997791805e+04
3.874345555927691748e+03
2.544426682368714033e-06
1.084029560359914554e+06
1.629447328648875271e+01
6.102742167274087706e+02
1.017379105125988659e+01
1.979825802352095465e+01
7.310167681347846269e+01
1.340020952488244177e+02
1.367380941671569460e-04
1.349956950071769235e+01
4.986290192462604965e-17
6.540907253981469721e-51
7.835727611509169307e-14
9.384550483219566530e+00
8.095456525930350324e-12
1.616433977549933476e-05
0.000000000000000000e+00
1.285638396003961417e-09
0.000000000000000000e+00
1.794869365379728586e-83
0.000000000000000000e+00
5.154436167276027796e-66
1.071279960559013397e-136
0.000000000000000000e+00
5.027406624665647732e-12
5.125084986237239946e+02
1.499269114370909119e+04
0.000000000000000000e+00
3.035303951219107363e-134
1.512832193648338112e-202
3.587372136580322075e-21
6.153923290275191744e-73
5.285422847181391959e-64
6.559084777574089205e-71
2.362043335175349209e-53
3.919702638836399728e+03
5.031173656764581210e+03
1.263578104728595690e+03
1.155990521758846691e-139
1.175027229798788312e+03
0.000000000000000000e+00
2.883484923827660529e-01
1.199035784439251415e+02
1.478879983777951111e+03
9.203356078982686483e+01
4.418590183578597674e+01
4.876597151201131289e-12
0.000000000000000000e+00
2.404166787970614791e+02
2.133924480042026853e-02
1.119623983356988707e-170
1.169964090129434879e+02
2.861052347290002217e+03
1.457865209331354365e-61
1.233661197588636821e-22
1.497595086818790868e-05
8.885891935944906456e-34
1.312979610225387321e-25
0.000000000000000000e+00
6.231792252365472584e-43
0.000000000000000000e+00
7.183444303570475001e-76
1.411580064600108813e+02
1.942611372045070368e+02
1.364562666638961161e+02
6.367813409107539378e-15
1.276843162116033454e+02
1.172270417209916005e+01
1.956813144822944231e-182
6.375403297894533937e-05
6.448636563350958452e-09
2.301428795152403836e+03
7.285955560549771935e-15
7.352026085557405824e-41
2.002321754923235347e-16
4.071191513955619179e+00
6.469326962008140217e-06
1.958209224489409337e+02
4.758218230297641185e+02
1.347123458741192580e-14
1.750520283836002317e-08
1.203650394532312852e-97
2.109856014794860571e-257
9.607839379655291899e-16
2.721709692593299224e+02
3.798316952531568404e+03
1.888802856030001180e+02
1.213094197418128743e+02
3.464538691420293820e-06
3.733223108357792171e+03
1.318457209727227486e+01
2.291109861267283776e+01
1.227514014910362716e+00
1.152647394340834710e-15
1.346503165593620609e-03
3.039145333807410587e+00
2.197926528012342260e+02
5.726768380369889690e-54
4.083487296154889513e-85
6.706173589185111268e+03
3.710550889949215669e-01
1.862288330907035743e+03
1.882014198109471081e+01
7.996523735147891898e+01
4.032397527399819795e-11
3.947488693258187252e-07
1.035779494035379230e+03
1.465790273758530993e-35
3.730845519086388062e+00
0.000000000000000000e+00
2.134745700510069071e+02
1.887773717907289317e+00
0.000000000000000000e+00
0.000000000000000000e+00
0.000000000000000000e+00
0.000000000000000000e+00
4.175632450926248112e+02
1.631733005668888534e-05
2.126551067851512603e-30
8.550259800377469409e-15
1.932058906372680212e+03
7.890090831665418820e-96
3.656687289718433820e-01
5.136678072934873773e-01
1.066569757458951706e+01
5.443479654835701353e+01
1.195537215684552068e+00
1.838142101791361598e-301
4.389604929396745320e+03
3.435874243987516174e-04
2.057656045086297070e+01
1.925795404534527933e+01
1.163148055885298891e+04
1.589902444624628401e+02
7.106528120236574068e+03
0.000000000000000000e+00
0.000000000000000000e+00
0.000000000000000000e+00
3.325251619655442150e-180
1.354953438869766653e-31
2.773518473601163017e-10
2.017745563724670451e-146
1.794673773865746352e-05
0.000000000000000000e+00
0.000000000000000000e+00
0.000000000000000000e+00
1.342540095050118633e-73
1.957351110161262285e-147
0.000000000000000000e+00
0.000000000000000000e+00
1.360683122133569975e-181
2.883358521791579486e-90
5.819343860338842767e+00
1.326151914449457536e+03
1.067098815008557366e+01
0.000000000000000000e+00
4.115363124866238738e-21
1.575585916605275024e-90
3.348085819652494581e-151
3.253058401845154918e-223
2.322946822870726010e+03
2.029987093837771670e-04
4.058221720434130852e-16
1.365267628837108168e+04
2.269289587703378857e+03
9.904945030268656865e+02
9.544504244880981787e+02
1.398063171303927987e+00
3.069517996488071532e+01
1.103705261707208223e+02
5.342060038445494285e+01
3.504544219744377687e-01
1.291909897703651033e+01
1.826215785624664800e+00
8.365272623565500609e+00
1.032893758794349442e-01
5.126072056131463217e-01
5.879320251749278192e+00
7.539458201717398111e+00
4.381534870283879980e-03
3.090311068646592219e+01
6.893130741951313034e+00
7.872064143060739205e+00
0.000000000000000000e+00
8.844237953437658998e-41
1.487720990838047178e-23
1.697774393117543745e-01
1.375758673865039157e+02
2.830265209937068676e+02
1.287449854391687865e+01
2.174638377207599049e+01
1.104337551828308235e-146
7.071553707545049861e+01
1.965332626669974436e-01
6.569508774580313570e+00
0.000000000000000000e+00
1.518539851163948698e-02
1.539716019697838156e+01
9.165854274567524840e+01
4.236163458611279964e+00
2.024075626654681059e+01
1.618467751863029847e+01
1.206059369135954046e-02
4.822182938497043478e-03
1.263981294748639250e+01
1.059636910668815268e+01
2.536554692138945910e+01
6.954927624540054865e+00
4.787478199299141091e-01
9.776806747092152250e+00
1.150366069965653715e+01
2.635132543590865950e+01
2.733572294194241792e+01
3.020025725854802801e+01
2.418417358338016503e-04
3.418297390004459112e-03
3.002445572734515622e+00
1.520863653615134936e+01
7.409087388885398973e+00
5.760491998556743098e+00
8.874820167378620894e+00
1.368029643228452841e+01
9.114185686167189715e+00
1.184799348739192931e-01
8.105968593601883265e-01
3.203996120689718907e+01
3.012056783427167872e+01
1.513393443734174218e-03
1.264702802071763244e+03
4.177695048584253527e+03
8.480265697952962682e+02
1.393782194481171928e+03
3.102742407663855792e-05
1.397712961246666964e+03
1.410803514227272444e+03
9.224011186304571311e+03
3.264563678625550820e+05
8.409550380275032921e+01
8.256147719333657164e+01
6.233966024183916943e+01
9.089525893028203996e+01
1.800830780434208123e+01
7.061893000136915122e-02
1.357843127314541221e+02
4.524689933585359540e+03
2.249712218538702495e-170
4.008724767455364145e+03
1.127662221837748075e+04
5.014529194105984971e+03
5.978530182368736456e-01
1.315367248174655651e+04
5.115349476842811072e+01
4.187539730079776149e-218
9.483336559820888567e+01
9.829622933854166578e-02
4.112371488516677887e-02
1.537658605203068589e+02
2.850632707381958737e-07
5.014210845926492688e+00
3.913413962440987234e+04
3.158628246158027832e+04
1.266154244849616134e+03
5.579029614125641245e+00
1.743843841726598676e+00
1.945275020016126385e-02
2.685324809871345678e+03
1.112945990196540379e+03
3.925509867132852357e-67
3.918408557817494088e-05
2.072462142423086955e-04
1.066439372498032417e-01
4.308576227649159023e+02
3.732327950359119484e+01
1.423047656587598381e-02
6.111949508958658406e-01
5.088466907445330367e-01
3.094027393496834896e-04
7.543189442046744020e+00
1.367411206561241066e+01
1.532517697534852563e-01
4.183500348293603821e+01
1.617643007591965457e-02
3.038651943507952313e-01
1.002795722715228095e+02
4.957888407064459898e+03
2.483518603580948820e+03
1.231850730168735168e+02
2.693731728453008145e+03
2.208633584460544625e+02
4.433584731807491153e+01
3.440625708078061507e+03
1.784127816141134915e+01
1.727916284419940348e+04
5.146306199644460548e+02
1.876107029433729394e+03
2.998936385366423565e+02
2.412362599304765808e+03
4.461347573294686680e-08
1.923866633558755666e+03
3.590012524027499131e-08
1.212625755750188148e+02
8.569236545897520330e+01
8.893135626461072807e-01
2.201605584734967488e+04
1.629868487320937920e+00
1.335357411159911135e+04
7.231482974082094870e+02
4.424595662209800828e+00
7.393169826150781319e+02
3.903825428118322452e+04
6.005754051238994862e+02
9.548215353114949622e+00
2.246493629099663436e-02
8.250120622436850681e+03
1.968397854521620749e-01
0.000000000000000000e+00
1.442214043026984878e-07
3.353892561591445798e+01
3.756943622931106382e-46
2.494787393947735127e-54
0.000000000000000000e+00
0.000000000000000000e+00
1.695433740799828717e-10
0.000000000000000000e+00
4.617217599942708350e-11
5.394512438751383451e-59
4.696331801299659509e-113
3.383764396525788953e+01
6.360090001176958718e-02
7.208699896588039735e+01
1.879297436770772800e-157
2.188056268684820533e-34
4.619914036801583990e+01
3.557214697172441475e+01
1.079538290236647371e-12
3.809634890899898374e-01
2.745082106217205058e-125
0.000000000000000000e+00
2.297709137918023714e+01
7.437655821275309442e+00
1.082773327242299466e+01
2.106387525267074068e+01
2.503581664817770402e+01
1.117977688599060571e+01
5.345493924195055327e-03
1.433792934398106311e+01
5.062682589223543772e+01
6.876373874346084847e+01
6.206996366476214000e+00
3.216374551433343498e+00
7.719038865470317035e+00
3.759067252970674389e+01
1.398662542783915264e+01
7.063895178224329641e+01
5.473328243562554007e+01
3.736733979314774245e+01
1.054024699072170712e+01
1.036294833676426727e-09
2.624349433370543139e+01
2.890809684076224428e+01
8.259212996243661564e+00
8.585919824547414425e-01
5.836992300799293787e+01
2.177372333192595732e+01
1.510663601021784963e+01
6.626470459430251481e-01
4.242880238455872899e+01
1.452067304086736783e+02
7.895461252867447932e+00
6.276137006099643756e+00
3.403409446239368208e+01
2.952622403612262136e+00
5.260832271016356998e+01
4.568411834992725851e+00
1.212161681040690411e+02
2.312825363338516738e+01
2.230440118892948931e+01
4.639721012458081617e+01
4.301088238699814070e+01
7.354692477250762921e-09
1.045740818803877374e+02
5.541714710386867182e+01
2.569176262069928995e+01
3.558169062444213182e+01
2.254344022707394313e+00
3.638629923408557687e+01
4.526766449895988842e+01
5.600261348041476595e+01
4.021045589737502723e+01
5.083263240621946899e+00
6.715621909855236993e+01
2.628571615870981759e+01
3.234507037187111855e+00
1.161665407903431803e-06
4.094143629812801125e-36
3.100368326618472725e+00
3.191988945659817833e+00
4.030956160757047257e+01
6.288658090756514696e+01
1.554335645945773337e+00
9.843152600154948573e+01
2.227665001052758598e+01
5.707562123346504990e+01
1.542644661460244215e+01
5.424333648408187258e+01
1.296917895826690037e+00
1.107967279561068712e-06
8.387195717165539577e+00
1.787684486825032337e+01
6.024051522423506810e+01
3.564234566439657215e+01
3.278574047001557545e+01
2.010966519523759288e+01
9.922914735559268706e+01
2.720369960979368429e+01
2.458953790710162224e+01
3.029103059287651334e+01
4.285411639155447716e+01
1.598984685256003679e+01
6.358560843082638137e+00
1.120270145169303433e+01
3.079815276427834903e+01
3.414569813359923955e+01
9.850109330776163574e+00
4.787065101798077649e+01
3.927094082798154062e+01
6.770845767190178499e+00
1.524653567157433258e+02
2.642238303097017393e+01
2.864907358928570069e-01
1.839559513191955631e+01
2.807698585664485336e+01
4.833156945666220139e+01
2.528524923293405635e+01
2.287528655422151402e+01
3.332815913958500076e+00
5.258868778056541515e+00
7.323045721126061380e+01
1.132013995635720427e+01
5.880161902411059849e+00
1.003283858403085382e+01
6.912780366837577795e+00
6.315858865929904908e+01
9.590587660883745258e+00
7.884247103888682773e+01
8.851061974357334050e-02
1.418306226986920748e+01
9.908695051516012153e-01
6.492059168954356529e+00
1.718640481926171759e+01
5.190980011253507748e-02
3.625055051788427107e+01
8.937951552896312535e+01
2.345127728081553453e+00
7.185510639391581833e+01
6.816604456108514842e-01
4.902644650555316730e+01
1.156409792109606705e-01
5.477285204104838989e+00
8.325863420756471456e+00
1.695143172503285828e-03
2.046787759341696766e+00
4.329749207677229705e+00
3.755818010365214832e+01
2.750786742164594045e+01
1.435384729841314710e-01
3.130784728260151972e+00
3.928322058124211202e-01
9.020478849523408726e+00
3.798062215067510294e+01
1.533946144678288874e+02
4.120374960193337444e+01
0.000000000000000000e+00
1.492900735983643420e-97
5.092885442360034237e-21
0.000000000000000000e+00
0.000000000000000000e+00
5.970349585620045030e-01
1.015137980980606036e+00
5.411420861939747056e+02
2.675939989745091951e-01
4.087842983024012256e+02
3.296678041497005438e+02
1.402564160578492425e+00
5.241477811204418025e-01
0.000000000000000000e+00
2.167826398757882109e-99
0.000000000000000000e+00
8.236878017405498602e-152
1.385229716955122291e-08
1.048237360299323910e+02
1.082592947654788986e+02
5.413120481055136324e+00
1.862522610536115764e+01
1.042296109571561463e-01
7.344450056757025891e+00
8.130742762577841631e+02
2.818298877469290753e-01
1.880558342376101280e+02
9.161123833370302449e+00
1.115459591662379291e+00
2.337608750407014213e+01
6.071093713055170760e+00
1.820943361767690227e+00
7.382904275100094083e+01
8.464719030022244795e+01
2.477539792128874524e+03
1.674012340869701632e+00
1.390814722522068614e+00
5.073196619536595538e-54
3.728601850994562753e-13
4.977584163746398644e+02
8.649518438390515485e+00
2.077803856659132115e-02
9.824119047203554445e+00
1.160754001627488874e+00
1.933391646900874949e-01
1.165574883310826415e+01
3.909245063409109294e-02
1.803669410452376012e-03
1.250708972645967476e+00
7.881861750056925686e+00
1.131426728135735438e+01
9.992954014688546494e-01
1.904973334112814953e+01
1.121081490360640665e+01
3.765438464268011654e+00
6.342264465195669665e+00
2.713782444041484165e+00
3.820697040559639213e+00
2.404667773599862557e-02
2.139799719827582966e-05
2.232268555645016209e-02
6.845877021852173616e-01
1.776300935142372667e-02
1.162963226778568337e-02
1.466601539517675690e+02
1.440419806813149906e-01
2.519225511963373076e+00
8.305859344806046707e+00
1.065178146363091827e+00
1.621339226521006793e+01
1.770102631082390021e-01
7.396962976073339746e+01
1.505407413854284782e+00
1.918327055563971148e-15
6.635709202251180550e+00
1.306234459541949988e+01
2.163830469815547275e+01
9.147749333132615845e+00
4.110065033591645545e+01
4.988043152091406474e-03
1.101810921495788520e+00
5.978602159936944815e+01
1.124540869994706860e+01
1.431876936602234274e+01
1.145472163207336136e+00
1.928209774894795503e+00
1.161090708320404907e+01
6.447881668075046591e+00
9.165840850808755214e-01
8.217567812276347586e-04
2.467580567485814710e-02
1.119714030384470205e-01
3.368732983272266363e-02
6.021563956648792626e+00
4.181457393230946229e-01
6.284009897431748828e-03
1.220783579613837766e+00
3.577260725653107709e+00
