# residue i_ratio gamma_2
1.000000000000000000e+00 nan nan
2.000000000000000000e+00 5.247584386893641151e-01 7.652498734336913522e+00
3.000000000000000000e+00 5.322113929465194238e-01 7.441977954194907596e+00
4.000000000000000000e+00 3.511884297613319106e-01 1.460535111886349391e+01
5.000000000000000000e+00 nan nan
6.000000000000000000e+00 3.747555516862686176e-01 1.334942144477973613e+01
7.000000000000000000e+00 4.426674824964366151e-01 1.036590937414426783e+01
8.000000000000000000e+00 4.555652068119619980e-01 9.884765008675294951e+00
9.000000000000000000e+00 6.267481916519216378e-01 5.153881519200600891e+00
1.000000000000000000e+01 5.891958733400144421e-01 5.986115114058004671e+00
1.100000000000000000e+01 4.976833081546070958e-01 8.462652372663656664e+00
1.200000000000000000e+01 6.222665805582524579e-01 5.248574720598252696e+00
1.300000000000000000e+01 nan nan
1.400000000000000000e+01 2.627576372800400906e-01 2.088470897333671061e+01
1.500000000000000000e+01 3.128697225310650976e-01 1.697272648249511917e+01
1.600000000000000000e+01 nan nan
1.700000000000000000e+01 1.402031563075548659e-01 3.852234569401429809e+01
1.800000000000000000e+01 1.320214259604418905e-01 4.051351736405382553e+01
1.900000000000000000e+01 1.539502282270564792e-01 3.553123785268512336e+01
2.000000000000000000e+01 1.216605875299130723e-01 4.330587408133522587e+01
2.100000000000000000e+01 8.911719947169044476e-02 5.484256954457833899e+01
2.200000000000000000e+01 3.360019889866310006e-02 9.975540690397993160e+01
2.300000000000000000e+01 nan nan
2.400000000000000000e+01 nan nan
2.500000000000000000e+01 2.306136352473867751e-02 1.202627876160724156e+02
2.600000000000000000e+01 1.267632387695664387e-01 4.188976747730092853e+01
2.700000000000000000e+01 1.301148266699569678e-01 4.100328962374867814e+01
2.800000000000000000e+01 8.105159393667848988e-02 5.863914536991477178e+01
2.900000000000000000e+01 2.069555066344517524e-01 2.691684890057684854e+01
3.000000000000000000e+01 2.574846663967217952e-01 2.136589727990689269e+01
3.100000000000000000e+01 2.494843282096010917e-01 2.212645226520390196e+01
3.200000000000000000e+01 2.495495540977203108e-01 2.212009660830343805e+01
3.300000000000000000e+01 1.635755879225177511e-01 3.366099762639384352e+01
3.400000000000000000e+01 1.572653790802030771e-01 3.486802586760551748e+01
3.500000000000000000e+01 2.764899841910422595e-01 1.970042888691518712e+01
3.600000000000000000e+01 4.582603519251312041e-01 9.787127836510034484e+00
3.700000000000000000e+01 4.330578015550599069e-01 1.074008518620175856e+01
3.800000000000000000e+01 5.999891960127131663e-01 5.737599591634598539e+00
3.900000000000000000e+01 7.990330144201159834e-01 2.238133486509376713e+00
4.000000000000000000e+01 8.133291266152156140e-01 2.046127506159783227e+00
4.100000000000000000e+01 7.851729319219764580e-01 2.430259564100806902e+00
4.200000000000000000e+01 6.487344500281421178e-01 4.706017091633280636e+00
4.300000000000000000e+01 6.533284345128209658e-01 4.615790707558103279e+00
4.400000000000000000e+01 nan nan
4.500000000000000000e+01 7.950531140179027956e-01 2.292687511793555899e+00
4.600000000000000000e+01 7.579694951587829799e-01 2.825577917358037094e+00
4.700000000000000000e+01 6.630839565750202835e-01 4.427848637462597381e+00
4.800000000000000000e+01 7.827606937043181112e-01 2.464319860490247649e+00
4.900000000000000000e+01 8.708217004426169749e-01 1.331516943057655222e+00
5.000000000000000000e+01 nan nan
5.100000000000000000e+01 8.937288685062924065e-01 1.069991779042791968e+00
5.200000000000000000e+01 nan nan
5.300000000000000000e+01 nan nan
5.400000000000000000e+01 7.775819642890768879e-01 2.538081111191483608e+00
5.500000000000000000e+01 8.667000744299697690e-01 1.379897431858602808e+00
5.600000000000000000e+01 9.087483847165517270e-01 9.050070889628705206e-01
5.700000000000000000e+01 9.132706775755476958e-01 8.562951834604239920e-01
5.800000000000000000e+01 8.987986736438060564e-01 1.013743205697083649e+00
5.900000000000000000e+01 8.281306730664680371e-01 1.853619005616915283e+00
6.000000000000000000e+01 7.449566034454705443e-01 3.023776410300096362e+00
6.100000000000000000e+01 6.848868718344497397e-01 4.024941532993187465e+00
6.200000000000000000e+01 6.889359767131422174e-01 3.952601916131655013e+00
6.300000000000000000e+01 5.622409235361008895e-01 6.642860410259110004e+00
6.400000000000000000e+01 6.992943693045170495e-01 3.770923229158424927e+00
6.500000000000000000e+01 6.763974796131735356e-01 4.179092942964417468e+00
6.600000000000000000e+01 7.469693163761504939e-01 2.992718423360700264e+00
6.700000000000000000e+01 nan nan
6.800000000000000000e+01 8.519497161692684006e-01 1.556498096314662183e+00
6.900000000000000000e+01 8.539579430689895334e-01 1.532130762038194538e+00
7.000000000000000000e+01 8.294927926039977750e-01 1.836213962113345088e+00
7.100000000000000000e+01 7.263832744547862319e-01 3.317601193009330984e+00
7.200000000000000000e+01 nan nan
7.300000000000000000e+01 3.612592405324517864e-01 1.405212409476516378e+01
7.400000000000000000e+01 nan nan
7.500000000000000000e+01 1.071580506209734440e-01 4.783834883787916681e+01
7.600000000000000000e+01 1.596010504056799006e-01 3.441302725179843947e+01
7.700000000000000000e+01 3.839340877277651609e-01 1.289501741050071004e+01
7.800000000000000000e+01 5.852090766992082971e-01 6.079929750940338273e+00
7.900000000000000000e+01 nan nan
8.000000000000000000e+01 7.322067855515943524e-01 3.224047225758902790e+00
8.100000000000000000e+01 7.325348468058962004e-01 3.218816357775130754e+00
8.200000000000000000e+01 8.513851053401436664e-01 1.563367614003431161e+00
8.300000000000000000e+01 8.805001660255119544e-01 1.219519364987328824e+00
8.400000000000000000e+01 8.474816456289853139e-01 1.611085985894941119e+00
8.500000000000000000e+01 nan nan
8.600000000000000000e+01 8.394374483433995060e-01 1.710683804242847161e+00
8.700000000000000000e+01 7.733292284704904596e-01 2.599313955012408250e+00
8.800000000000000000e+01 8.657905051254137785e-01 1.390630163748291181e+00
8.900000000000000000e+01 8.967461435610907250e-01 1.036446271377334138e+00
9.000000000000000000e+01 9.014848781215258899e-01 9.841725554248264007e-01
9.100000000000000000e+01 8.508926849848780227e-01 1.569365514073501222e+00
9.200000000000000000e+01 8.674752619857863944e-01 1.370766421041664129e+00
9.300000000000000000e+01 8.269441012633268473e-01 1.868822949672680700e+00
9.400000000000000000e+01 8.469686148450739083e-01 1.617387075757412918e+00
9.500000000000000000e+01 8.882711318750758922e-01 1.131193696883103117e+00
9.600000000000000000e+01 nan nan
9.700000000000000000e+01 7.643438841721079680e-01 2.730690679101696716e+00
9.800000000000000000e+01 8.340121662474774267e-01 1.778832418270364091e+00
9.900000000000000000e+01 8.743491066756667873e-01 1.290438889869573780e+00
1.000000000000000000e+02 8.536815985799725004e-01 1.535477723121974059e+00
