6.168308425150564878e-02
3.022889096171750722e+01
3.125305632658427868e+01
2.063467512014137917e+00
2.744810945806767655e-01
1.841137258086594753e-04
1.187656109606793789e-04
5.463525007642682169e-04
5.660323092225591601e+00
1.093708707802373858e+01
3.147737255051158423e-02
3.769557255252229061e-05
1.160238784523062634e+02
8.618665921628542392e+00
5.787114948225482181e+01
6.598626668838521425e+01
2.035815046793441851e+01
4.443353990060609604e+00
2.403347984489289502e+01
3.346507542582084227e+01
3.727943305646149952e+01
7.486250927335240135e+01
1.789606002490112502e+01
4.365127496126647522e+00
4.331136848495308556e+01
4.445650649945137616e+02
3.288708959621590822e+01
5.701423106984758959e+01
1.552926658906299338e+02
1.362437577124583754e+02
2.352647751241341894e+02
8.816300888937104219e+01
1.874604762647865925e+02
1.612773853473976260e+02
8.611484461506556443e+00
4.062346027784563773e+01
3.085399200405311149e+02
9.918273166144821659e-295
2.557774459670732483e+02
1.292809914205155565e+03
8.257719661535688260e+01
5.345408343967622500e+01
5.044499724964067733e-01
4.904964859314724368e-01
4.714192018516913052e+00
3.429690072887819685e+00
1.683429508680395648e+00
4.033912520914871180e+00
1.037257519784350279e+01
7.439581696142835376e+00
9.614246317005640918e+00
5.957253467746364350e+01
3.820301722192081684e+01
1.301193576567709975e+01
3.332986508184650631e+01
4.483739312257358506e+03
5.936233133121714673e+03
6.186557683060550517e+02
4.595241835559996474e-13
7.034973683418043781e-164
2.954890210426176509e+02
9.768626641328819228e-24
3.114347935434937487e+00
7.849871314501854239e-06
3.086892125991530520e+02
1.070758324635955177e+02
2.459171201537475326e+01
4.135950748732952320e+01
3.985458437534120102e-01
1.226928783308112116e+02
6.302896151932491193e+02
3.443193061299155488e+03
7.779487077073710566e+01
1.278077540144938808e+02
2.518810914146220270e+01
1.128650384280383356e+01
3.951162436117998468e-20
2.746569444106172832e-05
1.195046437700892153e-02
1.103365097452712007e+01
7.500971192147756028e+01
1.666055902853357651e+01
7.479070210981532796e+01
2.825522375149736831e+01
5.406635424294932157e-01
1.344782687551471589e+01
3.277529093871943022e+00
2.199583550166001444e+01
1.437027290151482894e+01
7.527147503021192065e+00
1.461310234075563486e+01
1.001574732731604733e+01
9.539433324300953032e+00
2.386709881156308199e+01
2.602285659088547476e+01
1.304228610347617767e+01
1.365653516832040815e+01
7.489215339728969134e+00
2.445309998786429517e+01
8.485940140154951905e+00
2.987408901064575684e+00
9.338343621461866917e+00
1.957345662352118865e+01
1.212187707929721014e+01
3.334682040961555316e+01
1.032350543736653670e+01
3.402067280195579357e+00
2.002831185241764178e+00
1.347355624724864853e+01
1.290659557288149415e+02
1.019282802120815745e+01
2.968157825898782676e+01
4.175087935618590507e+01
4.235156099517936212e+01
8.087385474762669446e+01
6.107897251129245086e-01
4.282317746206764042e+01
4.003326257127526588e+01
5.974960318861231023e+00
1.073019491797901637e+01
4.741992040897891059e+01
1.058063180075108001e+01
1.346275380144834877e+01
1.648973837315166335e+01
2.674781234051806678e+01
4.610637358717732504e+00
1.520489803472741244e+02
3.847890914507389937e+01
3.846305565242109026e+01
3.511376082083985661e+00
4.167767636988327240e+01
9.560108727656372096e+00
1.273390787393216961e+01
1.350730477506343163e+01
4.374325247573707998e+01
2.015679740259985309e+01
4.709107400542286115e+01
4.496563532599432733e+01
8.362096150762839741e+00
1.646545374603295642e+01
1.370771704595314766e+01
2.656902381706442995e+01
1.156291838405085315e+01
4.896339622032939154e+00
4.907106273809074537e+01
4.073011995029078491e+01
4.804494626823642278e+01
3.463559313648174509e+01
1.237383828122116114e+00
1.649165742502091092e+01
6.568775843661936165e+01
2.363922261076706732e+01
1.765674326624650803e+01
1.473362034269819709e+01
1.025122333140756581e+01
1.414119394301372346e+01
8.928184073681498134e+00
2.335076596172041974e+01
1.599445227509823475e+01
2.795803524148634622e+01
4.714614958065798334e+00
3.464733363082304152e+01
1.532354445988829639e+01
1.542060779479934496e+01
4.230196664024688857e+00
2.094027008682363800e+00
6.618182382112776097e+00
2.360693356553325373e+01
2.032157786816164435e+00
8.665726573382935172e+00
1.388005424614745564e+01
3.617236925514858115e+01
4.896576867018244172e+01
2.340421075025255604e+01
3.423050082940869032e+01
3.231598448897417342e+01
1.054248867794602340e+01
2.835373996471844293e+01
1.182580548045747726e+01
2.566902216517166835e+01
2.518926428254755123e+01
3.329167665434145817e+01
1.240298805019387718e+00
1.143502826471889300e+01
5.253495214728972940e+01
1.353033472271478210e+01
7.967390954182932639e+00
2.106098444052697616e+01
6.565638159629592963e+01
8.709985910481073290e+00
9.879082323599231330e+00
1.086981339526135137e+01
8.246775676928919552e+01
2.080712825369316477e+01
8.475926083711570413e+00
4.678188131135662786e+01
1.780184247002983611e+01
9.074491746314056684e+01
1.864258236566803362e+01
4.647490206463214690e+01
2.617209465610725871e+01
1.038679055252767824e+02
2.052216535160654942e+01
5.619612302302003570e+01
1.181533467379397351e+01
2.789598544583370199e+01
7.032544434532529465e+01
1.150133271219306295e+02
1.322744290120254362e+01
1.505408463452075196e+01
2.177342567191224632e+01
1.054933022327349335e+01
1.881592288169104776e+01
1.624755872788721467e+00
3.300658333245979037e+01
2.823288442429518597e+00
6.686555368190327364e+00
8.741710216189060745e+00
7.456438949125248428e+01
3.021697032961212415e+01
1.826591222075580490e+01
9.648950343929655560e+00
9.368043616882161473e+00
2.871838444034831994e+01
8.074938321777407779e+00
7.566135432639955027e+00
1.357156643455307865e+01
1.310223881594968720e+00
3.915518399685928586e+01
1.212523533569856937e+01
2.609465786743230353e+01
5.838868634811060332e+01
5.872858243557075184e+02
2.633024611903135668e-03
1.708011982146383900e+01
1.704341944180724866e+01
2.307844416987836933e+00
1.321674167914009246e+01
4.452775484560556407e+01
1.775665379604121696e+01
1.105702799632359579e+01
2.700984166987130397e+00
2.497640195848486755e+01
1.932745253143378084e-01
1.590553987834558747e+01
9.129465493694681300e+00
4.169514403470832065e+01
3.033737280033807338e+01
6.497992771777064469e+00
1.915571474589416923e+01
4.245407879193783707e+00
7.166312021497644480e+01
1.076342993633095801e+01
1.227854324463376834e+01
3.408736999653663169e+00
5.399611287725551989e+01
2.344165084447620373e+01
8.043201733516630725e+01
1.397224126891117919e+02
3.679379264716110356e+02
2.276538122544463860e+00
4.383832277295444335e+00
6.448371418233323027e+01
2.350338409926623839e+01
9.672129512075176194e+01
2.261227611064589027e+01
2.288323659950686206e+01
3.378714374915039542e+01
1.020818380903527434e+01
2.987846223824634606e+00
2.510147362595041542e+01
3.550036313059651150e+01
8.894713699865465628e+01
3.168114676969208343e+00
8.302046061032481106e+00
1.189880714347912871e+01
3.235731018093927958e+01
2.860490605961113886e+01
4.497332428370505397e+01
3.074362509259727716e+01
2.279871347034346840e+01
4.805954960350206306e+00
2.411142940365518328e+01
2.963758011702489981e+01
6.079956281445578270e+01
2.112905128034365987e+01
3.105183170044524843e+01
6.523003820278405307e+00
1.464396685643316509e+01
8.305739287911483970e+00
7.835702489202711618e+00
9.838312538876316182e+00
1.624086130323509565e+02
9.835893672015174616e+01
2.547849909625267273e+01
4.220234030949902859e+01
5.103168916479895501e+01
3.233144300677793836e+01
2.687855262237918552e+01
3.294810647094674749e+00
3.101116312939941722e+01
2.557659061718452165e+01
2.115780765658733387e+01
5.516576139385108490e+01
1.246103459279588499e+01
7.977315625407752009e+01
8.770514216233472382e+01
1.245172651457646396e+02
1.070643100029499273e+01
2.791721610085448901e+01
4.637131750588464740e+01
3.016986710204705879e+00
7.033609138655873672e+00
8.083165158424087338e+01
2.403668350477710103e-01
2.780500676312887443e+00
3.183453237781064331e+02
8.255002720375178571e-01
1.096328518603534548e+02
6.966563375698223481e+00
3.738541813446523747e+02
2.493634977393923550e-21
6.362847085545367918e+03
2.036532931761896066e+02
2.188794163021079839e+02
3.965226923897691158e-01
3.112867516775094501e+01
8.344886113582089407e-04
1.238930949726150694e-45
9.325055192351739606e+03
2.587442078069348099e+03
1.307576767445139676e-01
3.513884826266999426e+03
5.217852454637657047e+02
3.917538997344356488e+01
3.167663122724934155e+01
3.406057519336214146e+00
4.201488474795412742e+01
2.478542808132123909e+01
7.680183989727910898e+01
3.178623403881745801e+00
4.664025919167741582e-06
5.612000985018409693e+01
6.483701993444101674e+01
2.361727420714003642e+02
5.253651376580435794e+01
5.108777490685878497e+00
5.890418481693599517e+01
1.941579374534094597e+02
1.114340404834978926e+03
3.986704867181809675e+01
7.096138846790528021e+01
1.983387690165006916e+03
7.067005416467062595e-01
7.409008740805089310e+00
6.964805795597703764e+02
4.431346329847420407e+01
1.345318084357590180e+02
1.386487080695136243e+01
1.259021707559590482e+02
8.512462257551520395e+01
8.601783850065444881e+00
4.202011775395980209e+01
5.273279264096120755e+01
2.363224049421747708e+01
3.609435371731232323e+01
1.520730298313381468e+02
9.673296275211557216e+00
1.922031809148933590e+01
5.498118413640067104e+01
4.485929201755838847e+01
2.006500735631711052e+01
1.961636706369901617e+01
1.557899285948347767e+01
2.418496077174786052e+01
2.289132415297478218e+01
4.582595058403688171e+01
1.537694094154808289e+00
8.131956806290810391e+01
4.670475698156577238e+01
2.555362505518178295e+01
2.281215896526816422e+01
1.276843414941509458e+01
9.603707387646934990e+00
2.521938127750271406e+02
2.522598630688443677e+02
3.501685179212223886e+00
4.990103396599587171e+01
9.848146597888616327e+01
3.738891880445614646e+01
1.085704613111128580e+01
1.114049459185120128e+01
4.777153985599130692e+01
6.044025385265638306e+01
3.413661189311542898e+01
5.878434392421050347e+01
1.141922655221796745e+01
3.707145958593768142e+01
1.869050107473948330e+01
4.071755631360550076e+00
1.315511370197745933e+01
1.139308083329676258e+01
1.244069943887925511e+01
6.865503354210424014e+00
1.370673188214122185e+01
4.345393282800714019e+01
2.271743545773062323e+01
4.347416515569216955e+01
1.096869674574592857e+01
3.619703095359712464e+00
9.679810408836816293e+01
1.206589039327320734e+01
8.609154958305380134e+00
1.299133769317662654e+02
4.548531533072289190e-01
4.016910093124064218e+01
9.183848622694222286e+01
1.324519860622074248e+02
1.801937984721553931e+01
1.521767786000740585e+01
2.760622282470261979e+01
2.324349826383953399e+01
5.134569052905925801e+00
8.931144817997058283e+00
1.127825402507362469e+02
5.456870298267885389e+00
1.207811876993672229e+02
4.961680278253079734e+01
4.202245732425715374e+01
6.164476113366765375e+00
1.160493219448761337e+01
1.972688463175428097e+01
4.381720443949085819e+01
3.463898311552469522e+00
4.986090118519308589e+01
3.180296354869396964e+02
3.463464130121974449e+02
1.927128553626740270e+01
5.646746022427741991e+02
1.564291448508285054e+00
2.807784085454203549e+01
3.468154596483736896e+01
1.603629519540075421e+02
2.021991524739978274e+02
7.399596573102479091e+00
9.482218296961913495e+01
5.202483231209875214e+01
6.670442351027600739e-22
2.932165691939678709e+01
2.929249061859929526e+01
1.195981301479934977e+01
1.973468699718248942e+01
3.494362960280088259e+01
2.624850900805542508e+01
9.596177977565277573e+00
4.758591894178063164e+00
8.291153576741645992e+00
9.662171861534504913e+00
7.584866385717762505e+00
1.091596629808116603e+02
1.878255530939498641e+01
1.025997293007398525e+01
8.101222518718556387e+01
4.840463316825287166e+01
1.691635755707794786e+01
2.809707912397347407e+00
9.184485406370831440e-01
2.655415904918619319e+01
5.109261370943331571e+01
9.018557357905322647e+01
3.277921383207506523e+01
1.936840123404859639e+02
4.548763357503520410e+01
3.205995284774888177e+01
4.408456656743864244e+01
1.166925304606347254e+03
2.287037637675985025e+02
2.113906388613518551e-71
3.526741909081843040e+00
6.224986718559427601e+01
2.705098149864761936e+01
0.000000000000000000e+00
0.000000000000000000e+00
0.000000000000000000e+00
8.088954476333088254e-63
0.000000000000000000e+00
0.000000000000000000e+00
0.000000000000000000e+00
0.000000000000000000e+00
4.771526726841189561e-34
3.858574183911205866e-92
0.000000000000000000e+00
1.135723255782504034e-46
7.291132169298496990e+01
1.042754279927120251e+02
1.085425839213265135e+03
3.445893731280477255e+02
6.542624650480169066e+02
5.236948720410885016e+02
1.423183125081185835e+03
2.519709377971936703e+02
4.540263889472794467e+00
7.375782310979570866e+01
8.236615036263194324e-08
5.167784240153781461e+00
9.802792305951044227e+02
5.921788926795292127e+02
0.000000000000000000e+00
7.171616201184858141e+01
1.817591911280896682e+02
2.569431443949446274e-03
8.613377649809322634e+01
6.973605360207896808e+01
0.000000000000000000e+00
0.000000000000000000e+00
3.397869884073942176e-147
0.000000000000000000e+00
3.713377989647855676e-02
4.469226033141021759e+01
9.465368992884071986e+02
1.859115274457247446e+00
1.127675532427292410e+03
3.210282901124740018e+00
2.225685202946904084e+01
7.689601817387595020e+02
7.211084555283273403e+02
6.829884086493368756e+00
2.888018375031166443e+02
1.738544302209208183e+02
3.857404069619604456e+02
1.163691505514450881e+02
5.734031720824896894e+01
9.640838143647108609e+02
2.875903118879724829e+01
5.754988198898499974e+01
5.651269274079803608e+02
1.352740749150414388e+02
4.054113380396803024e+00
4.757913675405943366e+01
5.827084642112399848e+00
2.209160795283289644e+02
0.000000000000000000e+00
6.507694511234686843e+02
1.619213844006974052e-27
0.000000000000000000e+00
0.000000000000000000e+00
1.121864761062488043e+02
0.000000000000000000e+00
0.000000000000000000e+00
7.414633526133728481e+01
7.640927719962719777e+01
1.906395663231213396e-110
1.660590603402571031e+00
1.553313417345429936e-01
1.897600961037470650e-293
1.125217252960253322e+00
3.308295878791189569e-13
0.000000000000000000e+00
0.000000000000000000e+00
0.000000000000000000e+00
0.000000000000000000e+00
0.000000000000000000e+00
0.000000000000000000e+00
2.497247873925730097e-15
0.000000000000000000e+00
0.000000000000000000e+00
1.000021410603150912e+03
0.000000000000000000e+00
6.399762747344066211e-117
5.078525189854133035e-259
0.000000000000000000e+00
0.000000000000000000e+00
0.000000000000000000e+00
0.000000000000000000e+00
0.000000000000000000e+00
0.000000000000000000e+00
0.000000000000000000e+00
0.000000000000000000e+00
0.000000000000000000e+00
1.822718984850509386e-02
3.302545457075075908e-263
1.975943740862230982e+02
0.000000000000000000e+00
2.147712380155194722e+01
6.015897810382331978e-66
0.000000000000000000e+00
0.000000000000000000e+00
1.364263887995157347e+02
5.948890376802689737e-11
0.000000000000000000e+00
0.000000000000000000e+00
0.000000000000000000e+00
0.000000000000000000e+00
6.120418122260601876e+02
3.902133849123599418e+01
0.000000000000000000e+00
0.000000000000000000e+00
0.000000000000000000e+00
0.000000000000000000e+00
1.631387675076063871e-124
2.675540017335655278e-04
4.106940869660274984e+01
1.335376833050543723e+02
3.776919369120139492e-85
2.580926752303974325e+01
7.401005135608861307e-01
1.546055231050961021e-18
0.000000000000000000e+00
7.349889453411825002e+01
2.313605422610732348e-02
3.784035447640050768e-198
3.258955443175251521e-09
1.616520090737881584e-05
4.543006594206946952e-05
8.358703908731550651e-19
0.000000000000000000e+00
6.955309422970440713e-37
0.000000000000000000e+00
7.040693241476924769e+00
3.036840247402697912e+01
1.259468517032268977e+02
0.000000000000000000e+00
2.953784937093305828e-04
0.000000000000000000e+00
6.640571391225849064e-94
5.399255645845463176e-79
6.181712440463276170e-01
1.754098113136554669e-41
1.807974086222560783e-11
7.119543546542723284e-03
2.517491491372776429e-06
0.000000000000000000e+00
9.061225649097306295e-03
5.741768554045641793e+00
4.817020615423990293e+00
5.123759687880282598e+01
4.700812041217737658e+00
6.723996083757149300e+00
4.007871604665958154e-10
1.202347862482115772e+02
1.417533821508010115e-269
1.312224319347720858e+01
2.133778775733751753e-116
3.283008865453231756e-02
7.613530768177461994e+01
0.000000000000000000e+00
1.213174636090565556e-01
2.408071797289427440e+00
1.100030822844738481e+02
2.949381375887949375e+01
0.000000000000000000e+00
0.000000000000000000e+00
1.385111376565262731e+01
2.843601661126857749e+01
2.171163687472695281e-216
0.000000000000000000e+00
0.000000000000000000e+00
4.925156315679664942e+01
1.249454988558404261e-122
9.321638024313811499e+00
2.904676720089774971e-24
2.663660938331209849e+01
1.204310605243400693e-04
1.322509099113138298e+01
2.842939400442357822e+00
1.664257950291661015e+00
1.514146737265413600e+00
3.377191405830695548e+00
2.507788564868596470e+00
5.214243805118539132e-01
1.226934660560651702e+00
5.695413288678052410e+00
4.503386323396950885e+00
2.617029214096255885e+00
1.258539115316385182e+00
8.889731598465619999e-01
3.641802575308629830e+00
1.269216408968305565e+00
1.034653841122438633e+00
9.234238633165013921e-01
5.271700350480305053e-01
2.599950004852671359e-01
4.519986966453815036e+00
4.117584685285338719e-01
1.680554352083252656e+00
1.969761758380388361e+00
4.907586211385742025e+00
3.734222786387022097e+00
3.875382858186592117e+00
1.334921062356057009e+00
2.267500603932559589e+00
1.606901331943165090e+00
3.014775366230511011e+00
7.675649902416817882e-01
1.570257874648882446e+00
2.688087301473964241e-01
2.684346910720258439e+00
7.339080827799340234e-01
1.912811506119217020e+00
1.615411556926138248e+00
2.767053164931025044e+00
5.878484966419363911e-01
2.460321310205622336e-01
5.454237124389470504e-01
2.638980337342228921e+00
2.884029977317855042e+00
7.499030629127195757e-02
5.031876910711917894e+00
1.231484640898279537e+01
1.043815233994565084e+01
1.724203263715863343e+01
8.470190679137273548e+01
6.787021515318537013e+01
2.308526968151551451e+00
2.141088604593496925e+00
1.138011532190980724e+01
6.106188826295275618e+01
6.768542196816521361e+00
7.571290767595870363e+01
2.081625024895526010e+01
3.201845913424281154e+00
8.546347547314985249e+00
2.427995203660686840e+01
6.427476624394783400e+00
1.153023417550005725e+01
2.015231684169974447e+00
1.523772998958035707e+01
4.720078275250910593e+01
8.015594892532320159e+00
2.234693313329003317e+01
6.060574252644109094e+00
3.725598413610756054e+00
1.096438209178075135e-02
5.296721892312960200e+00
1.557287796711807060e+00
7.066501637396501501e+00
2.517429303327664680e+00
9.276189925873188358e+00
2.515197240333527429e+00
2.134597973832435436e+00
1.455653174056468435e+00
3.328549534619652750e+00
3.295665264887515100e-01
8.767689294617838414e+00
8.253949929340398395e-01
1.939098423049504527e+00
7.647949355061832710e-01
1.042161790493493667e+00
1.708010890868334686e+00
1.395374516714419144e+00
5.915834611220034400e-01
2.965625800861547479e+00
2.517838837328143647e-02
1.322046071571440606e+00
3.452159083180655202e-02
4.009851630438793779e-01
4.269416809647530009e+00
1.420479111420482221e+00
9.539838533476867610e-01
2.155979851078598575e+00
6.990827148367902144e-02
2.183974202874462200e+00
4.812466646913699186e+00
2.076770959811969686e+00
2.326118255144713487e+00
3.007208066364176258e+00
1.938473190569389715e+00
6.616283826878105456e-01
3.077460763732380311e+00
2.619824185660459825e+00
1.211573523704998490e+00
3.328425452321982281e+00
1.025821986598799640e+00
6.081276469944344676e+00
2.903716985322741806e-01
2.573110474706228890e-01
6.900859178505812375e-02
3.400437599094371932e-02
3.777734921841769733e+00
9.198133279961536735e-01
3.910332982940066884e-03
3.094819812555755334e+00
2.746841540685305283e-01
9.121333313667488341e+00
2.049357540856877158e+00
2.220540279238497394e+00
4.094269230470821697e-01
8.425131726438102042e-01
6.754956069408295516e-01
6.928759937648303335e-01
1.660974361743659422e+00
5.629265631374391177e+00
2.563231890046028250e-01
3.770659691455034768e+00
3.111019716195657203e+00
1.636900155265048173e+00
1.127236316762166846e-01
2.917263371622671464e+00
3.410450789132229765e+00
3.549316548707750485e-01
3.063341991736312150e-02
6.416748900109327247e-02
2.059722683486261641e+00
5.875815399428809815e-01
4.356241632791005003e+01
5.811410410715891830e-23
4.780126189983389522e-143
6.184192003694577444e+00
1.358704317642640547e+00
1.862070016643805115e+00
1.040400457220670011e-01
2.256200886861042809e-01
9.479267837871487856e+00
1.825517346698203269e+01
1.123411452341559258e+00
1.643033235093231959e+00
1.210015439662122994e+00
1.966762898114799540e+01
1.109158177803937217e+00
1.552957791894176598e+00
1.012841890665997511e+02
3.912673697145858220e+00
2.158846609239967185e-01
3.899623185606261444e+01
2.547897896927247174e+01
6.475369211025984839e+00
1.598198983695346165e+01
5.010511147694794332e+00
4.637181237086036134e+00
1.317952603264666323e+02
1.415124551270294546e+02
8.984366473475654402e+01
1.445864453263184357e+00
1.470335721800161544e+01
1.759149442928316320e+00
7.145031705397773436e+00
1.130131650653640492e+02
2.265261168170390249e+01
7.129424737401204304e+00
2.870604778297441984e-02
1.098950378915458614e+01
9.415696886932439114e+00
7.528535225251147267e+00
3.667530479180514558e+00
6.687267037889473187e+00
6.941985351267419446e+00
3.784679348335853177e+00
1.353890402652430769e+00
1.474842937955985311e+00
1.392645039346245817e+01
3.532153231374546981e-02
9.493527301141851948e-01
2.823692835253130085e+00
1.192669154825973590e-02
5.992084205580916478e-01
1.585495302609491119e+00
2.173098854260578694e+00
2.383852139383298319e+00
8.284783391789219548e-03
6.234670842267366064e-02
3.795246333147621054e-01
9.173129200435166108e-01
1.779707087700278301e+00
4.680790968594286117e-01
7.809471805842825853e-01
2.622729229694315545e-01
7.453320987682477972e-01
3.788612705561622995e+00
5.021973584380829436e+01
3.831983330072294525e+00
7.308792208272917534e+00
5.976235976791316240e+00
1.040116000696670318e+00
1.156396147408586428e+00
9.952566674763670962e-01
6.756339796372569373e-02
1.866743652754735638e+00
6.828944624976853242e-03
5.280587526336145282e-02
8.397806751072720566e-01
1.302135102461385330e+01
5.284087345982731998e-01
3.963206373448410758e-02
3.765988412632319182e+01
1.649885734129238335e-01
1.220610521475057553e+01
3.468867470435345979e+01
2.197423398119087601e+00
1.511042790980658745e+00
1.339442924134817359e+00
1.174182104965035611e+00
1.200296210811550246e+00
1.443035821186020307e-01
1.049693564401216861e+00
2.858873335125940440e-01
1.537663921144740042e+00
3.131226126348712890e-01
1.405322607646390665e-01
1.668697951015576109e-01
3.633550103628230710e-03
3.241651599435587117e-01
1.351190901489618401e+00
1.480704207156371133e-01
6.581212478984475034e-01
1.972106796346174473e+00
4.747093236796727511e-02
5.622834332899494525e-01
4.670177281777671552e-01
2.272003862779800265e+00
4.329506400637117151e-06
2.181487347192552217e+00
9.673741550745175166e-01
8.386678480792444379e-01
1.907624054568921590e+00
4.804349848623499786e-01
4.093456831076586755e-01
1.894293276921783786e-01
4.871345639765683154e-03
2.718880432430585414e-01
3.071524493362805419e+00
3.612066638914378736e+00
7.036173908288263501e-01
3.370934028557354689e-01
5.322572891658584604e-01
3.621381568194785849e-01
4.575995986149642647e+00
1.414002172368007182e+00
1.415508837585095137e+01
2.307779966449227393e-01
1.910418085677254019e-01
2.529409810821137583e+00
2.234584334290468988e+00
1.955407566022073329e+00
9.877875304535417289e-01
1.493620259069438738e+00
2.791682344983933639e+00
5.663177195417062215e+00
1.884785376259241696e+00
4.920498878385430319e-01
1.377753972992581399e+00
2.635784017016051806e-01
2.480631193969708548e+00
4.202214918232656693e+00
2.956605058883537307e+00
3.938500721614405897e+00
1.430731192279846731e+01
3.539897039091472664e+01
1.595113335079509976e-96
7.524909454051491764e+01
1.775878357283965272e+02
1.874507185342574189e+02
7.579868230821809050e+01
0.000000000000000000e+00
5.851424439103755524e-16
3.104746936932643848e+02
0.000000000000000000e+00
8.093251997037265610e+00
6.384690630488354338e-29
1.966842520826342964e-28
0.000000000000000000e+00
9.026242198130871352e-53
4.984228618659706520e-13
2.288243040675252648e-129
0.000000000000000000e+00
0.000000000000000000e+00
0.000000000000000000e+00
0.000000000000000000e+00
0.000000000000000000e+00
0.000000000000000000e+00
0.000000000000000000e+00
0.000000000000000000e+00
0.000000000000000000e+00
4.749715234594210617e-185
9.123534499887346289e-09
0.000000000000000000e+00
5.786525371480291733e-78
0.000000000000000000e+00
0.000000000000000000e+00
0.000000000000000000e+00
2.421775640458132841e+02
0.000000000000000000e+00
0.000000000000000000e+00
1.879087354040426661e+01
7.335460364515073195e+01
2.276439492676379359e+02
4.572369945283808335e+01
0.000000000000000000e+00
0.000000000000000000e+00
0.000000000000000000e+00
0.000000000000000000e+00
1.254793937653150095e+02
3.561082974109160150e-165
0.000000000000000000e+00
0.000000000000000000e+00
0.000000000000000000e+00
8.329720321181052896e+02
3.154874097523075420e+02
4.062579024525452276e+00
2.166274492210546743e-01
2.451215496955714279e-01
7.345269506098036061e+01
6.693346657340936610e-14
2.153229946761398423e+03
6.639529248722254862e-02
2.571502866713010960e+01
1.194700331181214636e+01
5.256796907983357414e+01
1.148907109935563255e+02
4.349212802428175451e+01
2.079088077729043249e+01
1.776363969620038219e+01
4.490761099934168499e+01
2.194315148314926489e+02
2.212832656157172551e+01
3.099707577353562726e+01
5.299227809410463896e-01
2.503338086453854583e-02
6.515054930559479374e+00
6.992958016795520315e+00
1.677087177488021652e+01
1.825674095196640589e+00
7.521979613929897779e-01
4.006845148713042093e+00
4.135400155791910670e+00
2.605513713853146029e+01
3.473584735890826170e-01
7.303724945334161056e+00
4.335941073032444137e+00
5.171149427444633462e-01
1.916725009123960488e+00
3.161209406882615980e+00
3.181221391427897061e+00
1.782912528402176378e+01
2.166484221048740721e+01
2.788845490194900023e-01
3.998550639742235013e+00
4.900253602349614823e+01
9.316419709366948784e-19
5.271394761358516234e+02
2.087452571163193049e-01
4.413148577917937228e-119
1.900742052219457356e-01
4.242317735210469564e-06
1.400681495631291761e-05
8.236668971036645814e+01
1.792388946618240652e+03
4.361691285460691461e+02
1.739367956866812790e+02
1.170068212499305673e+03
6.309346876338852184e+01
6.808438175070377074e-01
7.783501769514298729e+00
1.587055637501283797e-12
1.129593727206490250e+01
3.787155385060266832e-01
1.485877443110729335e+00
8.387713477527125150e+00
2.979196397080016823e+01
6.930082536306342433e+01
1.111411166342160875e-02
7.498554290649997791e-35
1.264365367637188200e+02
1.202865918546211243e-27
3.783984915015882677e+01
8.717076310091479741e+01
7.012955894289746084e+02
2.091459292912509470e-13
0.000000000000000000e+00
3.018418841056508697e-50
0.000000000000000000e+00
0.000000000000000000e+00
2.046982719573753823e-66
1.788582354787922227e-109
2.529541964058234841e-20
0.000000000000000000e+00
9.572357529611945356e-09
0.000000000000000000e+00
5.608191217033918832e-04
5.785086580419724669e+02
1.638658555795982608e+01
2.707170332569193647e+02
7.159798577561840349e-15
5.074326583555343717e+01
6.004919804592795884e+01
9.820164571012596996e-71
0.000000000000000000e+00
0.000000000000000000e+00
1.219967025069090459e-06
0.000000000000000000e+00
0.000000000000000000e+00
0.000000000000000000e+00
0.000000000000000000e+00
0.000000000000000000e+00
0.000000000000000000e+00
5.406965499298175928e+02
0.000000000000000000e+00
0.000000000000000000e+00
4.301908492018731912e-12
2.496089265455605528e+03
7.307829344826878959e+00
7.644346055162845599e-02
2.074827502055429096e-01
7.229579293719376465e-02
3.486571169669811165e-18
2.602146086856127347e-43
0.000000000000000000e+00
0.000000000000000000e+00
2.798764869647961346e-199
3.859819993546929959e-116
0.000000000000000000e+00
0.000000000000000000e+00
0.000000000000000000e+00
0.000000000000000000e+00
0.000000000000000000e+00
2.708571402775330928e-142
2.052702635860989024e-04
9.928003496296049479e-105
0.000000000000000000e+00
0.000000000000000000e+00
0.000000000000000000e+00
0.000000000000000000e+00
2.822632699262022095e-62
4.006478960387814363e-04
1.291956099256772283e+01
2.770074204115943955e-214
1.543606925176522990e-51
2.506585301554274254e-50
7.729957044778610964e+01
5.576285679036770853e-08
2.743321063617153754e+01
3.882049056671735165e+00
7.832373181633963455e+00
9.818566711723578422e+00
2.930308248204086752e+01
2.745309517447618930e+01
3.449422449952780312e+01
6.330608967504034901e+00
4.605438727448254355e+01
4.948773289422737420e+00
3.014437537678508505e+01
4.997487047700685636e+00
7.639990416552716823e+00
3.799569303835652168e+00
2.999195770529354732e+01
5.350170047728534328e+00
1.262408845274066316e+01
6.930963817704098417e+00
1.212261555164939608e+01
1.270320533392286499e+01
3.580248270748115618e-03
1.677775426778954682e+01
6.327989293643610402e+00
7.461617568274337309e+00
1.392801238712621092e+01
9.909706831114384329e+00
1.277964333758762677e+03
2.432781526957766616e+01
5.057172346886295600e+01
8.635891475257258207e+02
4.539069488933859589e+02
6.383624320843850910e+02
0.000000000000000000e+00
6.395855517133954891e+02
0.000000000000000000e+00
2.146454684543184337e-34
5.769958825883897902e+01
0.000000000000000000e+00
0.000000000000000000e+00
1.060073902469178719e+01
6.300339757105801652e+01
5.679455645248037143e+01
3.642096829887675824e+01
8.484772281850597153e+01
1.248422382494706966e+02
1.226633737167714922e-04
7.904009073574415612e-46
1.091210781340793190e+01
5.305859843006730969e+00
1.952396898334606234e+01
5.557884589798759656e+00
2.402804819618191033e-22
4.799704382698755722e+01
1.896288268824278234e+01
2.857150917102765675e+01
3.279373650119762562e+00
1.944923634395197443e+00
2.294772632360403408e-01
1.449590397680467504e+02
8.207853597664764855e-01
6.225996903225239901e-192
6.369909284331118554e-118
1.578769660008509845e+02
3.536725590868737186e+02
3.358798344955842197e+01
9.326954961579338033e+01
0.000000000000000000e+00
0.000000000000000000e+00
2.775143922268750885e+02
0.000000000000000000e+00
3.077537060306682282e+00
3.145057468798972877e+02
7.114934497399151780e+01
1.304491791715609452e+03
1.058567338449832960e+03
1.463151783235065523e+03
5.746853844502788178e+01
4.986107031695148351e+01
9.535880603360324415e+01
1.424733059324653368e+02
5.070712962710602056e+01
2.051505929563015940e+01
1.581684323038618061e+02
4.006767261732671415e+01
1.290662586668202607e+02
2.822152319053435932e+01
2.162172386260074575e+01
3.508731317523262305e+01
3.541362557215055062e+01
1.330275373772225531e-04
2.094781924739813395e+00
9.308153454019011619e+00
2.495150763917706271e+01
2.649972701480241856e-06
5.853375339649363696e+01
4.163254196458458622e+00
5.952804566360600802e+01
1.062238378291286153e+03
3.480694849179994634e-26
0.000000000000000000e+00
0.000000000000000000e+00
0.000000000000000000e+00
0.000000000000000000e+00
8.971425455761169360e+03
1.399396337716748496e-120
8.953385516516123332e-25
5.280801035256615251e+03
0.000000000000000000e+00
1.294377557690557694e+02
2.583475332410865377e+01
2.412907015332850733e+03
5.591687562839346128e+02
5.511796212434446184e-195
9.745971549410809232e+00
1.667202670150624755e+01
2.399061522956093219e-09
9.028554835537239124e-06
4.796328690144550325e-04
5.424149308125132190e-07
1.044155842370945768e-58
2.539626521250903627e-10
7.400863864904076890e-03
2.790241372078778870e-13
0.000000000000000000e+00
0.000000000000000000e+00
3.401293703294296478e+01
1.779104935257670377e+02
3.063229201956768932e+01
2.756542611983494654e-09
1.163998431653950547e+02
5.075465602885589789e+01
1.044466193356145993e+02
4.800597385754854827e+02
3.574633387267480145e-01
2.934436696675085159e+02
7.166786319516453396e+00
1.992152761343010070e+02
8.207953202004362936e+01
1.453913273378619522e+02
8.465783423255770046e+00
4.077296240018069398e+02
3.349761327013127357e+02
1.336938945353286181e+04
1.961738804598159049e+02
2.180881479517493631e+02
6.890222279069048161e-01
5.424322882296752635e-01
1.899677329227487502e-22
0.000000000000000000e+00
2.100968853120177287e-316
1.974902016100241520e+00
3.782404396125438883e-01
0.000000000000000000e+00
1.406986029072789393e+02
4.912695910816534592e+02
1.609276016982499868e+02
2.508689468586001325e+01
7.385392985382155761e-14
9.883920518816844947e+01
3.735810333495247733e+02
3.266016519397246132e+00
0.000000000000000000e+00
8.524664751763921799e+00
7.488235311894953838e+00
1.952097594363715550e-31
8.712425139546567388e-02
9.370028712258088093e-77
4.348252386686846904e+01
5.380343160920225642e+01
4.918459199944972227e+01
5.172622677048414630e+01
3.643970530596433832e+01
1.557114931908129130e+01
2.800802896135343545e+01
4.226432558124335515e+01
2.294067338511907650e+01
5.082760514939450758e+01
1.628661158527403359e+02
2.306082554851468558e+02
9.641806476224061839e+01
2.065178718621030995e+01
7.527803300132372044e+01
4.743382079721229161e+01
3.793812982443800171e-04
1.030407887014430024e+01
1.800776431187489948e+02
1.119370609676121298e+01
2.186929264925211669e+01
3.216589676555921073e+01
4.994468118946049628e+01
7.108965247302081991e+01
1.052134020575010027e+03
1.786999741948114462e+01
2.704439469725317480e+01
1.003311833929859631e+02
2.049590957298305511e+02
1.490842767917444434e+01
8.208330787651289029e+01
3.170171113146689095e+02
2.864539258724341408e+01
5.092514884192046232e+00
3.428673432201258464e+01
4.866415382980400750e+01
1.790725677646800662e+01
6.669215763369885508e+01
3.933636755758456616e+00
1.389476995936867354e+01
1.324037893488878126e+01
1.149471471534109241e+02
3.118342140129674362e+02
1.167231419352155086e+02
1.529477338947666927e-19
9.001513657081534892e-02
3.619852096635951710e+01
1.815895602963364297e+01
4.141670182382600984e+01
3.524638528296540585e+01
1.237305350310809970e+01
1.376240598978771956e+01
3.833613723113257521e+01
4.328747446250817525e-03
1.235685106425989090e+02
1.798574054761188634e+01
4.589297757600682703e-01
4.349292423102930343e+02
4.798035044531045318e-02
3.599271121775573334e+01
5.123313460722913604e-01
4.560039901353919234e+00
4.971331945119322882e+01
3.802471589274721619e+00
4.337035406101255042e+00
2.619346967869890719e+01
1.004127316322521841e-126
0.000000000000000000e+00
2.234851487750995214e-202
3.755578356478949664e-01
4.198447453450437038e-03
4.616430543630814100e+03
4.989652031393126269e-02
1.051100174026989407e+03
1.373363362425484695e+02
3.232469616972722878e-03
4.125397465246400789e-11
2.780703015386075047e-04
0.000000000000000000e+00
8.318230858646963322e-01
0.000000000000000000e+00
1.266876372421748401e-37
2.998704479168471412e-09
6.634451952093063376e-01
4.325852665872642433e+01
5.108206342248737428e+02
2.723770140747270967e-03
9.209126661752570442e+00
3.678228968631415685e-01
1.978496799178294907e+01
3.203164813196358425e-89
7.461520559706449340e-01
5.508547159190878284e-04
3.144724811328903604e-12
9.982251349488274403e-03
1.055819622084717579e+00
9.857303598656726173e-02
5.284329278498378635e-01
5.571405742635458580e+01
1.644518487919357312e+03
9.369361592990561860e+01
2.539487158428467950e+00
1.233337340651947400e+01
5.246621381584658295e+00
0.000000000000000000e+00
1.103308329285773937e+02
1.658135278902755516e+01
0.000000000000000000e+00
1.595977416837354029e-02
7.724117027912525275e-73
0.000000000000000000e+00
0.000000000000000000e+00
0.000000000000000000e+00
6.790138134273560772e-266
0.000000000000000000e+00
2.629221849244105122e-82
0.000000000000000000e+00
0.000000000000000000e+00
0.000000000000000000e+00
0.000000000000000000e+00
0.000000000000000000e+00
0.000000000000000000e+00
0.000000000000000000e+00
0.000000000000000000e+00
0.000000000000000000e+00
0.000000000000000000e+00
0.000000000000000000e+00
0.000000000000000000e+00
0.000000000000000000e+00
0.000000000000000000e+00
2.225509148156184435e-51
0.000000000000000000e+00
0.000000000000000000e+00
8.703869431891055710e-12
6.991503926374541320e-144
8.494695866087756282e-58
2.707261291812895837e-13
1.892440651887363501e+01
1.511097101891860177e+02
7.949282267374408661e+01
3.988612961592157831e+02
6.200403802624662148e+02
1.852816842042800545e+02
7.124728374445200529e+01
3.007326325401846390e+01
6.472534681619530161e+00
2.821858401070625888e+01
7.397465474359644588e+01
6.854454386433327784e+01
1.222446007352145472e+02
7.139843507059874441e-04
0.000000000000000000e+00
2.967631862331303943e-145
1.698432687246444743e+02
5.785376296821724651e+01
1.782614504881811115e+02
8.160677514460397788e+02
6.872650981212942725e+02
3.472246068564275134e+01
4.876358114148855805e+01
1.191791504630020881e+02
2.243301985708577454e-19
2.469905186725212305e-09
8.589015679988278862e+00
1.763386880883759034e+01
0.000000000000000000e+00
3.079055251991425831e-29
9.647966719922990819e+01
1.241278177812086803e+01
8.142033876170249001e-05
3.517217312640622704e-38
4.224742134826696201e+03
7.608463176216218926e+00
1.662674642094698072e+02
0.000000000000000000e+00
0.000000000000000000e+00
5.891748146576396721e+02
1.894880760885984849e-33
6.788232816142212300e+01
1.595964106484529521e-01
1.804400427910825854e-09
7.947907813643169561e+01
0.000000000000000000e+00
0.000000000000000000e+00
3.250255752094326296e-48
2.654019575381883026e-207
0.000000000000000000e+00
7.850277357471341713e-03
2.391415452441341321e-90
9.229222533188225270e+02
3.036366859168523841e-09
2.906094578952914231e-132
2.730686272251038951e-04
2.027530143096206716e-02
0.000000000000000000e+00
0.000000000000000000e+00
2.717064999592028585e+02
0.000000000000000000e+00
0.000000000000000000e+00
5.069016541291050718e-19
2.390558753368979978e+02
9.559660470009282345e-242
0.000000000000000000e+00
0.000000000000000000e+00
1.562059413028297570e+02
7.648932910948133213e+02
1.183001825036176200e+02
2.678639270008318363e+01
9.602276819447984835e+00
3.473998081857542530e+01
4.569234110169482221e+01
3.007131362681403175e+02
5.140833924501756513e+01
1.465603326558426289e+00
4.848061734867767036e+00
4.806652943625915775e+00
2.058982374521901298e-82
1.388215836555324643e+02
2.052395588167146489e-24
2.710931043419270200e-50
4.938640504496673387e-04
2.069788523344487895e-03
9.542325855726008221e-01
3.964814038585368007e-08
7.270531325977780733e-32
8.232188475163093599e+00
0.000000000000000000e+00
2.117341557492110355e-36
0.000000000000000000e+00
0.000000000000000000e+00
0.000000000000000000e+00
2.720524404840020384e-13
2.640587037806908761e-33
2.166828455727497073e-16
5.438832830689853404e-02
1.557787420407161964e-10
1.755252428201929149e+02
3.173365675245900874e+01
2.571532357877560404e+00
1.300551958880098984e-14
2.597189969155689937e+02
1.164681857237673626e+02
1.329011756889626849e-108
1.087311682501006785e-59
1.836707802937356472e-07
2.493380277784426223e-04
1.399977581136400900e-40
1.029200672772227938e-02
8.293418644950632412e+00
2.545405776854632052e+02
5.705872307349051908e+01
8.369415365305815158e+01
2.328574273074121379e+02
6.411354781848154971e+01
9.462800671929595353e+01
0.000000000000000000e+00
1.689007098454676381e+01
4.183876781554306257e-02
3.208425855872672483e-01
5.858272406884472616e+01
1.543743563503675276e+01
1.469913355164811142e+00
2.093331381063871532e+01
5.720915523008697789e+01
2.036969791902748739e+01
3.051582815760875889e+01
8.499108552025720087e+01
1.117785853382597615e-145
1.244828359036149124e+01
2.195261979472038050e+01
9.067566598685372625e+00
0.000000000000000000e+00
6.250848208680223479e+02
2.416939926889884127e+00
1.756789433528408395e+01
1.534358296340085381e+01
5.954050109792675016e+01
5.453160056598499494e+01
3.326667521359986068e+01
4.024281017598515575e+01
1.881883029817979036e+02
1.192750038533637138e+02
1.206168758615047949e+02
4.827183755305318869e+01
2.137336200274823905e-02
0.000000000000000000e+00
9.418184970722826010e-02
6.695038032121883020e+01
3.118685287453382671e+01
0.000000000000000000e+00
1.231164148594152556e-44
0.000000000000000000e+00
7.792077996466320511e-21
7.696061436804889411e+01
1.043677199282074120e-39
0.000000000000000000e+00
1.980953367351126005e-08
0.000000000000000000e+00
0.000000000000000000e+00
3.798779350308051361e-01
2.161789261298241915e-11
0.000000000000000000e+00
3.149144747061168278e-16
3.334738299543673566e-75
0.000000000000000000e+00
0.000000000000000000e+00
0.000000000000000000e+00
0.000000000000000000e+00
0.000000000000000000e+00
9.041232916830012955e-36
7.510298543414696573e-116
0.000000000000000000e+00
6.142347643012549270e+02
4.596171322107300283e-01
0.000000000000000000e+00
0.000000000000000000e+00
0.000000000000000000e+00
0.000000000000000000e+00
1.217558458649424208e-23
1.578241138389308063e+01
6.479429185429597855e-234
0.000000000000000000e+00
2.358476240235991739e+01
3.034068267587607910e-79
0.000000000000000000e+00
0.000000000000000000e+00
3.468822453232992542e-01
1.226313768719838268e-131
7.670420623927344500e-50
0.000000000000000000e+00
0.000000000000000000e+00
0.000000000000000000e+00
1.323811199889190099e-14
4.516605121459358543e+02
1.336728693833249545e-31
0.000000000000000000e+00
2.675427224402674689e-258
1.034297849157325179e-02
3.686999565679547572e-53
0.000000000000000000e+00
0.000000000000000000e+00
0.000000000000000000e+00
0.000000000000000000e+00
1.560579705980648916e-22
1.019386908871800243e-63
3.859846095445897489e-12
1.880772634177727954e-13
1.141506372921214741e-117
6.322263285001444899e+01
1.386344198334032171e+03
5.328118736422882625e-73
0.000000000000000000e+00
1.823589709747296117e-03
9.699930160543995816e-01
6.737055292759914948e+01
8.039677057771797308e+02
4.031690949888972142e+01
8.809507446041626691e-123
6.625955143105786785e-78
2.191786309510117482e-46
0.000000000000000000e+00
0.000000000000000000e+00
0.000000000000000000e+00
0.000000000000000000e+00
0.000000000000000000e+00
4.258825962382321673e-285
9.084814657376302212e-121
0.000000000000000000e+00
0.000000000000000000e+00
5.392950602805142898e-21
9.153466328632809372e-59
3.171705892809735815e+04
1.588956040365922806e-02
1.377004799047153469e-09
3.896022654684425390e+01
6.138801406898271330e-152
1.134200162316678870e+02
4.957362023780699376e-13
5.294808396692060626e+01
5.513373489449597400e+03
8.287785774599710749e+02
0.000000000000000000e+00
0.000000000000000000e+00
0.000000000000000000e+00
0.000000000000000000e+00
2.215946602818273381e-01
3.347413878933104803e-08
7.462035550015084340e+00
1.331271032032481205e+00
0.000000000000000000e+00
8.484371178390530233e+00
6.347710870564436618e+02
1.331316718105316852e+02
1.624099515446126318e+01
6.475652846033686365e+04
3.411402541048483528e+01
3.075759985988606218e+02
1.114722283413760124e+03
6.386211399771005048e+00
4.606825507336294834e+01
1.426739624127482225e-16
6.409704326665953520e-05
3.442455346194491739e+01
1.085121394460333807e-61
8.975064095336954040e+00
2.174126881683011803e+01
1.198547252095259400e-46
4.199378029849520573e-95
0.000000000000000000e+00
0.000000000000000000e+00
0.000000000000000000e+00
1.383770217261254842e+01
8.155561777640093026e-194
2.455312813848791205e-84
0.000000000000000000e+00
6.884173895554027924e-30
8.395853701965520664e-79
0.000000000000000000e+00
4.527729516368212948e-08
9.170979338649819031e-297
4.080892592021225729e-225
4.940656458412465442e-324
0.000000000000000000e+00
2.546695293012978141e+02
4.629803594235594665e-82
0.000000000000000000e+00
9.015234888312350455e-27
3.090886893680678408e-66
0.000000000000000000e+00
0.000000000000000000e+00
1.835243042302726335e-01
0.000000000000000000e+00
1.556674080194459311e-02
5.684637619977287117e-143
7.504843487726445517e+01
1.540106110235189753e-03
1.669681879774948863e+00
8.524376801846432983e+00
2.302922832201102921e+01
7.077206006093911128e+01
3.772171606389058525e+03
1.514261848277831113e-01
2.716227994732638962e+01
2.760142798364122996e+01
1.908104810176131672e-08
1.113055068516960189e-86
1.978171796618926237e+01
2.968249470546295399e+00
3.267539272485630022e+02
3.094776378370447105e+02
2.814503767850549086e-03
0.000000000000000000e+00
0.000000000000000000e+00
0.000000000000000000e+00
0.000000000000000000e+00
7.934889203805990593e-126
0.000000000000000000e+00
2.553274811651743620e-148
0.000000000000000000e+00
0.000000000000000000e+00
6.477357902044788497e-290
1.393225515194991344e-69
0.000000000000000000e+00
5.284269089783564186e-232
1.667689553156215050e-80
0.000000000000000000e+00
0.000000000000000000e+00
0.000000000000000000e+00
0.000000000000000000e+00
0.000000000000000000e+00
0.000000000000000000e+00
0.000000000000000000e+00
0.000000000000000000e+00
0.000000000000000000e+00
0.000000000000000000e+00
0.000000000000000000e+00
0.000000000000000000e+00
0.000000000000000000e+00
0.000000000000000000e+00
0.000000000000000000e+00
2.865223464724076621e+03
2.604547529774031157e-08
0.000000000000000000e+00
0.000000000000000000e+00
0.000000000000000000e+00
3.250914409398961112e-08
7.449708349522460304e-01
1.039935823538429424e-193
0.000000000000000000e+00
4.785704748335838365e-01
1.725721760282330912e-133
0.000000000000000000e+00
4.592610065491526087e-295
0.000000000000000000e+00
0.000000000000000000e+00
0.000000000000000000e+00
0.000000000000000000e+00
0.000000000000000000e+00
0.000000000000000000e+00
4.887448275962772580e-68
0.000000000000000000e+00
2.436978887816384930e-66
0.000000000000000000e+00
0.000000000000000000e+00
0.000000000000000000e+00
0.000000000000000000e+00
0.000000000000000000e+00
0.000000000000000000e+00
0.000000000000000000e+00
0.000000000000000000e+00
0.000000000000000000e+00
0.000000000000000000e+00
0.000000000000000000e+00
2.039793719290093393e-124
1.408048892258404550e+01
1.261081729636790350e+01
2.939373178414466103e-01
7.375544751641813779e-01
1.908183695006230352e+01
1.633107747231405282e+00
4.748106288445423651e-02
1.939938145963545635e-01
0.000000000000000000e+00
6.969584762924100119e+00
0.000000000000000000e+00
4.902702224856875790e-01
1.320058433620433043e-109
7.007256276578766534e-30
2.055022226911803784e+01
0.000000000000000000e+00
1.143846424920407685e+02
0.000000000000000000e+00
0.000000000000000000e+00
6.017591229835247191e+00
4.971191308198176273e+01
1.536497325525807867e+01
1.200265253938561827e+01
1.536138058229095382e-01
7.136160648868981049e-01
7.279736007524688191e+00
1.101046848081901963e+01
4.023971406501225090e+01
3.216031532684281160e+02
2.244101559129373058e+01
1.628881671555597421e+01
2.113611944574064427e+00
1.472128804388689508e-125
3.401240327006990055e-02
1.001564212375703988e+01
5.060788765217433038e+00
9.720910300464000323e-54
0.000000000000000000e+00
4.919208997593464000e-03
3.015192464842781760e-03
8.662303519086691495e+00
3.416409097132056871e+01
1.458011981490380448e-03
3.512919953491618941e+01
4.863467291806239552e-03
1.865393642184255540e+01
7.533307238456840693e+00
6.011974773366204516e+01
6.030123946167993836e+02
1.353125498111205616e+01
1.516829268733468794e+01
1.194077196517020134e+01
2.904015537705416428e+00
1.072517628728410699e+01
0.000000000000000000e+00
0.000000000000000000e+00
2.041328231982432528e-202
8.985469651387005530e-05
0.000000000000000000e+00
3.332590750446025041e+00
1.177325815647794194e+01
5.198031107045386581e-60
3.927662901705685489e-45
0.000000000000000000e+00
9.215329746734945897e-230
3.301783458730579219e-11
9.057678796954430345e-01
1.980282949000428800e+02
1.175031895816865202e+01
3.680990083164891402e+00
1.155699650977872528e+00
3.036643097544907910e+00
3.330451572113416248e+00
1.065289269485974021e-05
6.425203393031320804e-04
8.538827326421193353e-01
5.373907001593826292e-61
4.170066669030579476e+01
4.120052616641337099e-186
0.000000000000000000e+00
0.000000000000000000e+00
1.656231067814661628e+01
6.283361701481700123e+01
1.134296510098045729e+01
8.254560188483303307e+00
1.266042192076618222e-01
0.000000000000000000e+00
0.000000000000000000e+00
1.279018867307383118e+02
8.571123321703408848e+00
7.603809614718334160e+02
1.551892898484436234e+00
7.790833458046184035e+01
2.153327515836669181e-160
0.000000000000000000e+00
3.096345204359028269e+00
5.447017730543985436e+01
3.244804800506978282e+00
2.923274134980647698e+00
1.098841228516483248e+00
7.825284367688524478e-02
2.330207887232312324e-05
6.488474196645374059e-01
6.535236165877461589e-01
3.724129425145917827e-01
3.108938493948335768e+00
1.659627886686896758e+00
1.248896963463131116e-01
1.705814621286018573e+00
7.758277762625852281e-02
1.083765825113196968e+00
2.281523846040116599e+00
5.350003682252163344e+02
1.215356942596329537e+00
5.199780851634479895e+00
1.215032769146300040e-02
1.164243601650721271e-01
5.548056847468214592e-01
7.569015016243122451e-01
2.490544496908420058e+00
1.401284955294316958e+00
2.552151129511687433e+00
8.355549362911100786e-02
2.246909657922972592e+00
1.095713771943268230e-02
3.867187839917882286e+00
3.531605789673317730e+00
1.036377180807929621e+00
1.410492397778088858e+01
4.289971943260421083e-01
4.961461659327939699e+00
4.513721203038673302e+00
5.122981490661842469e-02
1.170524464905168394e+01
5.841660035208662727e+00
2.003074396657007483e+01
2.028324274764660991e-06
4.909457617116429889e-03
6.918080092239781902e-05
1.258442504232798656e-07
3.464818195905641361e-04
6.900365693924983765e-03
3.537984968891920434e-02
5.050967998747691277e-03
9.110411903904696018e-01
6.513424224481183938e-03
3.087047290096873661e-02
2.999768613096965816e-06
5.772516620321916925e-01
1.699961200016388618e+00
7.658904655738481004e-01
7.734675221845518922e-02
1.929315091589717923e+00
7.241280879651603719e-01
1.533785060135728795e+00
1.461088952821819298e+01
8.343912508136840378e-01
5.053845256481352965e-01
2.528720110429980128e+00
1.196838306223352522e+00
4.869856915191095315e-01
5.316321640119634040e+00
8.863156166816906989e+00
7.622517572704841982e+00
1.925285035755910368e+00
1.996607182050604390e+00
2.582827182882506123e-01
1.628351655644670659e+00
1.315879765703789062e+00
4.559101887198941050e+00
1.682121628052077877e+00
2.144099537630326235e+00
1.988802964863165545e+00
4.533881203884979616e-01
2.149896955972035451e-01
8.586713628663055431e+00
4.309901451126342486e+00
4.496460727066533991e+00
2.674284129129648413e+00
2.220954461528843282e+01
1.122802655541156103e+00
7.645511148771532817e+00
5.615069252655866539e-01
7.469100485645756571e+00
1.841699856253444567e+00
1.871723258096322340e+00
5.281910730098294593e+00
1.839497413042915364e+00
1.034955358244699086e-01
2.251370087238468898e+01
3.210452401817014412e+00
