# residue i_ratio gamma_2
1.000000000000000000e+00 nan nan
2.000000000000000000e+00 7.117158079949076344e-01 3.559252567996275651e+00
3.000000000000000000e+00 8.066296744854567491e-01 2.135344801803070069e+00
4.000000000000000000e+00 8.479145912838735866e-01 1.605773856391191634e+00
5.000000000000000000e+00 nan nan
6.000000000000000000e+00 8.742924047057040182e-01 1.291096838063172880e+00
7.000000000000000000e+00 8.677119795852347162e-01 1.367981037764530727e+00
8.000000000000000000e+00 9.017532290851559829e-01 9.812272257724349300e-01
9.000000000000000000e+00 8.703230046429765165e-01 1.337348723095103331e+00
1.000000000000000000e+01 7.180803794917386407e-01 3.453316967956503891e+00
1.100000000000000000e+01 4.661861176268080609e-01 9.505564413514127509e+00
1.200000000000000000e+01 6.567746762455990428e-01 4.548836259459106302e+00
1.300000000000000000e+01 nan nan
1.400000000000000000e+01 5.736816556720092386e-01 6.357559445465640557e+00
1.500000000000000000e+01 5.346326651487568471e-01 7.374675471637577751e+00
1.600000000000000000e+01 nan nan
1.700000000000000000e+01 3.715197328041360270e-01 1.351404577037597576e+01
1.800000000000000000e+01 2.234941578384842253e-01 2.488624557529477954e+01
1.900000000000000000e+01 1.137676346777184572e-01 4.567146243902330838e+01
2.000000000000000000e+01 5.946980337586647847e-02 7.191678183088572496e+01
2.100000000000000000e+01 7.104989203657315067e-02 6.412309201246060297e+01
2.200000000000000000e+01 6.264701710248396505e-02 6.959158866409845245e+01
2.300000000000000000e+01 nan nan
2.400000000000000000e+01 nan nan
2.500000000000000000e+01 1.057019680232832749e-02 1.673932777395486653e+02
2.600000000000000000e+01 6.774023336846975163e-02 6.616967119202971048e+01
2.700000000000000000e+01 1.047496508167358453e-01 4.867512590808159700e+01
2.800000000000000000e+01 1.584572935850087905e-01 3.463459731684742593e+01
2.900000000000000000e+01 2.504053441662154600e-01 2.203694918232309874e+01
3.000000000000000000e+01 2.473220874451401430e-01 2.233863235099296674e+01
3.100000000000000000e+01 3.101571108139753452e-01 1.715820784348311179e+01
3.200000000000000000e+01 3.225807171187735634e-01 1.632954163874552123e+01
3.300000000000000000e+01 3.517780447684840661e-01 1.457224393376738902e+01
3.400000000000000000e+01 4.203286566339178298e-01 1.125782741976494350e+01
3.500000000000000000e+01 4.198834298881415905e-01 1.127641350653142815e+01
3.600000000000000000e+01 4.685139545619757540e-01 9.424407764557024336e+00
3.700000000000000000e+01 3.655668023094845731e-01 1.382318930342421126e+01
3.800000000000000000e+01 4.258367860875295063e-01 1.103059496769782655e+01
3.900000000000000000e+01 5.216697440226149007e-01 7.741260878664272482e+00
4.000000000000000000e+01 5.834793215939386712e-01 6.120980418890222374e+00
4.100000000000000000e+01 5.154493660074374040e-01 7.922794696733316933e+00
4.200000000000000000e+01 3.891797042936617768e-01 1.264334002417928815e+01
4.300000000000000000e+01 5.770960354695958694e-01 6.274321045273503650e+00
4.400000000000000000e+01 nan nan
4.500000000000000000e+01 6.336580928740760399e-01 5.010185365529012280e+00
4.600000000000000000e+01 6.793800625769208512e-01 4.124546834051268540e+00
4.700000000000000000e+01 5.745949844472652002e-01 6.335209346231247984e+00
4.800000000000000000e+01 3.764074133255814747e-01 1.326628692835980949e+01
4.900000000000000000e+01 6.546723457865353257e-01 4.589607013071081987e+00
5.000000000000000000e+01 nan nan
5.100000000000000000e+01 7.542561395894634702e-01 2.881513470795552756e+00
5.200000000000000000e+01 nan nan
5.300000000000000000e+01 nan nan
5.400000000000000000e+01 8.900815430752480051e-01 1.110816837129742662e+00
5.500000000000000000e+01 9.006430376166003615e-01 9.934226300290520673e-01
5.600000000000000000e+01 7.608344219951835852e-01 2.782755797605803494e+00
5.700000000000000000e+01 8.946178689758367275e-01 1.060086747707958965e+00
5.800000000000000000e+01 9.350720023707919104e-01 6.274698019865319054e-01
5.900000000000000000e+01 9.315753796382389984e-01 6.635151024571953604e-01
6.000000000000000000e+01 9.584729610789088916e-01 3.924023510109607149e-01
6.100000000000000000e+01 9.443831951824325222e-01 5.326681498335104070e-01
6.200000000000000000e+01 8.988527932071782578e-01 1.013145859123278036e+00
6.300000000000000000e+01 8.993084110090183714e-01 1.008119543494753190e+00
6.400000000000000000e+01 9.581147165264203291e-01 3.959222020565349442e-01
6.500000000000000000e+01 9.672752329485132528e-01 3.066637674284093396e-01
6.600000000000000000e+01 9.159690950950424293e-01 8.274370124893276612e-01
6.700000000000000000e+01 nan nan
6.800000000000000000e+01 8.984186757404044599e-01 1.017939281349524938e+00
6.900000000000000000e+01 8.418996904947623205e-01 1.680015895389767699e+00
7.000000000000000000e+01 7.552532912208432814e-01 2.866444820499868040e+00
7.100000000000000000e+01 8.064943018658030649e-01 2.137161286174058983e+00
7.200000000000000000e+01 nan nan
7.300000000000000000e+01 7.867341717914900778e-01 2.408314915087671704e+00
7.400000000000000000e+01 nan nan
7.500000000000000000e+01 7.407511887842562759e-01 3.089155068761195722e+00
7.600000000000000000e+01 8.322230407254654905e-01 1.801481498397070391e+00
7.700000000000000000e+01 8.528513097827691292e-01 1.545545578011684240e+00
7.800000000000000000e+01 8.716402024781960689e-01 1.321958397015994491e+00
7.900000000000000000e+01 nan nan
8.000000000000000000e+01 8.081654531138513509e-01 2.114775363440828837e+00
8.100000000000000000e+01 8.440593362605218752e-01 1.653249636388389510e+00
8.200000000000000000e+01 7.843663911972839076e-01 2.441626873216176108e+00
8.300000000000000000e+01 6.457117724782476254e-01 4.765998710236600822e+00
8.400000000000000000e+01 8.111826366915665387e-01 2.074568445385848836e+00
8.500000000000000000e+01 nan nan
8.600000000000000000e+01 3.818493795338244734e-01 1.299663284349919046e+01
8.700000000000000000e+01 8.440574353758775183e-01 1.653273141339277608e+00
8.800000000000000000e+01 8.107378534699206662e-01 2.080478727378089143e+00
8.900000000000000000e+01 4.271408013818517868e-01 1.097752137528282468e+01
9.000000000000000000e+01 8.478062128804312314e-01 1.607103172054082929e+00
9.100000000000000000e+01 8.309683548565348632e-01 1.817417300840159955e+00
9.200000000000000000e+01 8.831161736062606016e-01 1.189628556363312883e+00
9.300000000000000000e+01 8.513755737827328751e-01 1.563483653255696160e+00
9.400000000000000000e+01 7.089669842765337071e-01 3.605527429824365360e+00
9.500000000000000000e+01 4.398274556555210602e-01 1.047505503862275233e+01
9.600000000000000000e+01 nan nan
9.700000000000000000e+01 9.271707002346379900e-01 7.092725070898938666e-01
9.800000000000000000e+01 9.636674029442379164e-01 3.416333525188223197e-01
9.900000000000000000e+01 9.354465548350340276e-01 6.236232068163847231e-01
1.000000000000000000e+02 9.141701868531857400e-01 8.466582318236458571e-01
