6.623887580487452230e-167
8.284488935232184303e+01
6.280207954371394008e-01
2.979419477269837557e+01
4.921352210962264451e+01
1.908583667306301412e-01
7.964945084004517412e+03
5.356411101504417793e+00
6.730535046506557178e-05
2.685449498641048649e+02
1.101770978101239962e+01
7.713976891745404352e+00
1.083455543136149579e+01
3.879001071160740821e+01
1.708165522925100390e+02
1.513241292413974942e-75
2.151006440195183611e+00
9.045578138814631686e-01
1.425114376964423090e-229
0.000000000000000000e+00
6.291796157963997386e-26
1.491941951695649165e-151
2.347576037807995096e-142
0.000000000000000000e+00
2.551366380176894381e+03
0.000000000000000000e+00
0.000000000000000000e+00
1.785433261255522930e-01
5.819750011277480196e-118
6.597282112754563937e-17
0.000000000000000000e+00
3.324507556282322440e+01
2.560326030830012645e+00
7.599584258902808642e+01
2.469783438067583248e+01
2.007073100413409250e+00
1.735413542443471346e-01
1.387761765688464166e+01
3.309426989960745402e+01
4.163918462751218641e+01
9.164586357874455302e+00
9.708947894920322952e+00
2.230191748908213967e+01
9.885430149677755907e+00
6.832521391293509794e+01
3.203787902641405338e+00
5.135401850527372858e+01
2.464414630858481892e-01
1.411876190996123981e+01
1.775551995635149538e+01
1.209115442141113883e+00
7.194893653828406066e+00
1.088895160160334896e+01
9.167371121517424726e+00
2.595731955354316511e+01
7.651637127210743472e+01
8.070256564201329752e+00
6.732526933384900936e+00
2.045686894692634539e+00
1.995518806346013463e+01
7.172235866256360559e+00
3.272819464744881390e+00
7.446867058186107613e+01
8.273952781588809557e+01
4.825278614256682630e+01
7.276940558204678666e+01
1.998697910589696747e+01
1.581199255107892121e+01
7.334147308650441843e+00
3.661726110223507646e+01
6.534122942491325858e+00
7.693223722192024638e+01
2.062336061800760234e+01
3.226230263265271248e+01
1.450459514641103009e+00
1.661415017006695294e+01
5.939889528270813309e-154
1.279263670588690971e+01
3.540589856162076110e+00
3.681440123500590289e+01
1.150367039643980682e+00
3.669575097399004004e+00
2.836586542098111607e+01
1.729571147233995632e+01
9.690306385852100135e+00
8.578303903231848659e-01
2.966286364687074517e+00
1.340696317871725363e+01
4.882326187872955414e-02
2.168781200696232503e+01
1.010817658667069636e-02
2.362694987506788280e+01
1.887702691054329307e+01
3.151711544694061899e+02
6.888251370811774450e+02
2.910205874693002102e+02
1.053277913084159190e+00
1.380410023078134207e+00
1.556908725034508834e+00
5.904329744024926185e+02
3.073932688917037694e+02
1.728527564209378298e+01
6.754242755860156988e-02
8.068707411403055474e+00
1.272752275358346807e+01
7.791130400634911801e+00
1.117736442446466043e+02
3.337599619679809608e-06
2.426445911091333869e+02
2.954295775989166192e-06
4.699810097992602209e+01
2.458317460711100659e-15
5.396444389659939667e+00
2.204456674370539734e-191
2.072212017826677560e-03
8.426673948642207082e-05
3.386982561927562611e-04
5.829836288043218654e-15
2.788926105000821612e-05
5.882454313428627304e-04
1.121755700887558108e-13
1.441891566382629897e+01
5.343056951512784591e-01
2.483144941033830655e+00
1.438862714145945905e-94
7.931922106135772310e+00
2.236598721599223794e+00
1.215348160169699575e-22
3.025019586927692785e+02
1.782013137804354367e-31
5.346212362019924740e+02
5.859268782023066905e-18
4.271502573705264467e+02
4.901681784706401857e+01
2.599045256856834385e+02
2.804667722218389114e-01
1.342843539899191696e-01
7.375540208760745031e+01
7.673196750221244686e-03
3.358655339222802905e+00
1.287964221094251016e-02
1.215161759840531659e-02
6.603292355791194890e-01
2.217373058830421025e-04
0.000000000000000000e+00
1.522644838320616186e-04
8.153656266074225112e-01
2.541653274613594471e-01
1.488236815389700496e+03
2.120180323905398438e+02
1.620004880024037277e+02
1.614765134303736360e+01
2.900599189618440832e+01
1.142020824215571793e+02
2.260190271061716203e+02
2.921677240195034830e+00
5.159319229755745795e+01
1.421235019239911779e+01
7.085584591595079917e-01
5.754152872726943535e+00
4.165088268777010327e+00
8.023256871656271327e-01
6.290350843020068083e+00
5.148516122914185367e+00
1.520094740173143499e+00
2.857800579368292571e+00
7.675268451751651178e+00
2.820189087006768602e+01
9.166169226296384309e+00
4.823667516630634111e+01
1.007460205910701134e+01
7.451609379962948765e+01
9.908668243203786474e+00
2.130531767284856315e+01
1.611139024068505066e+01
1.417283903690177560e+01
1.299681459337128134e-04
8.623254857998351453e-01
5.479302607207967135e+00
9.583431471547767089e+00
7.365067865902313216e+00
1.424520982303685379e+01
4.486917848969642186e+00
3.216144831177168584e+01
1.745163209239305786e+02
9.355640634062116490e-02
2.068553872746130118e+00
1.430975836110871313e+01
2.251618012623140785e+01
2.334220356294122922e+01
2.451507005561285452e-02
4.573889506610483657e+00
9.233252617006630203e+01
0.000000000000000000e+00
0.000000000000000000e+00
1.444418912566792460e+04
5.178543453653006736e+02
1.991310639918789036e+02
8.111870190841232287e+00
7.839508864225039724e+04
9.598361840069264961e-01
9.340849516528435004e+01
8.720585595471229112e+01
6.360781967827691830e+01
4.177376133519837609e+00
1.774063472336835545e+01
2.097436456256362547e+01
4.638320101636361770e+00
2.251279094691902571e-01
2.754288905927941400e+00
1.114833051596682267e+01
9.979531073317060574e+00
5.262543669915469025e+01
1.484681155407210440e+01
1.014499711575746410e+01
7.881089930256367282e+00
1.506759362626330478e+01
1.696640144169519715e+01
3.016619815418054529e+01
9.238882293457453265e-01
1.840704405087151552e-01
8.286938812975634505e+00
1.600304326131429988e+01
2.840506835871072222e-01
2.109400598927059889e+00
4.021663095624630202e-01
2.204416079200417755e+01
1.145353779730421984e+01
4.827708085493885859e-01
1.230060996931421258e+01
9.005403709743670104e-02
4.412115425460370943e+00
5.638700709767491964e-02
9.900159904624894480e-01
9.719805379971932169e+00
9.488465293784962284e+00
2.221327184582035841e+01
9.506534811843859956e+00
2.772655035656318656e+00
1.414012973947603413e+01
3.706726303006792733e+01
5.593511012844251340e+00
5.663447978855336906e+00
6.272401834053269454e+00
5.736384635293453549e+00
7.541627396155882179e-01
3.631457432534433316e+00
2.489995700851437732e+00
3.863005638768259309e-01
5.654061876745833166e-08
8.943161488814292852e+02
1.466015552735757232e+01
9.015446033764323630e+00
4.178269510044497537e+01
2.312447775523143179e+00
2.115669800730631422e+01
6.680551068515568680e+00
1.005109413700482346e+00
1.013949794083830191e+01
5.627230282125754002e+01
3.232680993581870332e+00
1.356019393515126978e+02
9.223040862676796792e+00
4.284584747706511876e-01
5.123522809061371142e+00
3.243104577227840846e+00
9.139246946028005414e-02
3.184085390508669899e+00
1.425703881021213704e+01
2.070322847816162692e+01
1.910030953421094357e-01
2.976712035998280159e-01
4.201835972193410207e+00
2.682095857980826281e-01
0.000000000000000000e+00
7.803629243717233459e-51
4.259069641060974478e-169
4.326384851600464931e-01
9.138751806915527964e-03
3.569029968208824871e-02
5.859980957526226319e+01
7.778087285853341371e+01
1.032783204421972719e-07
1.427812360299608218e-44
1.016193334822097776e-109
5.006004273904558419e-03
1.120886363941197672e+01
3.976263874732169512e+01
6.236487794023067011e+01
1.845407010605044418e+00
2.596233214569718939e+01
7.076183114052470913e+00
1.446358044224478157e+01
4.165723420824244627e+00
2.010472479715008731e+01
9.398330504213648240e+00
7.352547996900520388e+01
1.049268804308891356e+00
2.972342411919700389e+00
8.223848197471262722e+01
1.563115756116453536e-01
3.774421424229279154e+01
2.040405539134430013e-01
5.049016347814721560e-145
1.453592015875293129e-03
6.017321934771956816e-05
2.273092353505476115e+00
2.489616005094294735e+02
1.081731949271506510e+00
5.257855018610157316e+01
2.840774500819345239e+00
3.063022213639026159e+00
2.799589799980551685e+00
1.779588156692415168e+01
5.960979411369180525e+00
3.041548083140719072e+01
3.052027316215863451e+01
1.581489897473280237e+01
9.546580898190374143e+00
3.377060834899101510e-97
2.933702246388040749e+02
8.426608695378519087e+00
1.590791172607146997e+01
4.732133371752707873e+00
4.583965402784045864e+02
1.120567280160410917e+02
9.987679159003968380e+03
2.105668599735433233e+01
2.389511595814813560e+01
4.215813540684227405e+02
5.132797890440398803e+00
0.000000000000000000e+00
3.475978911923626422e-31
5.833876798991931500e-96
1.615994795638879111e+01
2.253630183097856587e+01
6.161724714569022154e+00
1.174465887868715086e+01
3.003163411791303261e+01
4.388419933194600731e+01
2.463151782015431567e-128
1.541923906722574067e+00
9.857195777335219233e+00
1.856413470593486181e+01
9.385792465588490785e+00
5.242936515342552894e+00
2.704596716395068370e+02
1.955416278267731656e+01
1.782534568992622326e+02
3.434635074022279078e+00
1.373628315121869781e-01
3.142780704105014866e+00
1.687925385165065961e+01
2.418489581635854435e+01
1.474065677465484780e+00
2.045187283715141469e+00
1.411818756160130084e+00
2.246537583413561912e+00
1.881548650829800451e+01
2.075328003033358826e+01
6.803482926127042418e+00
1.260314512128218212e+01
1.139251292954026695e+01
2.749495002244245967e+01
1.487332667067112197e+02
7.818937435846426975e-01
1.767403347244185241e+01
3.903095991679254695e+01
4.566438238600763384e+02
1.021850926325512177e+02
4.625692576091457653e+01
4.526369767835705460e+01
5.275738597682055797e+01
2.548592333823921363e-01
2.887069203816750473e+02
1.377572720080366331e+01
6.883788359852260896e+00
6.086023207230695675e+00
1.422175178218119918e+01
1.951685393155194248e+01
1.403926210856216983e+01
8.490888498344109792e+01
1.788564868791504026e+01
7.578661427696419040e+00
6.671269500950043785e+00
2.203871302595840831e+01
2.096250272012872529e+01
4.157007060127863696e+01
2.843689198940758445e+01
9.413323495030425647e+01
2.683121067903749690e+02
1.135056399494681045e+02
1.078307913709206289e+01
3.191175292114689199e+00
1.279948105132572778e+01
8.365641638161811500e+01
0.000000000000000000e+00
5.205282165163755081e+01
6.862718340958898544e+00
1.733146975818825042e-01
3.100645623800339479e+01
2.831996788267671405e+01
2.223865061816258315e+00
7.484601695397373078e+01
1.403765316431374401e+02
1.866735642863155533e+02
7.010289155575337716e+00
6.493190897984134402e+00
1.013119688689682718e+01
2.933703280786835776e+01
3.977225571900074641e+00
8.526032847518992597e+00
7.223792261838762663e+00
1.347821049678873067e+02
5.655064396427152928e+01
2.129094396027399796e+02
5.366001851280558412e+02
1.969076984351681858e+01
2.445057286585115435e+04
3.754715183592945493e+01
6.632318247962453484e+01
2.120878797571822361e+01
1.105191594631828658e-02
3.747771127001949266e-115
9.001265312462573220e+00
1.849752682452917130e+00
6.460465744975553148e-01
8.718477648544758267e+02
5.059797370635145397e-02
1.018764134889952828e+02
6.823393526140928600e+01
7.915206407298828140e+01
4.274269636568954311e+00
9.646885183012947209e+02
2.242754320677769753e-01
2.464741210423837003e+02
6.573734163566482103e+00
2.695262289271651923e+01
3.865876234015114221e+01
6.503855464692182409e+01
1.213981301275847180e+01
1.030726413419248644e+01
4.785617130373518435e+00
1.214242728308046715e+01
1.619032286381192876e+02
5.351462364056046361e+00
1.308688917975123900e+01
1.580154035873662721e+01
1.733468207021427432e+01
1.413113981343114034e+01
2.044654179831346497e+01
2.828818959427372093e+01
3.229675521126085158e+01
9.660822185136622053e+00
4.590916163182769516e+00
9.196925603016518735e+00
7.185462239904651938e+00
4.073145292805401496e+00
8.681591570275443814e+00
9.435658649939446718e+01
2.550450141063561205e+01
7.193872771091878349e+01
1.025115718338167170e+02
1.000394407232994531e+01
1.084541933771834499e+00
1.397230402865469046e+01
5.360348522770644664e+00
7.629149544612197076e+00
1.163587943050454676e+01
5.660798487028460890e+00
1.888287025556489640e+00
7.609304680770534013e+00
1.106750393974950697e+01
2.293845102995394070e-02
4.051192842812838535e+01
1.340463961567560247e+01
6.220997085081349809e+01
3.802104252147624663e+01
3.566112000621897704e-01
2.430329695937366239e+02
3.150216410162552734e+02
1.001018146084586036e+01
6.641260197604184068e-01
3.644887304225444495e+02
1.386851226091899036e+02
2.443224826146507098e+02
4.126829873474870425e+01
4.349060830290100057e+02
9.336313521682425287e-02
0.000000000000000000e+00
6.421218648609412583e+01
2.642466614974336494e+02
3.859346243705436308e+01
3.441025920869810600e-02
1.520047273274494160e+02
1.461556685201730375e+02
5.903564643740312479e-02
6.484642619288591980e-01
1.203872725812269984e+01
1.808870564202376841e+02
3.554777822858700631e+01
1.239491905027833099e+02
6.816778224340721692e+01
1.108639251081816326e+02
6.616908327155601732e+00
2.905369001006222085e+00
3.118387043888455779e+00
4.115521710320614979e+00
3.902768192635642208e+01
3.320148900351893584e+00
4.031441437393423399e+01
2.557286308116800910e+02
1.244570367094148011e+01
1.408168553764109321e+00
1.992248961978352328e-01
5.628110867668107176e+01
1.791255135757118921e+01
6.484480715451579727e+02
3.596726450172474188e+02
8.539926499652743530e+01
3.226543850464883576e+02
2.968039398654163108e+01
4.706058058373440645e+01
6.393910753880290940e+02
1.626280562481249774e+02
1.775341603095043183e+03
5.653683895152446439e+02
6.985049643478774897e+02
2.860414154961173381e+02
1.221956167861464024e+02
2.437292376906722069e+01
2.249738270515194927e+02
3.692892541073561574e+01
3.603188090503624608e+03
2.248200806771524896e+01
2.343504411800057241e+01
2.605315776233545222e+01
2.129920099278977830e+01
1.348753769231444188e+01
9.478996608619638664e+00
1.550556035163251408e+03
1.105889996356395244e+01
1.035082752137187079e+01
2.224784013317674862e+02
4.407750340789340981e+01
8.372848528685686631e+01
5.188839805749889820e+02
4.805944641021598329e+01
4.780628572709545665e+01
6.159735547336875072e+01
2.614505754257066528e+01
2.338034853950547109e+00
1.198914727718692497e+01
1.523439688487961519e+01
4.798885865315713062e+01
6.341013338795657006e+01
1.087097532382971821e+01
3.567409844603819380e+01
9.135520907060418949e+01
2.385997330635578706e+01
2.624341267659544741e+01
3.964809347497910696e-02
1.300066607535281094e+01
5.039083008003454722e+01
1.676911428944954707e+01
3.107921494370566862e+01
1.916243160609165841e+01
8.680698673245207431e+01
3.030549665458107711e+01
1.256551592822856094e+02
4.220434681332428539e+01
3.704283620029325874e+01
3.012936099939790502e+00
1.142123134387387040e+01
1.372058561352000083e+01
1.401597829401477746e+01
9.364303581571775226e+01
2.048478578782625803e+01
1.048714515010680515e+02
7.341392904406724540e+00
5.228370853617501979e+01
1.383693425099971641e+01
2.343295212094972158e+01
1.959190450629215619e+01
1.999244152676455855e+01
1.290119032320169445e+01
2.320294881867289405e+01
3.737188496746819766e+01
2.982470984524224988e+01
1.264074622573623863e+01
1.241409197871701586e+01
2.502547081247656013e+00
3.645225468537415914e+00
1.785363047977496365e+01
2.834189247200033179e+00
1.608596640942741907e+00
1.023191137684187311e+02
2.265380679317425816e+01
1.531709755378485660e+01
5.976895606014182710e-02
1.271300838932472210e+01
5.469254920736940306e+00
1.286982656715050410e+01
9.603884318260002217e+00
9.744082631410933004e+00
3.521267292968623952e+00
8.370606320252303334e+00
1.178815117587389416e+01
7.588195727081443742e+00
3.185733533468281031e+00
8.245369527604406557e+00
1.106913300078621454e+01
7.595680617038213178e+00
8.938036404735930418e+00
3.467449054703926947e+00
8.360100678939289764e+00
1.196707466797557018e+00
3.829973407188221213e+00
1.064649031948221847e+01
2.877612876054939406e+01
5.780266796204000457e+01
1.067306574323452217e+01
3.938749758229243003e+00
7.091938421428245043e+00
7.221093164076119564e+00
5.169732855161198515e+00
9.064573811845916040e+00
2.260477092036837998e+00
1.538029258740064797e+01
8.402296046188331147e+00
1.795092012224970901e+01
7.572657414471143156e+00
9.203209939841716647e+00
1.274215706747294341e+01
3.330466470702039601e+02
5.387996992706575838e+01
4.967842598512923757e+00
8.167128480460165818e+00
1.406830433542777747e+01
1.601671931934729969e+02
9.037430796538365030e+01
2.996129268590004244e+02
5.624782552958048853e+00
2.444979987352524020e+01
5.721069054585950653e+01
6.519334993681998185e+02
0.000000000000000000e+00
4.862849318588282586e+02
1.341408503872403202e+01
5.699219669910338126e+00
9.492208283161780003e+00
1.236099107435141953e+01
2.026295406787523348e+02
3.994381579188060805e+00
3.271611327525887702e+01
2.048338352744773374e+02
1.067557827859058079e+02
1.378012897607866627e+01
1.316150804147378039e+02
1.719949112730119509e+02
2.737589928462589271e-03
1.871357978435667491e+01
1.095246841443189965e+02
1.594181996768399578e+01
2.282372394743583470e+02
1.350617025991522979e+01
3.735056656061154712e+01
1.551331414791939167e+01
3.913900700970869480e+02
5.330538055893044458e+01
1.264256814716244577e+02
1.716565712446370640e+02
1.528379261659841859e+02
1.187230366549410405e+02
4.951049198256156956e+02
7.786921302554407021e+01
1.402838599480812150e+02
8.488576133339724095e+01
8.621153715873064982e+01
2.339004640345343944e+01
2.361092536098946084e+02
5.366550904580160477e+02
7.437419896483660864e+01
5.532950953364052538e+01
6.966002068651180323e+00
1.063141539212819708e+01
3.841927964698049536e+00
9.005891498609441825e+00
6.146995287168901534e+00
4.122491622941692135e+00
5.458925067123565178e+00
4.793169454304687882e+00
7.338342726542731675e+00
5.576297179003667281e+00
8.889796814720924090e+00
3.553368669129793211e+00
5.553511687886539150e+00
9.582286244908907236e+00
8.477734821347873151e+00
1.789462511914232445e+00
1.377658039621290165e+01
8.991290606461289414e+00
1.685748301298908913e+01
5.709209678212352479e+00
1.679716893293125324e+01
3.089063957028733487e+00
1.062775559159382510e+01
8.704618041038512999e+00
8.024741487327601064e+00
9.642136773550634032e+00
1.985084483827773028e+01
1.010430328645022158e+01
1.579647833188545114e+01
2.685546632228611585e+01
9.192551102851508560e+00
9.523712488338533788e+00
1.476871496341323464e+01
9.829064343651530145e-01
8.949230810912743195e+00
1.423524683853924166e+01
1.283590400731596759e+01
1.743123287813257249e+01
2.523063619689454740e+01
1.704957420444782201e+01
2.185962112537579216e+01
1.372062505028088886e+01
7.765429634858601382e+00
2.700800769791160150e+01
6.147932000479683978e+01
2.172876169892238707e+01
4.407007013237956156e-02
3.756101936375236150e+00
1.392566981923596003e+01
1.455504580549875726e+01
6.856904587414518470e-01
2.956711331289563915e+01
2.122969084534701523e+01
6.518824304054668062e+00
9.526778848885782136e-02
2.412610172214758597e-01
4.267708977290856076e+00
1.499765825389984997e+01
9.529538654320111490e+00
7.774707037270765397e+01
1.692949161073722451e+02
6.240191721604152519e+01
3.454180094076971130e+01
4.115047019654630844e+01
4.741190885157534041e+01
1.813835723749190976e+01
4.907428909126043237e+01
1.098457453616107671e+01
2.339800764027023661e+01
3.081807148507957663e+02
1.131330714478678168e+01
4.587577513909327820e+01
2.325522919426608581e+01
1.055115579615242716e+01
4.938782226386579310e+01
5.355668149421799029e+01
3.407825524701100761e+01
8.639439801353837822e+01
2.507935740830101423e+01
2.086894813237253743e+01
1.715167033506394745e+01
6.698058104446214855e+00
1.630883424424754935e+01
8.319704428514791417e+00
6.011768987195343908e-207
8.338621298813627902e+00
2.146156205084648434e+02
2.188012555356486999e+01
2.079999023733652141e-01
1.574991557457398699e+02
6.545996250162086083e-01
3.182729673579846619e+01
2.227425342224989002e+00
7.547337440519415352e+00
2.002618163054528555e+00
5.578482403444508186e+00
6.881532424778012000e+02
5.452283299665318772e+00
7.020524740325955463e+03
6.486070289953388412e-01
6.261122287983964974e+00
7.792804267834242182e+01
1.398410963855257449e+01
4.053665346019749194e+01
2.261135358992616140e-01
3.047040596122305800e+01
9.240588790791814944e+00
6.522768230119117827e-02
2.130363701586293956e+01
1.083253791614120942e+01
0.000000000000000000e+00
0.000000000000000000e+00
2.186780526788446721e+01
1.648096116835870362e+01
4.771867405655508265e-03
2.757322265511176340e+01
2.016966938257774444e+01
6.603169997497329291e+01
5.784975537831420667e+01
8.743390877069316502e+01
6.614516639273443843e+01
9.363896088073040858e+00
3.104536291515983848e+01
0.000000000000000000e+00
3.517824606834017231e+01
2.003652730284058521e+02
1.917809450244758196e+01
7.921289557985136298e+01
2.036107315478123245e-07
6.402107853285644550e-53
6.938921033940810901e+01
1.484885268360554988e+01
3.921757835595434472e+01
2.939508582458808306e+01
0.000000000000000000e+00
5.887953468359867493e-02
3.637062328046971155e-102
5.437064213421347956e-23
1.728982727621442281e-319
1.582451725013505772e+01
2.441615873602702521e-31
0.000000000000000000e+00
1.228080495498266804e-61
1.157135927370640982e-150
0.000000000000000000e+00
0.000000000000000000e+00
6.501824352702309208e-23
3.623806929983311997e-01
1.715997997171925382e-26
0.000000000000000000e+00
2.592767726597569933e+01
0.000000000000000000e+00
0.000000000000000000e+00
1.015066464733345068e-132
2.591189805251577738e+01
3.088436847919610706e+00
7.523014612890685271e+01
2.402678413984128625e+01
8.518586588684614469e+01
5.855368709321537302e-02
3.476622645002463230e+01
2.553338774042961390e+01
8.960181277884093731e+01
8.479867623547221456e-01
1.213644888092373009e+01
9.719126035083905890e+01
1.026776722444381029e+01
7.076669920507535494e+01
9.382733204765652602e+01
6.109059965203923781e+01
5.478851525000816706e-32
5.195323970414619907e+02
3.067403657871574978e+03
2.997591914518856129e+02
2.733548346346520548e-35
6.374515403833512679e-266
0.000000000000000000e+00
0.000000000000000000e+00
0.000000000000000000e+00
1.944669668810602916e-08
2.920621437670787804e-33
3.200725529345770577e-07
0.000000000000000000e+00
1.350336971764336128e-194
0.000000000000000000e+00
6.331283076732434902e-09
1.384486662086145348e+00
0.000000000000000000e+00
1.166067860696881641e-14
1.300764869601774869e-32
3.141983289931636765e-23
4.844466783331295687e+02
5.757597870634412374e+01
0.000000000000000000e+00
0.000000000000000000e+00
5.619013090652924304e-170
1.685328444227923227e-27
3.331026895525766918e+02
0.000000000000000000e+00
0.000000000000000000e+00
8.705298603771250716e-252
0.000000000000000000e+00
0.000000000000000000e+00
1.190904411138488918e-75
7.234686556237743105e+01
7.889699778992296331e+01
2.777756473934586134e-01
5.140062443320948526e-01
1.998231097785275878e+01
3.308191822942047745e-30
5.704128012686388871e+01
1.147130628012929643e+00
5.509524956461323342e+01
2.812541948667845570e+00
5.783383347274090474e-195
7.406277721641752123e+02
1.259398714770825833e+01
4.043111026115499271e+02
9.063552521037324894e+00
4.181195498038962910e+01
7.408537404576361673e+00
9.201236952843719731e-04
2.586329734311213827e-27
2.432322721551926916e-27
4.120045050400956144e-01
8.826767977102191187e-01
5.759934244649998618e+03
3.959108991630652444e-121
3.820977480146522609e+00
4.288914433273104692e+02
0.000000000000000000e+00
2.620709578302121301e+01
2.542412821501713327e-02
2.627252800552080316e+02
1.270645010037330208e-305
1.711411227494192744e+01
1.780029100662291697e+01
1.650532665235923346e+01
1.506918038358450751e+01
2.121393476546967083e+00
1.749904214749280484e+01
6.020582908155706292e+01
6.669979064871684216e+01
3.122986849556274436e+01
4.413074032086936981e-33
5.348271568971014744e+00
2.203371292587571588e+02
2.285787373070857953e+01
6.788602176200678961e+00
6.487556857096125285e+00
2.977571669916739161e+00
7.218895062208265045e+00
1.080047544595377929e+01
1.959912508132434672e+00
6.944325053834689676e+00
3.318273513320279644e+00
1.710039432565435646e+01
2.659852565769180592e-09
4.168336506556344467e+00
2.899083936936066586e+00
2.645392636977972955e+01
1.066167637835249479e+03
3.283633430908781037e+01
1.262891802400047325e+01
2.350026034064718772e+00
1.670779722178727056e+01
5.803140253733269027e+00
4.656735447743814760e+00
8.680966752812604170e+01
2.303105945118893771e+01
2.804414190905152537e+01
1.794885690771138131e+00
7.266231000507385185e-02
3.442542605524330668e+01
1.107575202279349291e+01
7.349781610349539918e+00
2.407605163347586785e+00
3.464834149824304177e+01
1.470680783711944217e+00
1.697114248911084367e-02
3.457245212890557013e+03
7.494167995855085529e-01
8.539223959867349834e+00
3.102882812769654386e+00
9.571072818058311782e+00
4.847242790034994364e+00
7.994767568898530463e+00
4.649745079764161688e-03
1.100553432353569860e+02
4.914770007014212183e+00
1.937282804700549421e-01
6.306609625746861347e+00
4.097587785066770572e+00
8.028564064449278392e-01
2.032016608571290561e+01
5.134827588229724959e+00
2.083882190531749501e-01
1.042742026763174579e+01
7.619345159920117849e-01
1.063348231296873436e+01
3.249720867667979629e+00
1.835748312771135460e+01
2.977263168900465384e+00
1.475407848694466750e+01
3.983195634720336553e+00
2.712632498897045719e-01
1.967024247925050595e+00
1.252279562707441940e+01
7.652090887481511672e+00
4.812148214681469582e+00
5.499038018021074753e-02
5.005786182882911994e+00
3.846986813288177842e+01
3.521849730165114067e+01
7.876420562778161383e+00
1.514474272454773951e+00
3.877214827662716079e+00
1.265460594231320712e+01
4.252422255519910266e+01
7.740959768746671443e+01
1.068742901084710262e+01
2.259101253173943391e+01
1.292221706319072894e+01
1.124809603951611849e-11
7.001203237274818036e+01
2.331725254738123709e+01
1.278031419186472988e+02
7.340091200239967861e+01
2.072972223400075364e+00
3.443294886696295265e+01
8.952304245206690325e+00
2.490690935725583977e+00
1.386650268134207664e+01
4.114802124927134375e-01
2.798583512679240215e+01
2.644448885498773993e+00
1.586886150711114851e+01
2.073216498818915099e+01
1.880059475900199857e+02
1.538701431787621754e+00
3.668054184744503488e+01
1.123542500585262260e+01
9.063408185988555132e+00
4.853132792773845239e+00
1.791351105726023718e+01
4.014679293714586983e-01
1.375430468544023288e+00
6.824157527870941209e+00
1.065774491581401584e+00
2.697487284139297170e+00
1.647966725414338899e-03
1.714655867853287496e+00
2.286624702035888745e+01
7.396202084371132912e+00
3.703675399719322803e-01
4.010304578085330007e+01
1.539163343317176302e+00
8.348026808124334508e+00
2.570957160462046878e-04
3.009612057978984456e+00
4.804241702747097165e+00
1.091565692916216790e+02
7.363891750878295284e+00
1.432694604690250451e+00
1.199548490412215118e+00
5.360630572970386254e+00
2.113743628267147869e+02
2.982187750376002811e+00
9.346175769670019839e-01
1.993615738381579305e+01
1.691933060114230614e+01
1.764445425002864054e-01
8.753861527673487686e+00
1.694874742073640139e-01
8.332986169982982361e+00
3.626447492005808471e+01
2.562202112222475137e+01
3.691944478944986940e+01
1.751940931624063058e+00
4.062016267257448021e+00
2.080725310417598450e+01
1.980072386321713451e-01
2.219584232263136503e+00
1.102551636932943921e+02
5.268388295402229460e+02
5.575272490863426356e+02
1.863621158821514427e+02
2.338377489898107342e+02
1.309723651358921381e-01
2.516864305741825802e+01
2.281958853012754318e+01
3.606016940319838682e+01
2.915409260172707562e+01
9.137611024122977987e-01
1.791122589548303878e+01
1.114014965891602316e+01
9.374241366211860438e+00
1.947157400081262812e+00
3.373032000350742265e+01
3.924060081759552343e+00
5.290872588794978348e+00
4.331725674948549099e+00
1.517734325963301760e-02
6.201355298609858124e+01
2.067043363098414375e+02
6.705985080347938443e-02
1.813482773382529481e-05
6.453382433217598510e-54
9.195370392535552639e+01
3.324801399055254336e+01
3.779816963722007372e+00
9.937843847307785694e+00
7.342451107880875405e+00
9.706210358223479773e+00
8.996051088918182614e+00
1.392512529956928313e+00
9.826495087074455625e+00
2.564936375886420805e+01
2.924334269673292397e+02
2.438028404581443809e+01
1.077822282235358031e+01
2.798846957643678834e+01
2.629349846270466173e+01
3.302729609676126898e+01
1.787516038575536426e+00
1.658296224487220627e+01
3.441124862227187009e+01
8.529195033430930550e+00
1.704760320416457375e+02
4.256857916961286747e+01
8.783215494623663891e-04
3.136786385854048120e+01
1.655739118996362242e-11
1.290744451061442000e+01
1.831401085864859368e+01
6.364031436178624546e+00
1.197962253475957972e+01
1.853037794612977507e+01
3.146037877371235254e+02
2.301042795985367206e+00
3.640953881856620455e+01
8.319302218082180289e+00
3.774906866830523455e+01
1.136042873484429805e+01
1.392769189889227199e+01
1.877129150952081815e+01
6.654004330611794416e+00
6.034388234297883406e-98
6.211745201360604263e+00
1.182509931699769190e+01
1.397476443310841532e+01
1.211666238548789742e+01
5.724952482200902182e+01
1.104331450191761821e+00
1.081742731742578734e+01
8.640451195782334892e+00
9.410390978067765033e+00
9.332961455867106793e+00
1.070052085523421671e-04
2.945295173273743572e+00
3.444477599620340502e+00
1.706230649795883181e-01
5.475812638218143791e-01
3.836060520654941541e+01
1.212080202761722525e+01
1.031890756887582405e+01
4.343602649222727909e-13
1.837500831825138459e-01
4.704408246241604144e-06
8.611411399979246697e-23
9.478873216036552307e+00
0.000000000000000000e+00
5.485071830320859945e-150
0.000000000000000000e+00
7.225530645727440415e+00
3.286267146900728164e+01
8.478117661984953202e+01
6.155675431440207568e+00
8.778807316990798526e+00
4.679608556159287502e+00
9.675627713310131384e+00
4.273243412312130118e+00
1.156957897809321878e+01
1.152926244318482318e+01
1.504378833500624424e+01
1.448191374305447532e+01
1.079615489136623907e+01
5.598034515036976444e+01
1.457462588771832124e+01
9.437514019765711026e+00
9.423558773159511404e+00
4.721832902494700335e+00
6.648376852564609862e+00
7.863386140082988085e+00
1.007491151863439072e+01
1.097879430051336236e+01
4.791553726285727954e+00
1.343553733487874879e+01
1.035135103476897100e+01
8.532775969544541539e+00
7.874790911006980032e+00
1.100158316044857898e+01
1.079999794007775371e+01
3.144766053816733020e+00
6.901155552409822036e+00
8.381352477053386707e+00
7.702895558986616820e+00
1.090187028078215548e+01
1.093041150563157160e+01
7.445716525248948336e+00
9.096892885609443979e+00
1.062554170975753998e+01
8.672475066541755595e+00
1.173944461879317736e+01
1.255614405638446485e+01
1.099768946454492274e-01
1.404049829731224941e+00
7.593346127441886040e+01
1.135053532502017362e+02
6.551522437177750291e-01
0.000000000000000000e+00
0.000000000000000000e+00
0.000000000000000000e+00
3.823994565351148012e+00
2.014428823722229822e+01
5.145638793564094593e-01
4.981368508731113920e+00
3.035217675870842235e+00
2.767239466128098613e+01
2.422529128133961507e+01
2.173854812105443202e+01
2.576170767451549382e-01
1.729411477659802188e+01
1.933383626175280368e+00
3.540540356733596639e+01
9.397245183098435817e+00
2.000047508631527349e-102
0.000000000000000000e+00
1.098271295203112174e+01
6.933611195831889340e+00
5.051215079555816168e+00
4.004407927126843347e+00
6.026890212434044258e+01
3.960069512834205052e-02
5.786180029126070101e-02
4.914431360378827662e+01
1.578803478912236642e+02
4.535683918529724679e+01
1.740335296609143256e+01
6.244649475186519538e+01
3.565247905460053346e+01
2.752347522371731969e+01
2.105838232805239940e+01
1.198571822601099512e+01
8.596033162230295233e+00
1.163627784905033025e+01
1.002495730306354416e+00
4.559442506999602596e-04
5.727855201647694017e+00
1.125733254894646938e-04
3.604241735424346160e+01
9.810331423879159018e+00
2.762600736055733819e+02
1.246865506120701923e+02
3.774769870205087585e+00
1.764287063853289534e-190
6.052953076931163794e-10
1.007045968119386714e+02
5.198279207929270029e+01
2.380669844872550200e+01
2.715635114867713806e+00
1.384225672342071434e+01
7.932475671643427262e+00
1.301831061051531435e+01
6.982682787748311526e+00
5.313521366549887048e+00
2.036101323071476799e+01
2.181885959690546883e+00
6.524633886469593413e+00
2.108065613855989895e+01
8.566798171787789684e+00
1.677940967070169265e+01
8.466368845501868634e+00
8.109776563829482754e+00
7.619079303244461476e-01
7.660563404925455622e+00
5.277978182946580610e+00
1.638853912420140091e+01
4.124474670666531040e+01
1.332055148054378613e+01
8.803447868114952612e+00
6.600077953712640166e+00
8.098365957307466090e+01
8.263870760110314961e+00
2.195586896915428454e+01
1.107425516348837533e+02
2.637321153030185883e+02
1.617349798216020984e+00
6.670878255503967402e+00
2.795723165647990283e-01
2.209751572861149427e+01
7.828994689761435666e+01
4.868183492100044418e+01
1.796056624198416785e+01
3.048466776415541801e+01
5.835807198203858803e+01
4.807337218586696537e+01
5.767954425191708090e+00
1.730606463983907162e+01
3.732483145583638162e+01
2.286425974655475812e+01
7.752122566381321356e+00
1.399803516030621964e+01
8.205098488314003902e+00
6.123600078334007435e+00
1.869924852694263961e+01
1.572010050819542037e+01
4.703320286941963957e+01
1.910342023713734818e+02
2.019002738682052767e-01
1.554914449947081279e-01
1.211197203860485239e+01
4.401614238435775661e+01
3.195233474367552252e-05
1.806463633909480004e-01
3.612818539452489208e-01
2.373915102010976952e+01
3.867724373094312540e+01
1.031004880030619972e+02
5.804368694765529426e+02
9.042634319138031174e+00
1.136831710066240362e+02
0.000000000000000000e+00
5.041114915583764855e+01
1.269049205786360567e-04
2.779452113069684316e+01
2.043471721497199951e+02
9.186656848729811031e+00
1.529124310340765014e+01
4.214986339339897654e+02
1.225437223880832782e+01
1.432846280925596850e-34
2.189499080324699207e+02
3.869008953004492923e+03
2.803523580578352603e-01
2.161162007291831699e+01
2.833634496840209138e+01
2.086044890207089164e+00
6.394851580932499921e-08
2.785122511546492263e-01
6.571490141902707194e+00
1.315313881766447253e+02
3.739057712894661449e+02
3.224418646988517025e+02
2.194085550023374162e+04
6.667810550718776312e+02
1.373249988210376955e+02
9.887510641834688840e+01
4.795837153823418362e+02
2.229705035133790079e+04
6.629601820288614363e+03
1.556514303306493275e+03
1.164517259577833556e+03
4.759146329210227123e+03
1.078605098192399737e+03
8.059472430940541926e+03
8.531352078515823223e+01
1.679754522837670550e+02
1.126000671483898117e+02
4.388299664671617393e+03
4.900201239518036544e+01
7.338394208504455118e-01
8.151692088320527319e+01
1.181096315450104406e+00
2.745488111952311738e+04
4.096697996287282769e-141
2.528941553534382081e+02
4.364641114531761295e-04
1.030480077849013664e-85
4.916707080377082661e+01
3.783401543398899085e-119
1.288567679509058728e+01
8.971006104831872108e+01
1.251221782496044987e+01
7.271820535639442085e+01
9.791529943404542280e+01
1.455139692257490402e+01
4.710112352616699383e+01
2.436894378131959192e-126
2.462540923524949790e+02
7.465893298422537639e-98
2.619078319098562702e+00
1.478329081473956741e+01
7.477998363651271347e+02
4.222305729346609269e+02
3.445295284593024832e+01
4.192310397851496191e+02
1.105300889824579746e-01
4.023483022085623018e-88
5.826219768672098326e+03
4.351724236961230377e-152
0.000000000000000000e+00
3.918315746718756770e-232
1.014847079292280352e-01
1.702649284964920403e-55
0.000000000000000000e+00
0.000000000000000000e+00
9.642379768864519458e-159
4.624853494056913457e-192
2.549148938663474679e-08
7.580539062208242309e-155
5.132070794070388248e-31
0.000000000000000000e+00
1.488746081356794038e-01
4.425293588104892478e+03
0.000000000000000000e+00
0.000000000000000000e+00
0.000000000000000000e+00
2.308782288681962651e-59
0.000000000000000000e+00
0.000000000000000000e+00
0.000000000000000000e+00
0.000000000000000000e+00
2.502870493299039724e-41
0.000000000000000000e+00
0.000000000000000000e+00
0.000000000000000000e+00
4.016126260244458507e-19
1.083158680536747756e-83
2.872209676191578582e-15
0.000000000000000000e+00
0.000000000000000000e+00
0.000000000000000000e+00
2.513957492826112315e-45
0.000000000000000000e+00
0.000000000000000000e+00
9.139748538992590437e-236
0.000000000000000000e+00
0.000000000000000000e+00
0.000000000000000000e+00
0.000000000000000000e+00
0.000000000000000000e+00
0.000000000000000000e+00
0.000000000000000000e+00
0.000000000000000000e+00
0.000000000000000000e+00
4.585991378485130423e-200
3.040412051477660693e+00
0.000000000000000000e+00
0.000000000000000000e+00
0.000000000000000000e+00
3.054208153321268450e-24
8.106639655216482110e-01
9.817880389052244539e+01
5.215179037773417549e-03
1.324487896952887559e-65
0.000000000000000000e+00
1.918209412823300365e-171
1.590919754875357087e-189
1.887327861028073924e-06
5.160647569496735357e-105
0.000000000000000000e+00
0.000000000000000000e+00
0.000000000000000000e+00
0.000000000000000000e+00
1.003800515947994313e+03
4.659963921428715491e-228
0.000000000000000000e+00
1.878665590972351669e-36
0.000000000000000000e+00
0.000000000000000000e+00
4.883904060152853393e-25
5.663484093437190836e+00
0.000000000000000000e+00
2.217399803342630946e+02
8.674902088158618278e-19
8.864927229747307535e+01
4.137042742935000916e+01
5.183628495258561841e+00
6.226926705604718393e+00
9.318964690968953857e-01
4.011349121092220749e+00
1.689601216473659295e-01
4.270767732206576239e-01
2.356966811148218355e+01
2.173391895282572150e+00
1.216820614537962115e-89
5.021306094077666858e-60
0.000000000000000000e+00
7.758517110475075640e+01
1.746781703462941238e+01
1.259728092674130195e+01
2.844611789934522461e-01
3.439172516987341943e+00
1.935138692211302569e+01
7.906158993461758655e+01
1.013841643135431525e+02
2.531852308383599315e+00
4.985849572957862392e+02
2.959843406080886297e+01
2.713838454142167578e+01
3.085390739321332374e-04
1.766878494560262425e+01
8.992810788737631844e-01
1.341265685946014585e+00
5.699900840777488727e-164
0.000000000000000000e+00
0.000000000000000000e+00
0.000000000000000000e+00
0.000000000000000000e+00
0.000000000000000000e+00
0.000000000000000000e+00
2.034504538163210441e+01
0.000000000000000000e+00
2.338413942206160279e+00
0.000000000000000000e+00
0.000000000000000000e+00
0.000000000000000000e+00
0.000000000000000000e+00
0.000000000000000000e+00
0.000000000000000000e+00
1.719185040583130686e+01
8.863614118195565439e+00
5.540063904637577252e+00
1.537499998228436127e+01
1.194666720977790142e+01
8.011184870184690610e+00
4.575156717034683851e+00
1.128124773339214126e+00
1.128252652361453734e+01
2.953679233997802189e+00
6.227594741422169733e+00
1.689772054288923575e-01
3.976960521220073153e-01
2.552288116391266293e+00
5.804951671341802566e+00
2.577462985975819620e+01
9.931521607004889063e+00
4.325673699376124226e+00
1.734120609774199018e-01
3.169244904987998268e+01
9.623215362590336497e+00
8.219199672876161600e+00
4.370622742652780168e+00
1.941694732669134282e+00
2.756356805036882740e+00
1.247342248653029806e+01
5.500475621702201057e-01
1.744949915440235255e+00
7.181913844608051711e+00
6.880451817314804153e+00
1.223163281693754634e+01
1.088152172766202952e+01
8.307651459838244490e-01
3.581086605801765188e+01
1.414664187201263523e+01
4.386284361059276193e+01
1.555146002618149059e-02
3.173830913450262914e-01
1.104165718634348394e+02
3.219248793657306429e+00
1.090070909902917995e+00
3.273975957817502547e+01
3.178305224026972198e+01
4.518295600641448750e+00
2.030792024353216334e+02
9.211166910200137892e+00
3.603799739152137960e+01
1.417979193795546955e+01
1.785447894420258663e+01
3.697608349715847176e+00
7.545395943684860107e+00
1.629537463365738903e+00
1.572485581143789979e+01
8.418193172492266285e+00
3.610556367591979665e+01
1.477165383830045471e+02
9.871718400343185351e+01
6.220232311801576941e+01
3.052294290339798621e+01
3.038997579496311019e+01
8.409338503940779219e+01
1.528116995056429772e+01
2.202612088220175224e+01
1.865002986787106209e+01
3.922527854310418949e+00
1.350640831026188771e+01
3.673012836495720279e+01
2.168382346085006418e+01
1.524351328138434702e+01
9.365899864146135201e+01
1.350686862464967313e-03
4.175093908385383301e+00
5.472016125107036721e+00
2.110811091280134222e-01
2.356173417016897531e+01
9.809186278426816230e+00
2.047593294132838082e+00
1.506593615537523245e+00
4.360631006936534493e-01
7.169333981046536186e-01
3.836869580262453755e-02
5.729906985982121626e+01
0.000000000000000000e+00
1.834161152244572840e-104
0.000000000000000000e+00
0.000000000000000000e+00
0.000000000000000000e+00
0.000000000000000000e+00
0.000000000000000000e+00
3.455039799831994429e+01
0.000000000000000000e+00
0.000000000000000000e+00
0.000000000000000000e+00
0.000000000000000000e+00
1.465206163582833852e-26
3.107671252100235013e-09
1.011912078609036714e-33
9.818888690531772504e-165
1.189630749346970884e+00
3.352109317792351441e-163
9.809837928458246792e-09
4.585229234518334280e-08
0.000000000000000000e+00
2.033141428598391798e+01
3.242342837598636081e-24
1.914260944114246828e-198
1.097937067262899793e-13
2.698054050844509806e-53
3.608281833855784981e+01
2.126655507578912108e+01
3.463075680866862172e+02
5.867290662616438794e+02
6.804020259821039929e+01
2.253652272032457518e+02
2.495346369065086023e+01
1.524103486773296379e-01
5.010599213429638432e+00
0.000000000000000000e+00
5.439166205519990104e-263
8.992836614676114837e-35
2.087294304961132274e-26
1.549211522895627968e-01
0.000000000000000000e+00
0.000000000000000000e+00
1.141667221141070421e+01
2.539678185853823100e-01
2.048312978838416427e+02
1.102716501378230163e+02
2.553257165544705387e+00
3.812985005524103599e+01
1.236721331635415311e+01
1.059906150088064258e+01
3.182211081731864866e+01
6.937961176690158993e+01
1.810846387230757901e-21
3.546547789221700100e+02
1.258633756411805393e+02
1.029147209654441042e+02
4.059805235474412655e+01
4.851810957780459788e+00
9.256509836501316535e-01
1.280828428821824405e-01
6.762652426899832925e+00
7.829532878854835509e+00
2.391135903927757322e+00
3.692946151126022158e+01
4.968610324755823093e+00
3.507336213263701818e+00
9.161925917102348160e-01
1.011398751653077568e+02
1.745598732262130248e+00
3.521396348947982347e+01
4.724700371317316794e+00
2.145067038649028746e+01
2.298032917722852986e+01
1.822019937946994794e+00
1.590658738359908009e+00
2.241153777456310650e+02
1.999193535618981741e+03
1.054755204344430240e+04
8.800232270550082184e-04
9.094564319250251856e+02
1.933581096014542481e+03
1.141733301772307503e-87
1.501458895106544400e-01
1.006044510123513618e+02
5.827123423186719009e+01
5.674259707975712885e-01
1.860329230384685938e-17
5.545158857578109668e+00
1.316290274741086230e-01
2.193139391311667574e-01
4.511430550925090266e+00
9.292862358057762151e+01
1.287630278949150124e+02
2.262088256806857941e-09
9.000218504680154163e-01
8.124225339179167449e+00
4.762775716351554500e+00
1.181698674076054863e-04
1.630844405598935454e-01
1.542759715141638175e-04
2.121344706906651936e+03
1.916547935476250757e+02
7.308823505258359705e-06
2.067687463619120081e+02
2.836610094927321827e-38
6.656325665702451054e-05
1.237240061417239531e+03
1.474470763605134849e+01
4.286615929635497757e-01
0.000000000000000000e+00
0.000000000000000000e+00
7.001821855021991281e-01
1.299644627395611451e+03
2.181633960994914645e+01
2.451984293277185145e+00
3.132974300137646750e+01
2.496566085531423340e+01
7.768628426329425447e-10
0.000000000000000000e+00
7.751673609143472365e-01
1.960652693036551852e+01
3.377295061222953532e-01
1.501680441869555338e+01
6.277792045818095801e+00
1.107381669134690355e-01
1.137488875571872882e+01
8.694656995781123499e+01
1.047301909008215154e-01
5.764821279419886757e+00
2.650714981604834763e-01
1.883920738936916450e+01
1.778341155286354791e+01
2.784972290300263609e+00
3.897400587340439415e+01
6.903690554239994981e+01
6.874352712045546099e+00
9.000750879655686987e+00
6.694384230234713407e-01
1.408015103156118109e+01
2.204872738799065957e+01
1.251512080140156469e+00
4.238570240375290343e-02
8.275067246120715936e+01
2.683391033471806963e+01
2.116747634483343532e+01
3.613406535254315344e+01
2.146009208284404579e+01
6.008895893425951762e-01
3.158129909312790915e+03
3.466280984567805490e+02
3.668558876197505469e+01
4.353993491263957738e-02
2.699689148857803644e+01
6.183642627836567485e+00
2.408805065167266690e+01
5.107212080223177963e+00
2.356043009745851435e+01
4.846347549835323676e+00
1.056240175315695078e-02
3.598042641575164513e+00
1.062944103538294716e+00
2.042449168511415181e+01
2.694971396047479573e+01
5.546736517322677251e+00
4.183717622633879252e+00
4.266493104512095513e+00
1.289007330918047600e+01
1.186278036225356658e+00
2.524328235496875195e+01
9.440180578537587408e+00
1.851168994286930047e+00
6.737799108584073826e-01
1.693268161875556643e+02
4.615723910050198806e-10
1.646014176809300876e-11
4.560332536559916861e+01
7.187718644249459885e+02
7.835469125710450596e-51
3.124015880185900716e-23
2.071882498172990950e+01
3.088792315418372535e-161
1.691868933255298632e-169
2.790676838276146675e-150
0.000000000000000000e+00
2.082321968347856895e-216
0.000000000000000000e+00
2.351022758486948517e-04
1.978570933491356663e-29
1.633458115485035478e+02
2.042589246180349710e-30
2.304249938421427668e+00
6.646568254069023851e+01
9.369044655658621323e+00
3.937446883557036855e-22
8.219921056478902699e+01
4.444004386840468612e+01
8.114027848577997020e+02
4.345448144269845159e+01
1.118843237856949395e-37
5.650063822086187315e+01
1.960207443134366068e-01
1.108306966195399036e+04
1.547394227620543177e+02
7.182911142565062335e+01
8.868070149486337428e+00
2.923186833240001836e-01
1.663904723263578489e-03
8.002505222990524913e+00
2.090269073546242140e+00
5.085084622923266018e-01
6.747484151237762795e+00
6.600536095608433129e+01
1.518246287520452853e+01
3.150210214575652401e+01
1.347009397854368373e+01
1.452972250670036436e+00
1.822003687686407147e+01
3.305425504684244090e-66
3.974019166715887952e+00
1.106009274315060686e+01
5.070955739885427249e+00
2.068617377168823523e+01
4.764287378824993979e+00
1.424567815983820296e+01
7.054833444126363595e+00
1.145291392437898207e-08
1.874522880176620632e+01
2.904340668290017788e+02
3.319907331097722647e+01
2.279836295286675529e+00
4.379987506816512877e+01
7.781461485732461547e+00
6.134647370178115955e-02
4.095681377150749825e+01
4.876250214348821288e+01
1.716992492219557732e-03
2.518627829934847639e+01
1.029866469498839763e+02
0.000000000000000000e+00
3.165727768317172490e+02
6.363805520953669692e+00
1.565988632721361284e+02
1.285978314299127767e+01
1.196014407101738470e+02
0.000000000000000000e+00
3.243739389006486577e-144
4.859971234561421483e+01
7.132154492222581155e+01
5.044055890832419209e+03
0.000000000000000000e+00
3.577303796933654212e+01
1.040924027868465629e+02
1.024501105950960209e+02
6.483808482902023229e+01
4.890611496462575758e+00
0.000000000000000000e+00
9.127067395404331479e-49
1.702099978881458263e-20
6.148505975098223786e+01
4.640058357895370911e+00
5.851303150624426053e+01
3.733475330539577186e+01
4.924500152603705772e+01
0.000000000000000000e+00
0.000000000000000000e+00
0.000000000000000000e+00
1.156306044629279484e+02
2.325686066611102376e+01
2.559061477914534786e-13
7.458635761435867817e-01
1.829874070577531953e+01
1.326307966184655379e-04
7.079600807510044724e+00
1.307283534819636290e-03
0.000000000000000000e+00
2.652912682925750647e-25
0.000000000000000000e+00
0.000000000000000000e+00
0.000000000000000000e+00
4.524649228908063484e-06
1.650232579385289000e+02
7.540163740105136014e+01
2.256039398958609468e+02
1.409895277793107482e+01
2.231988485945887746e+01
9.917924866462188405e+00
4.859612655253206981e+01
1.003779751089948746e+02
1.394006316100278831e+01
8.000568339718142852e+00
1.163456275318079136e+01
9.762015368586210995e-01
5.768974914878392468e+01
5.886292329828434200e-01
3.163222973524957737e+01
6.073512845357691779e-27
1.949683452705316355e+01
1.811587391078571940e+01
2.117968925559205502e+02
9.215332069410382587e+01
8.251521914515408396e-01
2.733240727148864835e+01
1.637257546136177311e+01
1.068740408554923071e+01
3.259624037208956793e+01
5.839174302572417474e+01
3.687980878486552427e+01
2.241671768985701760e+02
0.000000000000000000e+00
0.000000000000000000e+00
3.875140403501428210e+01
0.000000000000000000e+00
3.163128947185862155e-02
3.374167336212239121e+01
9.718799510706512024e+01
0.000000000000000000e+00
2.149907581149159910e+02
1.656452249647931696e+00
2.996701692383096542e+02
1.720555570051366203e+02
7.775931791521109915e+01
3.398737034811026803e+01
7.200619789048284147e+00
1.528541568598360767e+00
5.738444797001547304e-01
2.258241694161283775e+01
0.000000000000000000e+00
8.218118215846913210e-04
1.640571174687627718e+03
1.084164242706306851e+02
1.969604683753884800e+01
2.451813017237832781e+01
1.550419831122052082e-74
6.637035739623215828e-304
2.346147313993202184e-30
4.451307445222272690e+03
0.000000000000000000e+00
2.057074571402027449e-31
2.639589802318425399e-129
6.851756599201182780e+02
4.325473108827222291e+02
1.454779566732766227e+01
8.048114503330471052e+02
8.867339898390195430e+00
2.724027536352687306e+01
3.311211876851792635e+00
4.795048446393293773e+01
1.502090839557857116e+01
4.628529812244545383e+01
7.052865516044565766e+02
4.875099972287686256e+01
5.381518904361573874e+00
2.511757927533153634e+01
7.160654781198681818e+00
2.422947619234356448e-03
2.182896827172511323e+00
1.583327094580296857e+00
8.321378513210610208e+02
2.658045856999473955e+01
1.650648019835583469e+01
1.728613417246821271e+01
1.825259063547968097e+01
7.177443215705616275e+00
4.579838651332305943e+01
1.341446412528839538e+01
4.791842360451041394e+00
3.588694827833653012e+00
3.806601050868903546e-01
2.841592951873535555e-01
4.989798099263346387e+01
6.148759039587889497e+00
8.339722277675402751e+00
2.937159842865849058e+01
6.170192459760316162e+00
6.869236961376670081e+01
6.204985907733929551e+00
3.247322059421192009e+00
1.357869751952872548e+02
5.215596262596430677e+01
4.673884989795526579e+00
2.111184678613134835e+01
1.392947731306331605e+02
2.040576189516046668e+01
2.818819455127065154e+01
2.913556157391263568e+01
7.734718421434202185e+01
1.334460797982398503e+02
6.164336587486246088e+01
1.284015068866424869e+01
3.994525832206637972e+01
6.725946072124436625e+00
4.527002064667802728e+01
7.448305924446545134e+01
1.818962858892761574e+02
6.681919835874899150e+01
0.000000000000000000e+00
2.323225494854182500e+02
3.385055353948647507e+02
1.071205105597355214e+03
5.156224619620916790e-15
7.914022119476247497e+01
1.092822816359377072e+02
1.985989272893713178e+02
1.757776983369111790e+01
3.244543759788729886e+00
8.120852079919259268e+02
3.652379820125601029e+00
6.862678518105748537e+01
5.681265548211120731e-01
8.068071886108433288e-01
3.299701667790944271e+01
4.762521929876244897e+00
9.474095502673252511e+00
1.520609305512030005e+02
