7.531081576896130336e-01
1.868285002995488497e+01
3.228625508120639420e+00
6.122419874742361934e+00
2.648570079681608735e+00
1.207800144546479402e+02
9.639273884535219850e+01
6.277178717453533352e+01
1.876222599509550548e+01
9.463295232419211061e-12
8.526396007865588711e-02
1.897046145102038395e+02
1.542001470256926154e+01
3.641130295651955340e+00
0.000000000000000000e+00
3.202076485294468000e+01
4.680615221368427683e+02
4.680077783172752788e+03
1.646600796009039186e+03
2.362428256495078216e+01
1.318949558157465063e-01
2.279597725191720836e-11
3.939093144849429109e+02
9.450612663957366749e+03
8.754361165092761077e-01
3.772394740469888319e+00
7.636667805675442788e-04
5.470235172091745426e+02
1.008074329168170266e+03
0.000000000000000000e+00
9.036411900302594017e-06
2.171185697688948710e-08
2.169600620202575010e+04
1.666628549915428448e+04
7.053922187698848489e+00
6.119264652711455028e+02
9.976997694700919965e+03
1.196334236886376301e+00
3.518540473369354826e-01
1.351705504638351575e-72
4.234109880741603849e-22
2.423318884087011935e-06
4.508821791409227670e-15
0.000000000000000000e+00
0.000000000000000000e+00
0.000000000000000000e+00
3.435396071025800246e-01
2.297449975159116548e+03
7.640270968063455825e+01
9.182120833080194643e+03
3.057196357066207324e-08
5.868032049128960814e+00
8.940418913683495816e+01
2.239432405890820637e-05
6.543761172011764415e+01
7.237124265183528804e-01
5.563808985427206153e+02
4.608898453019883164e+04
9.844831403339281906e+02
2.658865646848490724e+04
6.198357904617103031e+01
2.819662475491269288e+04
7.497641528893917666e+02
2.269213776126549874e+03
1.921725861790408487e+02
4.250674118793560774e+04
7.102641343433975635e+03
4.305885726753730864e+02
1.239644725946283277e+00
3.052572615739958110e+03
2.482492226191607642e+03
3.275299953793770555e+02
4.481774789121030153e+03
7.237213926647992048e+04
5.509162182736409008e+00
9.412865115652793718e-13
1.778949786103924853e+05
1.258209455945890433e-37
1.255849360548345990e-61
1.741615993922422373e-52
6.840762116587425406e-17
1.343236552888315644e-57
2.418442851884438423e+05
2.338038984677667317e-19
1.735343166088305061e-07
2.453992708431182966e-03
1.031427916099775428e-06
5.136900661552750603e-299
2.304642354356421284e-14
1.471672522381280326e-221
4.701901140611268602e+03
8.499856615564362205e-32
2.444134788178011231e-200
9.855166199629166014e-11
4.995131388277387995e-39
1.396953088181136059e-91
5.627626164789965893e-41
0.000000000000000000e+00
1.497088833604898603e-295
2.169761538964531412e-16
8.211932756156099104e-26
5.193369467942114852e+02
8.174161285739869243e+01
1.426449175268663676e+05
6.507976131452696222e+01
0.000000000000000000e+00
0.000000000000000000e+00
0.000000000000000000e+00
0.000000000000000000e+00
0.000000000000000000e+00
0.000000000000000000e+00
0.000000000000000000e+00
0.000000000000000000e+00
1.024715999306741790e-135
0.000000000000000000e+00
0.000000000000000000e+00
0.000000000000000000e+00
0.000000000000000000e+00
1.112116846471805275e+03
0.000000000000000000e+00
4.063504960709741920e-202
0.000000000000000000e+00
1.855409744596310618e-110
1.486570953867598307e-311
2.889762985293861179e-07
2.545370730501847902e+03
2.352645703000757749e+03
2.081653849687547785e-16
1.034926765497943503e+06
0.000000000000000000e+00
0.000000000000000000e+00
8.994519782886662866e-07
1.260194285699929242e+04
1.533565422605731772e-201
7.128514868364662107e+03
4.602291207374374790e+04
8.583710988385744713e+03
5.975785482959902195e-01
1.949117587752939016e+03
1.561092463615637027e-01
2.254107928651531072e-25
5.497014323490724751e-06
8.144383998111378331e-28
0.000000000000000000e+00
0.000000000000000000e+00
0.000000000000000000e+00
2.928126672581961811e-210
1.345463876208861441e-118
2.016022145045912223e-145
9.495386369273606640e-70
1.773277325461239105e-237
2.488586174578886317e-50
2.118901691491047131e+03
2.446460099476749974e+02
2.175143424456179673e+03
1.307679497808600655e-01
7.629388745879863336e+02
9.043644901004326275e-01
2.587525398625598996e+02
8.860485868427441159e-34
7.647061769173648912e-191
4.158946666975810777e-16
9.127833099887116987e+03
7.157350519102894894e-15
5.039270372266483378e+01
2.534883695800097453e-26
0.000000000000000000e+00
0.000000000000000000e+00
7.107160970015392035e-29
0.000000000000000000e+00
2.695773618538007190e-29
0.000000000000000000e+00
3.666094828103398945e-31
6.511015949324681234e-153
7.684647606423670273e-109
1.711104665347460418e-01
7.187602311518433782e-152
0.000000000000000000e+00
0.000000000000000000e+00
2.965640115071495105e-08
8.793433602148124237e-61
1.070571855511055791e-58
1.053302845740773819e+03
5.952120924650210511e-143
3.033608328802923779e+02
7.154439472530044197e-02
8.090837008485007093e-143
0.000000000000000000e+00
0.000000000000000000e+00
0.000000000000000000e+00
0.000000000000000000e+00
0.000000000000000000e+00
0.000000000000000000e+00
0.000000000000000000e+00
0.000000000000000000e+00
0.000000000000000000e+00
0.000000000000000000e+00
0.000000000000000000e+00
0.000000000000000000e+00
0.000000000000000000e+00
0.000000000000000000e+00
8.665895488542921566e-154
3.122302628990342513e-02
8.224711610839468340e-50
3.133389635320613271e-03
8.348004274982583652e-277
1.587812622301233875e-99
0.000000000000000000e+00
1.342383534998240248e+04
1.351198535551539019e-25
2.509536786934680586e-188
0.000000000000000000e+00
0.000000000000000000e+00
4.394729880085176566e-30
0.000000000000000000e+00
4.561470148211112376e-280
4.155619678825678845e-165
2.749714471483686681e-13
0.000000000000000000e+00
0.000000000000000000e+00
0.000000000000000000e+00
0.000000000000000000e+00
1.460229468016160875e-25
5.118980632562594566e-75
0.000000000000000000e+00
0.000000000000000000e+00
0.000000000000000000e+00
0.000000000000000000e+00
0.000000000000000000e+00
6.455993963986461495e+03
0.000000000000000000e+00
0.000000000000000000e+00
1.067485818709549404e-225
0.000000000000000000e+00
1.037741892867901888e-06
2.469938236378104168e-01
1.697240964976100283e-45
0.000000000000000000e+00
2.025775213655326070e-17
2.017734317795800231e-180
0.000000000000000000e+00
0.000000000000000000e+00
2.819732072947558704e-53
3.210798236757204505e-100
0.000000000000000000e+00
0.000000000000000000e+00
0.000000000000000000e+00
0.000000000000000000e+00
0.000000000000000000e+00
0.000000000000000000e+00
8.894659256987030932e-143
0.000000000000000000e+00
0.000000000000000000e+00
9.212421767056348412e-160
0.000000000000000000e+00
7.713358503340527379e-173
0.000000000000000000e+00
0.000000000000000000e+00
0.000000000000000000e+00
0.000000000000000000e+00
0.000000000000000000e+00
0.000000000000000000e+00
0.000000000000000000e+00
0.000000000000000000e+00
0.000000000000000000e+00
0.000000000000000000e+00
0.000000000000000000e+00
0.000000000000000000e+00
0.000000000000000000e+00
0.000000000000000000e+00
0.000000000000000000e+00
0.000000000000000000e+00
6.943088822161305362e-95
0.000000000000000000e+00
0.000000000000000000e+00
0.000000000000000000e+00
2.092003172101713973e-36
0.000000000000000000e+00
0.000000000000000000e+00
4.626013338087783268e+03
9.193588659473037114e+05
3.435224820767580827e-105
0.000000000000000000e+00
8.134236416048842237e-202
0.000000000000000000e+00
0.000000000000000000e+00
0.000000000000000000e+00
0.000000000000000000e+00
1.065393239088447549e-207
0.000000000000000000e+00
0.000000000000000000e+00
2.167548515281970900e+00
0.000000000000000000e+00
4.361960502355705473e-58
2.508803597069353365e-04
3.395380813456409186e+01
1.009688357182434639e-09
3.395039613009310528e+02
2.230679624501401296e-74
8.311587816582787295e-282
0.000000000000000000e+00
0.000000000000000000e+00
0.000000000000000000e+00
1.448648203905843216e-36
2.190556204291124409e+00
1.362824837574216019e+02
1.454763855234611551e-118
3.236732135971809744e-03
4.710711789872734731e-07
2.407503451238089183e+05
6.610495426260818022e+03
2.153310239265036216e+04
0.000000000000000000e+00
1.415018361449874938e+05
4.792394855310527782e+04
7.121929326867422671e-223
1.132111724380663654e+05
0.000000000000000000e+00
2.475944228201388902e-99
8.873479469425078037e+01
0.000000000000000000e+00
4.001720517518641273e-14
2.159663065461529641e+02
2.417333319957179356e+03
9.698473766865456911e-109
0.000000000000000000e+00
8.383890071800896589e-96
1.524191504045497211e-41
0.000000000000000000e+00
3.209033949132177987e+00
3.265650479085248321e+02
1.418435587266665436e+02
5.615462204649180888e-01
3.157830168535267364e-114
1.642643742951404656e-55
0.000000000000000000e+00
0.000000000000000000e+00
1.689014145854131809e-19
0.000000000000000000e+00
0.000000000000000000e+00
0.000000000000000000e+00
9.773874787454739539e-04
0.000000000000000000e+00
0.000000000000000000e+00
2.175430367025353167e-116
0.000000000000000000e+00
0.000000000000000000e+00
0.000000000000000000e+00
0.000000000000000000e+00
0.000000000000000000e+00
0.000000000000000000e+00
8.473578565636294589e-306
0.000000000000000000e+00
0.000000000000000000e+00
0.000000000000000000e+00
0.000000000000000000e+00
0.000000000000000000e+00
0.000000000000000000e+00
0.000000000000000000e+00
0.000000000000000000e+00
0.000000000000000000e+00
0.000000000000000000e+00
0.000000000000000000e+00
0.000000000000000000e+00
0.000000000000000000e+00
8.429108691180470379e-233
6.334929975348704850e-46
0.000000000000000000e+00
5.689144303359544666e-216
0.000000000000000000e+00
0.000000000000000000e+00
0.000000000000000000e+00
0.000000000000000000e+00
0.000000000000000000e+00
0.000000000000000000e+00
0.000000000000000000e+00
0.000000000000000000e+00
0.000000000000000000e+00
0.000000000000000000e+00
3.046302766088069269e-01
2.316646018252214105e+02
2.851593946107090005e+02
3.574290862875801181e-123
3.367732854640548424e-20
0.000000000000000000e+00
8.559157355060295231e-165
0.000000000000000000e+00
1.919960182639514387e+05
1.526595716957565970e-250
3.747126757715603890e+04
1.625630554646250303e+01
2.266524668988096437e+03
5.317215479755437855e+02
1.151090379172711255e+04
0.000000000000000000e+00
1.470464373303775210e+04
6.138915275614579059e+02
1.444073787695192550e+02
1.450281354952574248e-249
4.116048902462782877e+01
1.086326430464760672e-12
8.440868250091348557e+01
2.265124231549207096e-39
3.861102774991914677e-02
1.694550816702827234e-245
1.266296187752209477e+02
9.829947578664383911e+01
9.285811371522644322e+02
2.940611117159860697e-33
1.481220947663189946e+01
9.430897596084764700e+02
4.095189971433540421e+01
1.931274392461535072e+01
4.235612603805906815e+02
3.810896496019294943e+01
7.829635845552667206e+01
2.147351549798913961e+00
5.271191215262361673e+00
2.310922764598784056e+02
6.715190565431916525e+01
4.053540584801895719e+00
5.720684615645398097e+00
7.950372863462970230e+00
3.396169119333137019e+02
4.909091663074734129e+02
1.123075562874847021e-02
1.718156947099729570e-06
8.928925009463073081e+01
1.423376626078152540e+01
2.993363569896212439e-03
3.701002569676122844e-01
2.697069584480231015e+02
3.924393116435039019e-02
2.111288572648651041e+01
8.347894430010750342e-08
1.009218265834019945e+02
3.315405929542679375e-02
0.000000000000000000e+00
1.168770369964959717e-61
4.083730298875627440e+00
8.070353810946116903e-33
3.119764057766559028e-03
3.729561242233957330e+01
1.142496924362139765e+01
6.999323683283031450e+00
5.749228359071325123e+00
3.375457779864279306e+00
4.277737734448157170e+01
1.538664667134415298e+00
2.560704452541307319e+01
6.008876587331313246e-01
3.258946726084758216e-01
1.529864642281850706e-01
9.423081267323586696e-03
2.661919635615327302e-03
9.585974773643307856e+01
1.295860895551823599e+00
4.750509613056021408e+03
0.000000000000000000e+00
0.000000000000000000e+00
2.682527157734464396e-16
2.131894705488008670e-132
1.643173541230388868e-164
0.000000000000000000e+00
5.192856251423452640e+00
1.341058882036428912e+01
3.559534530961850685e+00
2.320067753227637956e-63
1.513222588114633120e-42
1.025081883682208452e-58
5.726595509528209793e-09
6.259286201755791368e-17
4.158313567742656177e-214
9.773315434973688840e-106
2.479690964711797540e-113
3.768972956372430708e-08
0.000000000000000000e+00
0.000000000000000000e+00
0.000000000000000000e+00
4.419416197142412203e-131
1.635971651502461660e-05
4.260805449931471600e-40
7.740353066122325750e-163
0.000000000000000000e+00
0.000000000000000000e+00
0.000000000000000000e+00
0.000000000000000000e+00
7.886938186942419927e-90
9.026398487462294948e-20
6.501573544746742620e-22
5.784891376198148836e-08
3.787838605872541741e-14
0.000000000000000000e+00
0.000000000000000000e+00
2.046481506063282925e-221
2.505810545909290793e-05
9.528247610073459004e-27
0.000000000000000000e+00
6.090123822503027558e-09
4.088064448651948144e-19
0.000000000000000000e+00
0.000000000000000000e+00
0.000000000000000000e+00
0.000000000000000000e+00
4.292683913371951256e-170
0.000000000000000000e+00
9.172754904768502795e-55
0.000000000000000000e+00
1.592331335634042090e-249
1.802358200505467514e-287
1.209437234836042850e-253
3.648042613083151788e-145
3.042368458211941110e-79
9.460373074970933326e-128
0.000000000000000000e+00
1.044967990360735398e-87
0.000000000000000000e+00
1.459527615251744974e-10
7.212505459857719096e-07
6.739516229774196304e-19
8.396904528550722614e-63
2.652117259048727282e-06
6.301382192765625501e-02
0.000000000000000000e+00
3.720185645876017455e-06
3.365102434757086258e-02
2.329768245758004055e-39
1.608450218473270188e-01
4.599113361942227934e-12
1.461667191293005048e-02
3.689060796825813964e-04
3.855250270730136375e+00
1.680262447757929212e-01
0.000000000000000000e+00
3.982686886832926777e-10
1.344794573457424187e-06
1.245007139716855721e-03
0.000000000000000000e+00
7.652020939490751703e-17
0.000000000000000000e+00
4.066583473674753997e-07
1.778004787736091709e-07
0.000000000000000000e+00
2.402026840065588087e-03
6.921728880247519245e-169
1.983108623682786758e-26
2.252089573579735797e-06
2.995063178550462131e-26
2.084221671583547444e-02
4.449605645899717965e-03
2.869064815238213339e-06
2.207883960870725328e-03
8.312834849962749210e-12
1.899949715692885962e-07
3.843012353756901194e-03
9.285585090115579126e-07
2.914304573297095136e-01
1.334497550238503139e-01
1.149155195678378243e-03
3.396863914408398102e-07
5.594811771893091549e-21
3.321683432785357446e-06
1.521810205736416795e-04
9.120091083340070797e-08
3.549577761018623054e-07
1.107818467905128370e-07
1.029646777841273675e+00
3.799507847725492327e-01
3.511533119783710188e-01
1.066019905390108313e+01
0.000000000000000000e+00
0.000000000000000000e+00
8.186306938718298543e-17
7.534532438125982168e-15
7.567011256741242384e-30
3.270907045275276565e-02
6.637653817366806486e-03
4.388225957048978789e-19
2.013536007238758002e-02
4.147319001921215477e-11
4.959486588900516050e-06
0.000000000000000000e+00
1.192768388654615104e-44
7.563192455277960495e-39
2.389030900638674512e-61
4.140428511802852540e-16
9.135143620353792423e-84
0.000000000000000000e+00
1.420361340488980936e-90
0.000000000000000000e+00
0.000000000000000000e+00
5.374148038174414125e-203
1.126780236781566511e-20
3.555655812113359844e-41
1.594550084946383542e-22
1.806532708372868001e-01
1.007263899299116680e-02
2.827005678603923160e-10
3.027759948367340426e-06
1.623393639878318584e-01
2.488012766214246988e-05
1.326577123607516118e+00
3.153842760745450989e-44
3.152747425232602736e-278
0.000000000000000000e+00
3.218559810463787474e-01
7.427972762892999237e-01
1.703188211095640790e-53
0.000000000000000000e+00
0.000000000000000000e+00
0.000000000000000000e+00
5.443246895591324240e-274
0.000000000000000000e+00
6.978106176481590691e-30
5.433969947163548045e-189
4.136780622172706336e-104
1.374357275175986704e-46
1.017322083410107311e-02
4.015091653477100858e-29
1.132548867417105253e-66
1.216936517893284359e-01
0.000000000000000000e+00
1.201986148738702270e-193
1.042333583782892612e-08
5.460996710342046201e-02
3.296310534059088157e-06
2.706352312812767072e-02
4.467180137659257106e-04
1.325025655443304307e-01
3.414864191681543471e-14
1.295887091606543872e-03
2.958081316536884301e-05
1.924956051132461363e-07
4.814608477961453783e-08
1.447827588415269429e-02
1.126923379295640890e-02
5.337350604499138717e-04
8.221531181006496158e-01
1.061473087715199964e-03
2.195904648416870109e-02
1.813987155914359786e-02
1.466007820355048223e-07
2.969113836711032364e-02
4.114474149750190456e-03
7.815280502181626288e-02
1.782383371184425441e-02
2.267184107001596788e-06
4.926545603793495154e-01
4.204671247236505565e+02
5.869473755419036820e+01
1.439039048388978017e+02
7.699095676312266417e-08
1.583595368195881284e-22
3.398193722513354561e-114
4.362067754246639379e+04
2.244970531742175268e+01
1.602357860161993486e+01
2.778967579061223603e+00
6.063450370028108383e-01
3.292624371684190265e+01
3.709313455496202061e-01
6.662151005801075598e+01
2.089920283639048679e-02
7.017665768503290380e+00
2.722297486033642144e+03
4.440511876529185456e-03
0.000000000000000000e+00
4.617207082971283398e+02
3.981946460340278640e-125
1.360268525835215578e-124
1.198622916005966330e-60
4.052557650430028521e-55
0.000000000000000000e+00
0.000000000000000000e+00
3.797150298736819837e-293
7.110237244704324150e-266
3.123474096177569325e-05
0.000000000000000000e+00
2.263965516009883145e-79
9.604666116251822555e-75
0.000000000000000000e+00
1.836740144502098980e-47
3.731805953541053938e-79
1.423610588517996689e+02
9.339561272023945548e+01
7.132089492613514494e+02
4.301812811552489154e-93
1.608296517815526154e-91
5.707150988649236505e-17
1.085443616624756302e+00
3.960196431511212589e-01
4.644682153010446728e-34
4.875672176361356236e+01
2.137347906119267538e-09
1.299047681729379637e-11
1.590309649946084717e-07
2.745470283185349558e+02
7.790605271342315576e-11
4.714037817976670832e-165
2.507909536745011872e-19
0.000000000000000000e+00
2.410194949317460700e-01
0.000000000000000000e+00
4.986092140456446280e-66
3.909767490976668824e+01
3.735889913756482628e+01
8.955463816559307588e+01
3.555818967656610429e-223
7.199126265992087282e-09
3.964356831003212909e-10
5.067464463055357943e-02
0.000000000000000000e+00
2.764574576851540077e-07
1.966573691667966830e-87
5.576642249623648858e-27
0.000000000000000000e+00
4.898553990227102829e-07
1.418611839636951686e+02
3.631705442825621735e-33
1.888942617070102374e-42
1.085369898311981454e-14
1.462743061020518098e+02
2.662295651962386831e-252
0.000000000000000000e+00
0.000000000000000000e+00
0.000000000000000000e+00
6.681451547136973011e-48
2.736249416649176510e+03
8.231917901407999807e+02
2.093324652236766781e+00
6.996191514284696688e-26
4.577244769610385768e-30
2.508085962291615090e+02
2.166458134154744585e+03
0.000000000000000000e+00
0.000000000000000000e+00
8.249943455353778154e-02
0.000000000000000000e+00
7.032717186987440343e-46
6.409096254554305006e+01
6.418616577197800552e+02
4.801439949564148719e+02
2.911813051537488813e-10
2.473210246138244649e-11
8.724874814866775269e-03
0.000000000000000000e+00
0.000000000000000000e+00
0.000000000000000000e+00
5.744321688427049136e-60
3.869136652974003306e-08
1.894525097153995254e-132
0.000000000000000000e+00
6.305570223223153549e-234
0.000000000000000000e+00
0.000000000000000000e+00
0.000000000000000000e+00
6.864895398535442524e-295
8.807650851150833719e-196
4.171512123364877479e-38
3.591926203823453424e-09
0.000000000000000000e+00
8.535366909423836525e-228
0.000000000000000000e+00
0.000000000000000000e+00
2.247383852541414404e-85
1.651697556590804185e-101
2.982022505469555174e-09
8.998536229862801452e-08
1.546323114922622255e-01
3.312941497814435934e+02
2.502029523927067139e-11
3.122039880258723343e+01
5.371240282043772701e-25
1.092888238129687473e+01
1.956133170182741118e-63
1.845424498953360227e-06
7.264856104849558814e-03
7.412346056271843509e+01
1.189867226602130472e+02
7.180034807914263517e+00
1.005318413413178860e+03
0.000000000000000000e+00
2.119196614452318954e+02
2.784101377010049561e+01
8.436260396357184166e-02
0.000000000000000000e+00
5.074941317680696506e-02
6.730433023935129313e+02
6.398508698015153584e+01
1.960260434408448589e+02
6.724485147866584356e+00
1.694992083236890323e+02
6.436374248219154381e+00
1.365619893319376672e+02
8.448853139797802214e+01
0.000000000000000000e+00
9.991546831338705147e-255
2.063323569649039371e+02
8.378365805961227153e+00
5.809425990752069779e+00
1.091350071445855008e+01
1.542725130638608455e+01
9.942345292069881824e-01
5.646501893303902619e+00
1.446028724072330185e+00
1.490227928278620162e+00
1.920958910239259909e+00
9.516033117755616999e+00
1.057027292709442001e+01
9.577990952614536369e+00
2.689406679516688428e+02
1.131477064783610123e-22
4.373294438180093380e+01
1.376381573263827107e+01
2.660954938787171997e+01
3.625388577341498664e+00
1.507458737224073864e-02
3.598725578365064166e+02
0.000000000000000000e+00
0.000000000000000000e+00
6.126768595427239445e-28
7.290059121100291986e-127
7.038539778237071459e-143
0.000000000000000000e+00
0.000000000000000000e+00
0.000000000000000000e+00
0.000000000000000000e+00
9.839935961917457272e-11
7.601678958175648509e-166
1.053306381575862434e-03
1.058367276588380790e+01
1.247995795174576816e+00
2.324129120990152948e-81
5.292757980095171826e-52
5.192422388995446194e-19
4.547897761391892640e-02
1.098511026448782786e+03
1.416664381494896929e+01
9.801644125858445175e-03
6.726736576108919285e-01
5.194961401916268610e-79
5.576521460181476947e-103
2.609771461990364125e-31
0.000000000000000000e+00
0.000000000000000000e+00
0.000000000000000000e+00
7.606616673619639405e-106
0.000000000000000000e+00
0.000000000000000000e+00
3.821486908934326733e-264
0.000000000000000000e+00
0.000000000000000000e+00
0.000000000000000000e+00
0.000000000000000000e+00
1.513279739063671072e-32
1.017327829608798014e-51
0.000000000000000000e+00
0.000000000000000000e+00
2.725882481636820140e-12
6.421071419405892704e-233
1.264287022038564662e-16
0.000000000000000000e+00
4.328759999595802044e-02
1.083073156419596616e-13
0.000000000000000000e+00
0.000000000000000000e+00
0.000000000000000000e+00
0.000000000000000000e+00
0.000000000000000000e+00
0.000000000000000000e+00
0.000000000000000000e+00
0.000000000000000000e+00
0.000000000000000000e+00
0.000000000000000000e+00
0.000000000000000000e+00
0.000000000000000000e+00
0.000000000000000000e+00
0.000000000000000000e+00
0.000000000000000000e+00
0.000000000000000000e+00
0.000000000000000000e+00
0.000000000000000000e+00
0.000000000000000000e+00
0.000000000000000000e+00
0.000000000000000000e+00
0.000000000000000000e+00
0.000000000000000000e+00
0.000000000000000000e+00
0.000000000000000000e+00
0.000000000000000000e+00
0.000000000000000000e+00
4.940656458412465442e-324
3.102844257840179786e-189
1.155886717961074623e+02
0.000000000000000000e+00
0.000000000000000000e+00
0.000000000000000000e+00
0.000000000000000000e+00
0.000000000000000000e+00
0.000000000000000000e+00
0.000000000000000000e+00
0.000000000000000000e+00
7.022752378321905553e+02
3.970468249243040704e-04
0.000000000000000000e+00
0.000000000000000000e+00
0.000000000000000000e+00
0.000000000000000000e+00
0.000000000000000000e+00
0.000000000000000000e+00
0.000000000000000000e+00
0.000000000000000000e+00
0.000000000000000000e+00
0.000000000000000000e+00
0.000000000000000000e+00
0.000000000000000000e+00
0.000000000000000000e+00
0.000000000000000000e+00
0.000000000000000000e+00
0.000000000000000000e+00
0.000000000000000000e+00
0.000000000000000000e+00
0.000000000000000000e+00
0.000000000000000000e+00
9.832517344552338727e+02
4.688088626294495713e-231
1.086185761837998032e-01
2.456976900758096559e-50
3.270244582140799925e-04
3.588795184617797895e-01
2.113318887571051714e-190
0.000000000000000000e+00
0.000000000000000000e+00
0.000000000000000000e+00
1.771607762409413270e-06
2.505297608560376853e-06
0.000000000000000000e+00
0.000000000000000000e+00
2.608565662004606362e-184
0.000000000000000000e+00
3.778817678753661085e+02
6.178485557081158749e-19
0.000000000000000000e+00
3.853669139273029600e+02
4.205947519178009486e+01
1.319973124976309862e+02
1.997911764754484309e+01
2.028782790689124340e+02
2.911553168048735785e+01
9.720101750214757530e+00
0.000000000000000000e+00
3.951997740970887459e-88
1.347189595057378365e-04
4.052446208583661473e+02
0.000000000000000000e+00
5.417941265500842540e+00
4.987661320332846117e+03
2.513914960500148900e-72
1.914055657085367626e-263
8.147790519045897413e-96
1.225054643809449580e-54
0.000000000000000000e+00
3.632821453497191377e-73
0.000000000000000000e+00
2.492674706221260330e-144
2.606807080785667030e-301
0.000000000000000000e+00
0.000000000000000000e+00
0.000000000000000000e+00
0.000000000000000000e+00
1.501888989479350905e-53
0.000000000000000000e+00
0.000000000000000000e+00
9.860291396475346914e+00
2.107004264102723875e-63
1.227519508681638146e-94
0.000000000000000000e+00
2.166042082294930820e-03
8.503570997242337818e-14
0.000000000000000000e+00
1.460878554738883998e-02
2.357329433734924027e-52
1.735923802546950691e-05
9.500299551827600376e-259
7.586592076806437035e+02
2.223382505881359517e-10
0.000000000000000000e+00
4.286283356180300785e+01
1.406777891602240538e-01
2.157338376193624314e-57
1.869192098324199171e-18
9.319077218810440494e-07
3.289781056451079801e-181
8.795388103895656968e+02
3.489390852576729932e-29
2.556290357052856766e-44
1.201749422315693069e-177
6.909491073643826161e-24
5.578860641122381821e+03
8.880129543668797698e-01
0.000000000000000000e+00
0.000000000000000000e+00
0.000000000000000000e+00
0.000000000000000000e+00
0.000000000000000000e+00
0.000000000000000000e+00
0.000000000000000000e+00
8.662668969484870522e-48
3.458459520888725809e-323
0.000000000000000000e+00
0.000000000000000000e+00
2.923708224436467544e-56
5.971528740701889889e-45
0.000000000000000000e+00
0.000000000000000000e+00
0.000000000000000000e+00
3.178052346832950548e+01
3.370512554683275084e+04
2.922725763263138710e+00
2.087902506250868229e-13
2.459599211259690395e-05
7.327506996804826410e-116
8.338991727215188803e+02
3.261979178870655720e-142
5.670208979619071197e-12
1.901502066016294052e-89
1.124744350700170425e+00
1.424785346600394575e+00
5.709997329416917506e-14
1.742474176246283646e+00
1.024943590078945685e-07
0.000000000000000000e+00
4.126573497529607559e-01
2.797857874325306966e+03
1.017659838730919120e+02
0.000000000000000000e+00
1.436746745140240478e+01
3.123431909004678886e+01
0.000000000000000000e+00
0.000000000000000000e+00
2.171166406114846840e-112
8.897351654136811021e+02
1.799684975405772824e-03
5.843298592630430106e-06
5.495484585110973633e-07
7.120895375979173673e-12
2.032091210078681058e+02
8.296848352230852264e-01
3.761229035909907648e+00
2.553151219477082634e+02
5.752936778714174033e-40
0.000000000000000000e+00
1.302433381558165252e-68
1.243126632390466746e+01
2.587031795266237921e+01
8.273459569756412293e+02
3.974406738566372951e+04
1.370338557421990231e+02
2.131959019641677955e+01
3.954771869525916372e+01
2.931361051378686611e+01
2.399627302745298607e+01
1.336363179096555598e+01
1.740123912047795685e+01
1.317486423222182346e+01
2.786177176843860082e+01
2.152617429540606704e-04
5.626450287517857163e+01
1.691439392410143849e+00
9.843874777836179035e+00
5.327548281278623499e-250
9.234478533000100242e+01
4.828228449801569866e+01
2.265828142144915489e+02
5.434906275332649983e+01
6.691026915027647703e+01
0.000000000000000000e+00
0.000000000000000000e+00
1.230236475534065448e+03
2.438953611332867240e+03
9.162255222114911248e+02
4.313854092741468217e-09
3.053169275536342866e+02
0.000000000000000000e+00
0.000000000000000000e+00
0.000000000000000000e+00
0.000000000000000000e+00
0.000000000000000000e+00
0.000000000000000000e+00
0.000000000000000000e+00
1.314908127988474640e-89
2.825991249229365980e-06
2.240527581257415935e-185
5.587837027228459195e-20
2.704559019766044833e-141
1.545880038248877552e-24
0.000000000000000000e+00
2.593587273420690395e-31
5.589302629185702642e+00
1.657372182682157191e-01
5.092077943458136460e-06
2.387683346453371325e+00
1.522413275061833327e+00
1.040604814798281783e-04
1.509111705065550313e-01
5.916434267683069216e-03
1.421236462646025336e-02
1.377501479133363915e+01
8.207671356495245540e-02
1.268846780638015481e+00
2.463093706096345592e+00
1.609657199786772797e+00
8.092714021330756680e+01
1.906059788717021061e-08
0.000000000000000000e+00
1.566486413055828280e+02
1.838387155546616566e-02
2.589794582067514739e+01
1.605237569315720270e-07
0.000000000000000000e+00
3.346929693067181645e-21
0.000000000000000000e+00
0.000000000000000000e+00
1.214470163832943301e-211
0.000000000000000000e+00
7.184428716321121513e-127
0.000000000000000000e+00
0.000000000000000000e+00
0.000000000000000000e+00
5.762881863004087235e-21
0.000000000000000000e+00
0.000000000000000000e+00
0.000000000000000000e+00
0.000000000000000000e+00
2.393078688062344774e-125
0.000000000000000000e+00
0.000000000000000000e+00
0.000000000000000000e+00
2.531489474187251154e-99
0.000000000000000000e+00
0.000000000000000000e+00
0.000000000000000000e+00
0.000000000000000000e+00
0.000000000000000000e+00
0.000000000000000000e+00
0.000000000000000000e+00
0.000000000000000000e+00
0.000000000000000000e+00
0.000000000000000000e+00
0.000000000000000000e+00
0.000000000000000000e+00
0.000000000000000000e+00
0.000000000000000000e+00
0.000000000000000000e+00
0.000000000000000000e+00
0.000000000000000000e+00
0.000000000000000000e+00
0.000000000000000000e+00
0.000000000000000000e+00
0.000000000000000000e+00
0.000000000000000000e+00
0.000000000000000000e+00
0.000000000000000000e+00
0.000000000000000000e+00
1.004669465907487680e-300
7.505795919302343003e-16
0.000000000000000000e+00
0.000000000000000000e+00
9.567309136568987016e-32
0.000000000000000000e+00
0.000000000000000000e+00
3.293609960963294791e-25
3.722801438899343268e-21
0.000000000000000000e+00
0.000000000000000000e+00
0.000000000000000000e+00
4.073529182830835483e-43
0.000000000000000000e+00
0.000000000000000000e+00
1.226684996682627763e-51
3.937305938573795562e-28
6.139630002077168966e-26
0.000000000000000000e+00
5.973069702896086493e-12
8.307182740930818453e-98
0.000000000000000000e+00
2.422190540450476116e-07
2.493330633588637888e-31
2.044581992300293109e-04
6.119642982637119951e-149
1.171736973368630912e-182
4.930236945025996534e-36
3.096202654673258093e-07
0.000000000000000000e+00
1.170178309628601556e-95
2.840812740987562426e-317
5.591645545067517986e+01
1.093627423611434324e+01
0.000000000000000000e+00
0.000000000000000000e+00
0.000000000000000000e+00
0.000000000000000000e+00
0.000000000000000000e+00
0.000000000000000000e+00
0.000000000000000000e+00
0.000000000000000000e+00
0.000000000000000000e+00
0.000000000000000000e+00
0.000000000000000000e+00
0.000000000000000000e+00
0.000000000000000000e+00
1.545603151468056957e+01
2.596838457318022364e+01
1.440399388789340636e-17
0.000000000000000000e+00
0.000000000000000000e+00
0.000000000000000000e+00
0.000000000000000000e+00
0.000000000000000000e+00
0.000000000000000000e+00
0.000000000000000000e+00
0.000000000000000000e+00
0.000000000000000000e+00
0.000000000000000000e+00
0.000000000000000000e+00
0.000000000000000000e+00
0.000000000000000000e+00
0.000000000000000000e+00
0.000000000000000000e+00
0.000000000000000000e+00
0.000000000000000000e+00
0.000000000000000000e+00
0.000000000000000000e+00
4.688737005591260298e-280
0.000000000000000000e+00
0.000000000000000000e+00
0.000000000000000000e+00
0.000000000000000000e+00
0.000000000000000000e+00
0.000000000000000000e+00
0.000000000000000000e+00
0.000000000000000000e+00
0.000000000000000000e+00
0.000000000000000000e+00
0.000000000000000000e+00
0.000000000000000000e+00
0.000000000000000000e+00
0.000000000000000000e+00
0.000000000000000000e+00
0.000000000000000000e+00
0.000000000000000000e+00
0.000000000000000000e+00
0.000000000000000000e+00
0.000000000000000000e+00
0.000000000000000000e+00
0.000000000000000000e+00
0.000000000000000000e+00
0.000000000000000000e+00
0.000000000000000000e+00
0.000000000000000000e+00
0.000000000000000000e+00
0.000000000000000000e+00
0.000000000000000000e+00
0.000000000000000000e+00
0.000000000000000000e+00
0.000000000000000000e+00
0.000000000000000000e+00
0.000000000000000000e+00
0.000000000000000000e+00
0.000000000000000000e+00
0.000000000000000000e+00
0.000000000000000000e+00
0.000000000000000000e+00
0.000000000000000000e+00
0.000000000000000000e+00
0.000000000000000000e+00
9.123198520443019418e-204
0.000000000000000000e+00
0.000000000000000000e+00
0.000000000000000000e+00
0.000000000000000000e+00
0.000000000000000000e+00
0.000000000000000000e+00
0.000000000000000000e+00
0.000000000000000000e+00
3.265499851515053220e-14
0.000000000000000000e+00
0.000000000000000000e+00
0.000000000000000000e+00
0.000000000000000000e+00
0.000000000000000000e+00
0.000000000000000000e+00
0.000000000000000000e+00
0.000000000000000000e+00
0.000000000000000000e+00
0.000000000000000000e+00
0.000000000000000000e+00
4.322285079129773505e-110
0.000000000000000000e+00
0.000000000000000000e+00
0.000000000000000000e+00
0.000000000000000000e+00
0.000000000000000000e+00
0.000000000000000000e+00
0.000000000000000000e+00
0.000000000000000000e+00
0.000000000000000000e+00
9.706307730385264741e-246
0.000000000000000000e+00
0.000000000000000000e+00
0.000000000000000000e+00
0.000000000000000000e+00
0.000000000000000000e+00
0.000000000000000000e+00
0.000000000000000000e+00
0.000000000000000000e+00
0.000000000000000000e+00
0.000000000000000000e+00
0.000000000000000000e+00
0.000000000000000000e+00
0.000000000000000000e+00
0.000000000000000000e+00
0.000000000000000000e+00
0.000000000000000000e+00
0.000000000000000000e+00
0.000000000000000000e+00
0.000000000000000000e+00
0.000000000000000000e+00
0.000000000000000000e+00
0.000000000000000000e+00
0.000000000000000000e+00
0.000000000000000000e+00
0.000000000000000000e+00
0.000000000000000000e+00
0.000000000000000000e+00
0.000000000000000000e+00
2.901158087020554349e-291
0.000000000000000000e+00
0.000000000000000000e+00
0.000000000000000000e+00
0.000000000000000000e+00
0.000000000000000000e+00
0.000000000000000000e+00
1.999886051179074216e-260
0.000000000000000000e+00
4.731971870943696190e-291
1.078904166431091857e-188
0.000000000000000000e+00
3.509936974532696290e-279
4.501626109073130327e-145
1.327034444693880521e-12
0.000000000000000000e+00
0.000000000000000000e+00
0.000000000000000000e+00
0.000000000000000000e+00
0.000000000000000000e+00
0.000000000000000000e+00
0.000000000000000000e+00
0.000000000000000000e+00
0.000000000000000000e+00
4.866066527521397144e-248
0.000000000000000000e+00
0.000000000000000000e+00
0.000000000000000000e+00
0.000000000000000000e+00
0.000000000000000000e+00
0.000000000000000000e+00
0.000000000000000000e+00
0.000000000000000000e+00
0.000000000000000000e+00
0.000000000000000000e+00
0.000000000000000000e+00
0.000000000000000000e+00
0.000000000000000000e+00
0.000000000000000000e+00
0.000000000000000000e+00
0.000000000000000000e+00
0.000000000000000000e+00
0.000000000000000000e+00
0.000000000000000000e+00
0.000000000000000000e+00
0.000000000000000000e+00
0.000000000000000000e+00
0.000000000000000000e+00
0.000000000000000000e+00
0.000000000000000000e+00
0.000000000000000000e+00
0.000000000000000000e+00
0.000000000000000000e+00
0.000000000000000000e+00
0.000000000000000000e+00
0.000000000000000000e+00
2.302049470232704148e-319
0.000000000000000000e+00
0.000000000000000000e+00
0.000000000000000000e+00
0.000000000000000000e+00
1.058577677292011173e-58
0.000000000000000000e+00
0.000000000000000000e+00
4.502075077703726372e-282
0.000000000000000000e+00
0.000000000000000000e+00
0.000000000000000000e+00
0.000000000000000000e+00
0.000000000000000000e+00
0.000000000000000000e+00
0.000000000000000000e+00
0.000000000000000000e+00
0.000000000000000000e+00
0.000000000000000000e+00
0.000000000000000000e+00
0.000000000000000000e+00
0.000000000000000000e+00
0.000000000000000000e+00
0.000000000000000000e+00
0.000000000000000000e+00
0.000000000000000000e+00
0.000000000000000000e+00
0.000000000000000000e+00
0.000000000000000000e+00
0.000000000000000000e+00
0.000000000000000000e+00
0.000000000000000000e+00
0.000000000000000000e+00
0.000000000000000000e+00
0.000000000000000000e+00
1.146259496857905695e-290
0.000000000000000000e+00
0.000000000000000000e+00
0.000000000000000000e+00
0.000000000000000000e+00
0.000000000000000000e+00
0.000000000000000000e+00
0.000000000000000000e+00
0.000000000000000000e+00
0.000000000000000000e+00
7.715556955538795109e-26
0.000000000000000000e+00
0.000000000000000000e+00
0.000000000000000000e+00
7.620981549848405623e-87
3.912365339751587871e-04
2.294580603280411357e-149
0.000000000000000000e+00
0.000000000000000000e+00
0.000000000000000000e+00
1.222798047017191847e-175
1.779130070539250852e+01
1.582489922767617383e-93
0.000000000000000000e+00
0.000000000000000000e+00
0.000000000000000000e+00
0.000000000000000000e+00
8.696156483049672011e-108
0.000000000000000000e+00
0.000000000000000000e+00
0.000000000000000000e+00
0.000000000000000000e+00
0.000000000000000000e+00
0.000000000000000000e+00
0.000000000000000000e+00
0.000000000000000000e+00
0.000000000000000000e+00
0.000000000000000000e+00
0.000000000000000000e+00
0.000000000000000000e+00
0.000000000000000000e+00
1.564222046465181786e-93
0.000000000000000000e+00
0.000000000000000000e+00
7.187884882066083300e-14
0.000000000000000000e+00
0.000000000000000000e+00
0.000000000000000000e+00
0.000000000000000000e+00
0.000000000000000000e+00
0.000000000000000000e+00
0.000000000000000000e+00
0.000000000000000000e+00
0.000000000000000000e+00
0.000000000000000000e+00
0.000000000000000000e+00
3.811667545394219203e-02
1.582046756597503350e-92
0.000000000000000000e+00
2.183483647844876585e-01
8.764892390296659239e-10
3.350676563220388195e-23
4.504668617644849292e+04
1.965504980182587073e-29
5.550956741128789673e+01
2.563888809442759253e+01
0.000000000000000000e+00
2.471225133682278095e-18
0.000000000000000000e+00
0.000000000000000000e+00
5.056978286733366294e-150
0.000000000000000000e+00
0.000000000000000000e+00
0.000000000000000000e+00
0.000000000000000000e+00
0.000000000000000000e+00
0.000000000000000000e+00
0.000000000000000000e+00
1.705385862508816466e-40
0.000000000000000000e+00
0.000000000000000000e+00
0.000000000000000000e+00
0.000000000000000000e+00
0.000000000000000000e+00
0.000000000000000000e+00
0.000000000000000000e+00
0.000000000000000000e+00
1.511640831249607685e-21
2.005324662733489647e-53
0.000000000000000000e+00
0.000000000000000000e+00
0.000000000000000000e+00
1.890050262226334038e-27
0.000000000000000000e+00
0.000000000000000000e+00
1.592066427126710778e+03
1.053507626310483403e+02
0.000000000000000000e+00
0.000000000000000000e+00
0.000000000000000000e+00
0.000000000000000000e+00
0.000000000000000000e+00
0.000000000000000000e+00
0.000000000000000000e+00
0.000000000000000000e+00
0.000000000000000000e+00
1.619929299380205763e-91
0.000000000000000000e+00
0.000000000000000000e+00
0.000000000000000000e+00
0.000000000000000000e+00
0.000000000000000000e+00
0.000000000000000000e+00
0.000000000000000000e+00
3.508152313989539665e-252
0.000000000000000000e+00
2.157512097427334204e-269
0.000000000000000000e+00
9.754351402480609273e-134
2.516111192109271358e-06
2.982467199630579531e-16
0.000000000000000000e+00
6.253334249256214884e-05
3.267582053069327253e-01
2.090898496836327369e-48
0.000000000000000000e+00
0.000000000000000000e+00
5.423293897179449914e+02
4.914268431356267541e+01
3.078505394186966805e+04
2.118560172819275811e-43
0.000000000000000000e+00
1.174669419891868184e-40
0.000000000000000000e+00
0.000000000000000000e+00
3.356480288892084706e-13
0.000000000000000000e+00
0.000000000000000000e+00
0.000000000000000000e+00
1.681201142053138508e-93
0.000000000000000000e+00
0.000000000000000000e+00
1.583016503344089695e-08
8.333572406412050586e-42
0.000000000000000000e+00
0.000000000000000000e+00
2.094166453508107383e-158
1.950465306705097728e-18
1.705249265098572760e-23
0.000000000000000000e+00
0.000000000000000000e+00
6.915898543828288047e-111
1.927682346175423982e-84
0.000000000000000000e+00
1.344228305620855053e+03
1.436298840104090502e+01
5.909778357532785594e+04
0.000000000000000000e+00
0.000000000000000000e+00
3.073328099999825454e-08
1.401191815529366249e+04
0.000000000000000000e+00
0.000000000000000000e+00
0.000000000000000000e+00
0.000000000000000000e+00
1.067263557085376300e-61
0.000000000000000000e+00
0.000000000000000000e+00
0.000000000000000000e+00
0.000000000000000000e+00
1.789476417323952774e+03
2.879309893921766161e+03
2.193151400686538380e-36
0.000000000000000000e+00
7.946414984329838262e+03
1.625928434468420776e-04
0.000000000000000000e+00
6.837427327691955270e+01
0.000000000000000000e+00
7.189771052856638471e-50
4.552199051859142998e+01
3.583671379613911654e+02
7.092713176663112580e-04
2.003549120195500336e+03
7.563646975595493132e+03
1.158533039836362661e+02
0.000000000000000000e+00
8.505102274174155900e+04
1.059650506162083694e+01
3.165446896873289586e-20
1.552542833867508079e+03
1.323598366954742541e-60
3.846470640819400072e-02
8.608335011484034567e+02
4.975947166882260232e-209
6.529066634948089667e-07
7.648210870063828968e-71
1.311191048352733120e-15
3.488298375821888399e-272
2.296669312411522178e-05
2.498894835914911141e+02
5.939630805636433863e-03
6.843486883572752788e+01
1.269428778807109950e+02
6.294998891988268042e+03
8.657217433057002440e-53
1.835996494075657685e-26
3.431143463742207678e+04
7.405724457679894840e+03
6.264053090622190213e-30
2.646734700254516792e+04
0.000000000000000000e+00
2.139783732145858140e-57
1.315640150806855716e-99
0.000000000000000000e+00
3.694944267829776852e-56
2.487091952594275799e-185
1.416190353581044413e-16
0.000000000000000000e+00
2.621513478369362419e-273
2.217444564638270297e-67
1.736135063304225667e+01
0.000000000000000000e+00
0.000000000000000000e+00
0.000000000000000000e+00
3.375472997104157137e-124
0.000000000000000000e+00
6.919660952017798476e-28
4.702370476304654912e-17
0.000000000000000000e+00
3.766913657292504520e-62
2.076901892126153061e-108
7.074245260940361385e-61
1.024829241046595461e-49
8.229103195991820784e-41
2.996912055685171097e-64
0.000000000000000000e+00
0.000000000000000000e+00
0.000000000000000000e+00
8.893128558739792729e-36
1.432999021163193136e-08
0.000000000000000000e+00
3.842698510965395383e-65
0.000000000000000000e+00
5.183347461029796251e-29
1.179642175802297273e-174
6.466821331254034063e-30
4.883566835954287062e-100
8.094539199550673747e-42
5.967148250821305716e-63
0.000000000000000000e+00
0.000000000000000000e+00
0.000000000000000000e+00
1.612952642037138685e+04
4.290385069308242731e-16
3.456366394281682578e-92
0.000000000000000000e+00
2.239640190274997351e-59
3.028936896199491216e-90
2.175001503637049769e-10
3.319638691672990813e-13
0.000000000000000000e+00
0.000000000000000000e+00
4.715441517502280318e-38
3.404786915244086902e-35
5.804228118649526526e-15
0.000000000000000000e+00
0.000000000000000000e+00
0.000000000000000000e+00
0.000000000000000000e+00
0.000000000000000000e+00
5.756867585457178244e-224
0.000000000000000000e+00
5.719893791852927478e+01
5.208645325467210615e-93
4.407685971411048067e-41
0.000000000000000000e+00
3.039735499618249778e-128
1.902664530313708434e-57
0.000000000000000000e+00
3.523580523549974242e-63
1.204117456387592066e-35
4.890225715274854166e-112
5.176727740533190963e-57
1.051027914608297469e-02
0.000000000000000000e+00
0.000000000000000000e+00
0.000000000000000000e+00
0.000000000000000000e+00
1.002257434525988356e+05
0.000000000000000000e+00
0.000000000000000000e+00
3.988445410748506401e+04
3.429485083076355703e-22
1.863931639612235012e+05
1.181233905980883604e-89
3.308067377956302074e-301
1.820678377256414095e-03
0.000000000000000000e+00
0.000000000000000000e+00
0.000000000000000000e+00
0.000000000000000000e+00
2.815068345385859649e-107
0.000000000000000000e+00
4.213621078056084261e-277
1.211093993955195861e-290
0.000000000000000000e+00
0.000000000000000000e+00
1.207191244338684157e-204
9.807065006141402020e-119
0.000000000000000000e+00
1.308528149253488622e-15
9.026922880976889639e-197
0.000000000000000000e+00
0.000000000000000000e+00
0.000000000000000000e+00
0.000000000000000000e+00
0.000000000000000000e+00
9.308082186152464707e-114
0.000000000000000000e+00
2.220063991449624622e-45
0.000000000000000000e+00
1.650525078433985621e-28
1.952611866529163951e-103
4.867481169109936778e-165
4.773572578513943654e+02
0.000000000000000000e+00
0.000000000000000000e+00
0.000000000000000000e+00
0.000000000000000000e+00
0.000000000000000000e+00
0.000000000000000000e+00
0.000000000000000000e+00
2.284442459003948458e-14
0.000000000000000000e+00
1.172958601709189053e-96
0.000000000000000000e+00
0.000000000000000000e+00
0.000000000000000000e+00
0.000000000000000000e+00
0.000000000000000000e+00
0.000000000000000000e+00
2.605635922351555740e-133
0.000000000000000000e+00
1.777706154701048555e-201
0.000000000000000000e+00
0.000000000000000000e+00
0.000000000000000000e+00
0.000000000000000000e+00
0.000000000000000000e+00
5.892210248990213737e-212
0.000000000000000000e+00
0.000000000000000000e+00
0.000000000000000000e+00
0.000000000000000000e+00
0.000000000000000000e+00
0.000000000000000000e+00
0.000000000000000000e+00
0.000000000000000000e+00
0.000000000000000000e+00
4.114284295726042161e-07
1.612102529995565710e+05
0.000000000000000000e+00
0.000000000000000000e+00
1.349403774280262382e+02
4.023835044409722681e-129
0.000000000000000000e+00
0.000000000000000000e+00
0.000000000000000000e+00
5.142873498192269963e-116
2.494438498689115026e-288
0.000000000000000000e+00
3.596490869044538112e-32
3.330752737137189251e+04
2.185316802431330805e-15
9.382784311752593877e-36
9.972452729939982867e-09
0.000000000000000000e+00
3.268068412245537502e-31
0.000000000000000000e+00
5.430613521132182465e-09
3.412456556830608315e+04
2.195826085900500417e+06
1.663568442319188725e-10
1.837893717910241032e+00
4.297071458852967112e+02
0.000000000000000000e+00
6.716102377662251576e-88
0.000000000000000000e+00
0.000000000000000000e+00
3.150215000477499173e-31
2.469233672518487133e+00
4.918490399541208546e+01
7.126808611424516130e+03
7.009436257576733048e-201
1.405529842050485340e-20
0.000000000000000000e+00
1.083535767554707490e+03
1.423492223093335724e+03
2.922827814814054914e-57
3.757869621720662678e+01
2.535601633703006428e+03
2.512109516810166667e+02
1.334960594657390800e+02
4.103300156665898366e-110
9.338608910659879501e-06
0.000000000000000000e+00
2.952854702598991971e-87
0.000000000000000000e+00
0.000000000000000000e+00
0.000000000000000000e+00
6.034900278352811283e-90
1.097447438176133751e-02
5.510490297297321831e+02
1.050059832252111941e-01
1.187727971682335580e-04
1.624017223395207736e+02
4.585152308504459959e-182
7.001971014827176987e+04
0.000000000000000000e+00
0.000000000000000000e+00
0.000000000000000000e+00
3.747856852985093496e+02
6.439339429830440882e-62
7.843115595480219555e-48
0.000000000000000000e+00
0.000000000000000000e+00
0.000000000000000000e+00
0.000000000000000000e+00
0.000000000000000000e+00
0.000000000000000000e+00
0.000000000000000000e+00
0.000000000000000000e+00
3.232109363479455861e-19
4.475877266640684411e+02
8.885289909293425431e-05
6.129253656042288269e-07
4.995988815562051968e+03
1.144570495989515902e-174
0.000000000000000000e+00
0.000000000000000000e+00
2.635117483096246747e-37
2.365491007623581398e-38
0.000000000000000000e+00
0.000000000000000000e+00
1.288006531579657986e-45
3.978386551364467198e-21
8.702013035294081614e-91
1.468691136653924400e-144
3.563149504754400550e+04
1.124056562447740180e+04
3.889634985181891810e-21
2.814575780712814598e-02
6.231409989188557917e-199
1.248351084336240905e-156
2.528397735983450455e-10
2.946803352135150170e-55
4.359169289805239714e+03
0.000000000000000000e+00
4.033857016419707975e+02
1.877146142411653955e+03
6.468857847167823472e-02
7.534280074491768578e-50
1.242908202700476211e-195
1.717261029258541384e+04
5.096307536814067134e+03
1.962584551751678831e-184
7.951005893037224936e+00
1.975862452557050517e+02
3.574025750010922593e+02
1.204159424637997802e+02
4.134671447186342874e+01
1.335032257315341745e-20
8.272232819866437694e+02
2.293768375052517968e+03
0.000000000000000000e+00
6.930984926561497544e-28
0.000000000000000000e+00
8.999383296372185734e-154
0.000000000000000000e+00
0.000000000000000000e+00
8.575918688802286646e-260
0.000000000000000000e+00
0.000000000000000000e+00
0.000000000000000000e+00
0.000000000000000000e+00
0.000000000000000000e+00
0.000000000000000000e+00
0.000000000000000000e+00
0.000000000000000000e+00
0.000000000000000000e+00
0.000000000000000000e+00
0.000000000000000000e+00
0.000000000000000000e+00
0.000000000000000000e+00
0.000000000000000000e+00
0.000000000000000000e+00
0.000000000000000000e+00
0.000000000000000000e+00
0.000000000000000000e+00
0.000000000000000000e+00
2.808559415202322479e-221
0.000000000000000000e+00
0.000000000000000000e+00
2.899689995332432065e-17
6.109327582468998941e+01
1.175008318870774993e+01
1.610872957214384087e+02
4.946269638822267007e+04
9.021299981169138391e+02
6.806849181871332985e+04
3.447433853412058670e+04
0.000000000000000000e+00
1.356340866125750472e+04
2.853254681967862325e+02
0.000000000000000000e+00
0.000000000000000000e+00
0.000000000000000000e+00
1.585083142967420519e-02
1.378547822810315120e+04
7.006300003037649731e+02
2.973206343226598847e+01
4.753755936544502903e-23
3.566976918567265238e+04
1.753654640969324873e+03
5.917439606828617798e+03
1.822604480896074620e+03
0.000000000000000000e+00
4.765194058776746533e+04
4.227093271478369161e+02
1.134165695804330653e+03
2.536590546853146974e-12
1.385398647088206019e+02
1.368900196432411284e-11
0.000000000000000000e+00
0.000000000000000000e+00
0.000000000000000000e+00
0.000000000000000000e+00
0.000000000000000000e+00
2.091137986846779661e-04
0.000000000000000000e+00
1.180887181349924986e-01
2.536669029323756436e-100
2.231565105171651360e-25
0.000000000000000000e+00
0.000000000000000000e+00
0.000000000000000000e+00
0.000000000000000000e+00
0.000000000000000000e+00
0.000000000000000000e+00
0.000000000000000000e+00
0.000000000000000000e+00
0.000000000000000000e+00
0.000000000000000000e+00
1.521607991714950367e+04
0.000000000000000000e+00
4.569995698543979756e+01
0.000000000000000000e+00
0.000000000000000000e+00
3.729312650629012627e+00
1.394781589566084676e+02
9.989088852566140986e+01
1.557010767747809687e+01
6.833716979114871164e-21
7.223080642613206237e+02
8.189184336713895658e-04
2.981233099960928213e-06
2.222073776715037141e+00
0.000000000000000000e+00
1.258619144193438818e-34
1.511303452628498740e-186
0.000000000000000000e+00
0.000000000000000000e+00
5.488479770096298057e-181
