# residue i_ratio gamma_2
1.000000000000000000e+00 nan nan
2.000000000000000000e+00 9.625016340803305148e-01 3.529838192415952758e-01
3.000000000000000000e+00 9.336371800315480529e-01 6.422311446863804285e-01
4.000000000000000000e+00 8.561918119484834833e-01 1.505146701790525121e+00
5.000000000000000000e+00 nan nan
6.000000000000000000e+00 9.133640946622628709e-01 8.552935523520068806e-01
7.000000000000000000e+00 9.009030953693877297e-01 9.905634650927375162e-01
8.000000000000000000e+00 9.283629162176417760e-01 6.968484203231603002e-01
9.000000000000000000e+00 8.969837565640015331e-01 1.033813214800511693e+00
1.000000000000000000e+01 7.453554846050737259e-01 3.017609431867972702e+00
1.100000000000000000e+01 6.766547463370071736e-01 4.174371251804235072e+00
1.200000000000000000e+01 7.323826298496127762e-01 3.221242906598144717e+00
1.300000000000000000e+01 nan nan
1.400000000000000000e+01 5.990436900755189420e-01 5.759057279760681602e+00
1.500000000000000000e+01 7.343391489706004860e-01 3.190121512208335286e+00
1.600000000000000000e+01 nan nan
1.700000000000000000e+01 7.287609943319591777e-01 3.279242747400929581e+00
1.800000000000000000e+01 4.747145701315645949e-01 9.211541827438201935e+00
1.900000000000000000e+01 2.369836753543891061e-01 2.339482288999125004e+01
2.000000000000000000e+01 5.196708406392358537e-02 7.811205246445942407e+01
2.100000000000000000e+01 3.687149889481190768e-02 9.494577340533872700e+01
2.200000000000000000e+01 9.992862121168170908e-03 1.709982151542317581e+02
2.300000000000000000e+01 nan nan
2.400000000000000000e+01 nan nan
2.500000000000000000e+01 8.517823678496746955e-04 3.487999580333866447e+02
2.600000000000000000e+01 2.064913993721839008e-02 1.265774702047426246e+02
2.700000000000000000e+01 3.071919771188779888e-02 1.044934747713430880e+02
2.800000000000000000e+01 1.726072824885775681e-02 1.370877289797780918e+02
2.900000000000000000e+01 6.164458986445220390e-02 7.030825206933474192e+01
3.000000000000000000e+01 1.455847485758939297e-01 3.730230226018516504e+01
3.100000000000000000e+01 3.517123653568334785e-01 1.457592734940688040e+01
3.200000000000000000e+01 5.353653240014432102e-01 7.354413796755330246e+00
3.300000000000000000e+01 6.560425009396648743e-01 4.563009300102232046e+00
3.400000000000000000e+01 6.994878411209031199e-01 3.767575248239107388e+00
3.500000000000000000e+01 7.065574196028873155e-01 3.646353761120407544e+00
3.600000000000000000e+01 7.305348268764050301e-01 3.250771200167695163e+00
3.700000000000000000e+01 7.328147759297510833e-01 3.214356242685093790e+00
3.800000000000000000e+01 5.813169935255644294e-01 6.172595987707923726e+00
3.900000000000000000e+01 4.303326739986649274e-01 1.084875530563194346e+01
4.000000000000000000e+01 1.533392820533578393e-01 3.565575998104388589e+01
4.100000000000000000e+01 5.229992715137882220e-01 7.702942606944240822e+00
4.200000000000000000e+01 3.887788207239444294e-01 1.266237433441083837e+01
4.300000000000000000e+01 2.630426634045661127e-01 2.085913424433880792e+01
4.400000000000000000e+01 nan nan
4.500000000000000000e+01 8.670752375033497633e-03 1.802202299765198461e+02
4.600000000000000000e+01 2.180258099566170088e-02 1.234548669496403335e+02
4.700000000000000000e+01 5.092424707718017085e-02 7.906428182211347178e+01
4.800000000000000000e+01 4.482560143908817518e-02 8.517956596009506143e+01
4.900000000000000000e+01 1.421567249701399527e-01 3.807168635342835472e+01
5.000000000000000000e+01 nan nan
5.100000000000000000e+01 2.322199198601840875e-01 2.390608935712217686e+01
5.200000000000000000e+01 nan nan
5.300000000000000000e+01 nan nan
5.400000000000000000e+01 5.885911634469841447e-01 6.000273476247791393e+00
5.500000000000000000e+01 6.543909452740498400e-01 4.595081755649685462e+00
5.600000000000000000e+01 6.082867639187026221e-01 5.551794111368422158e+00
5.700000000000000000e+01 5.022217730279612269e-01 8.321629098993003737e+00
5.800000000000000000e+01 2.851317147347455783e-01 1.900209775962036929e+01
5.900000000000000000e+01 3.320347194504263411e-01 1.573293076144779334e+01
6.000000000000000000e+01 1.973877925836078906e-01 2.820924875614161564e+01
6.100000000000000000e+01 1.370940824031899319e-01 3.925869825773356325e+01
6.200000000000000000e+01 1.131020583275992863e-01 4.588155063891760221e+01
6.300000000000000000e+01 2.200610694482393048e-01 2.528832116707345889e+01
6.400000000000000000e+01 1.097079319937939446e-01 4.698066686252916213e+01
6.500000000000000000e+01 3.023015885714094297e-01 1.771047423407485866e+01
6.600000000000000000e+01 2.258444136709831240e-01 2.461646394418315253e+01
6.700000000000000000e+01 nan nan
6.800000000000000000e+01 2.801654977542374358e-01 1.939920947228339188e+01
6.900000000000000000e+01 2.827246863466020277e-01 1.919317700059734477e+01
7.000000000000000000e+01 1.066176667417546159e-01 4.802379535459742499e+01
7.100000000000000000e+01 5.361703317367282756e-02 7.665448251695092097e+01
7.200000000000000000e+01 nan nan
7.300000000000000000e+01 1.170399906990002986e-01 4.466326970500734461e+01
7.400000000000000000e+01 nan nan
7.500000000000000000e+01 6.343015278617819552e-02 6.904207376259998341e+01
7.600000000000000000e+01 1.006036564448872794e-01 5.018043947499496937e+01
7.700000000000000000e+01 1.693015016913315129e-01 3.262405193984995577e+01
7.800000000000000000e+01 3.059045688740650859e-01 1.745432974636649348e+01
7.900000000000000000e+01 nan nan
8.000000000000000000e+01 3.100620787603802775e-01 1.716475349345111567e+01
8.100000000000000000e+01 6.014328679847104064e-01 5.704950015974828759e+00
8.200000000000000000e+01 6.711418239126153429e-01 4.276250973682786061e+00
8.300000000000000000e+01 6.567536430912674916e-01 4.549243019084138417e+00
8.400000000000000000e+01 7.754796705571306292e-01 2.568275811119491880e+00
8.500000000000000000e+01 nan nan
8.600000000000000000e+01 6.616957883278774544e-01 4.454293783555978159e+00
8.700000000000000000e+01 8.706965053620067119e-01 1.332980414850991391e+00
8.800000000000000000e+01 8.996550399885235860e-01 1.004298666878311819e+00
8.900000000000000000e+01 8.489671314514283251e-01 1.592879836697716822e+00
9.000000000000000000e+01 6.943144718563208917e-01 3.857667744266307874e+00
9.100000000000000000e+01 4.337426054260751229e-01 1.071295824211511238e+01
9.200000000000000000e+01 2.337834380686535096e-01 2.373649561519636109e+01
9.300000000000000000e+01 7.584956391841961298e-02 6.137044988870248829e+01
9.400000000000000000e+01 1.104250317423968314e-01 4.674449245812025566e+01
9.500000000000000000e+01 2.281852984959779063e-01 2.435205418655329979e+01
9.600000000000000000e+01 nan nan
9.700000000000000000e+01 4.769754791896003709e-01 9.135099097826371306e+00
9.800000000000000000e+01 5.724274259974805323e-01 6.388352743674574619e+00
9.900000000000000000e+01 7.173476702014914830e-01 3.465427541340948547e+00
1.000000000000000000e+02 6.295551466473577884e-01 5.095175158782720537e+00
