# residue i_ratio gamma_2
1.000000000000000000e+00 nan nan
2.000000000000000000e+00 6.990319624532458365e-01 3.775466737952714258e+00
3.000000000000000000e+00 8.612677414645996121e-01 1.444301650623889710e+00
4.000000000000000000e+00 6.576187661107348870e-01 4.532531350552578608e+00
5.000000000000000000e+00 nan nan
6.000000000000000000e+00 5.694790710780655019e-01 6.461203431945443221e+00
7.000000000000000000e+00 5.553288235408707640e-01 6.820162762185261407e+00
8.000000000000000000e+00 3.827303663576490100e-01 1.295357849502951453e+01
9.000000000000000000e+00 3.011793214883815017e-01 1.779126759826153403e+01
1.000000000000000000e+01 2.092279385354055277e-01 2.662325843510944523e+01
1.100000000000000000e+01 2.587259580527690450e-01 2.125122790574208764e+01
1.200000000000000000e+01 3.085051114939221795e-01 1.727245910206852031e+01
1.300000000000000000e+01 nan nan
1.400000000000000000e+01 1.626577629023800431e-01 3.383223917329350172e+01
1.500000000000000000e+01 3.277473574430875281e-01 1.600001597276785148e+01
1.600000000000000000e+01 nan nan
1.700000000000000000e+01 3.291895220204439920e-01 1.590954188575663153e+01
1.800000000000000000e+01 3.109029432021657158e-01 1.710694862807423178e+01
1.900000000000000000e+01 2.186316272646438574e-01 2.545860803485658153e+01
2.000000000000000000e+01 9.362540905502093891e-02 5.291901452889834445e+01
2.100000000000000000e+01 1.088967918574762772e-01 4.725044269428305910e+01
2.200000000000000000e+01 9.768453554589927312e-02 5.129305573340193547e+01
2.300000000000000000e+01 nan nan
2.400000000000000000e+01 nan nan
2.500000000000000000e+01 1.396438566798236663e-02 1.499173220124999375e+02
2.600000000000000000e+01 8.341986532127051990e-02 5.747285414697716988e+01
2.700000000000000000e+01 1.329438813069366565e-01 4.028019720361244538e+01
2.800000000000000000e+01 1.343920890077094366e-01 3.991857097732996351e+01
2.900000000000000000e+01 1.696153937868174200e-01 3.256871928996519472e+01
3.000000000000000000e+01 1.611857665699035214e-01 3.410988761763697852e+01
3.100000000000000000e+01 1.210721007746577010e-01 4.347464720696807916e+01
3.200000000000000000e+01 8.913346199143888648e-02 5.483539221411584919e+01
3.300000000000000000e+01 9.831140199774004995e-02 5.105027138588547331e+01
3.400000000000000000e+01 1.645569584705564303e-01 3.347947111927132369e+01
3.500000000000000000e+01 1.991739859054065254e-01 2.796078843965549865e+01
3.600000000000000000e+01 2.819542097470652542e-01 1.925489117273045281e+01
3.700000000000000000e+01 3.445919289775429828e-01 1.498207803584027609e+01
3.800000000000000000e+01 3.800935188244428109e-01 1.308293682722884554e+01
3.900000000000000000e+01 4.863530721627987163e-01 8.824520800895049533e+00
4.000000000000000000e+01 5.203659828994825487e-01 7.779000138248778562e+00
4.100000000000000000e+01 5.144721991673123496e-01 7.951654871867785523e+00
4.200000000000000000e+01 5.555916194732711810e-01 6.813351889073323342e+00
4.300000000000000000e+01 6.790160366956268234e-01 4.131181524369450742e+00
4.400000000000000000e+01 nan nan
4.500000000000000000e+01 3.048791026401150850e-01 1.752673488146499636e+01
4.600000000000000000e+01 4.639392712858783074e-01 9.584553587892909121e+00
4.700000000000000000e+01 7.792832601661942027e-01 2.513752582619119824e+00
4.800000000000000000e+01 8.098612539917573461e-01 2.092144051820468587e+00
4.900000000000000000e+01 7.785342376185337976e-01 2.524451879710930768e+00
5.000000000000000000e+01 nan nan
5.100000000000000000e+01 7.105530590439638194e-01 3.578787994234576164e+00
5.200000000000000000e+01 nan nan
5.300000000000000000e+01 nan nan
5.400000000000000000e+01 6.353749627490749008e-01 4.974907666928984007e+00
5.500000000000000000e+01 7.894296585048415915e-01 2.370610445468160687e+00
5.600000000000000000e+01 8.271628517704091577e-01 1.866017075647268486e+00
5.700000000000000000e+01 9.082679110379258125e-01 9.102083535909057943e-01
5.800000000000000000e+01 8.924235339608876938e-01 1.084567875283421579e+00
5.900000000000000000e+01 9.582351001456971273e-01 3.947391326983579751e-01
6.000000000000000000e+01 9.486392993245272853e-01 4.898984919140113026e-01
6.100000000000000000e+01 8.772604025119837834e-01 1.256760631477534806e+00
6.200000000000000000e+01 7.941242179781026200e-01 2.305490798646470996e+00
6.300000000000000000e+01 8.522748996930183951e-01 1.552545372309526828e+00
6.400000000000000000e+01 8.709298950767897507e-01 1.330252504698612226e+00
6.500000000000000000e+01 8.956638575038736727e-01 1.048455390439385848e+00
6.600000000000000000e+01 8.088061166008018166e-01 2.106215374023285403e+00
6.700000000000000000e+01 nan nan
6.800000000000000000e+01 9.158397529851318719e-01 8.288167393752917667e-01
6.900000000000000000e+01 8.820256790953822090e-01 1.202069185249504901e+00
7.000000000000000000e+01 8.614156373402998002e-01 1.442538530082417170e+00
7.100000000000000000e+01 9.038346568518440538e-01 9.584359942511008201e-01
7.200000000000000000e+01 nan nan
7.300000000000000000e+01 9.177648395031989814e-01 8.083177797083636040e-01
7.400000000000000000e+01 nan nan
7.500000000000000000e+01 9.452634779610132876e-01 5.237934477977247427e-01
7.600000000000000000e+01 9.581056761895320184e-01 3.960110568420733834e-01
7.700000000000000000e+01 9.570388719515209308e-01 4.065070869660331598e-01
7.800000000000000000e+01 9.772395406000569107e-01 2.113057446954638707e-01
7.900000000000000000e+01 nan nan
8.000000000000000000e+01 9.668358985687282026e-01 3.109093882485228777e-01
8.100000000000000000e+01 9.220811770437774557e-01 7.626383479405014487e-01
8.200000000000000000e+01 9.269684481525291009e-01 7.113830554085563973e-01
8.300000000000000000e+01 9.587695808789159502e-01 3.894897921377016847e-01
8.400000000000000000e+01 9.788437974167173428e-01 1.961185159610349948e-01
8.500000000000000000e+01 nan nan
8.600000000000000000e+01 9.649651406211012805e-01 3.290273555497075231e-01
8.700000000000000000e+01 9.272858953946795380e-01 7.080707919910574910e-01
8.800000000000000000e+01 8.307324704833336515e-01 1.820418112620522777e+00
8.900000000000000000e+01 8.200251305541602642e-01 1.958265684231346837e+00
9.000000000000000000e+01 9.128640606839784066e-01 8.606571524469711632e-01
9.100000000000000000e+01 9.397315113293640554e-01 5.798157013178546482e-01
9.200000000000000000e+01 9.591832396520981741e-01 3.854307463404276213e-01
9.300000000000000000e+01 9.677083565496008566e-01 3.024816037001314406e-01
9.400000000000000000e+01 9.664192050005691037e-01 3.149394626708471590e-01
9.500000000000000000e+01 9.511200384963327537e-01 4.651301494011431670e-01
9.600000000000000000e+01 nan nan
9.700000000000000000e+01 8.576926194240005463e-01 1.487088897720701297e+00
9.800000000000000000e+01 8.417359094349616822e-01 1.682050815731985782e+00
9.900000000000000000e+01 8.285158724978844980e-01 1.848691739786987087e+00
1.000000000000000000e+02 8.701942051696539560e-01 1.338855893362186134e+00
