0.000000000000000000e+00
6.343476871281905584e-05
6.084137427275752685e+01
1.199102959726653594e+01
4.676572794653132803e+00
1.519853818372034659e+01
8.509395611629491540e+00
1.049269863204702729e-266
3.674032048223496361e+01
2.780789331551692278e+00
9.655039678272743231e+00
7.535717646107154444e+00
5.262392090280559209e+00
8.178060927253593348e+00
7.019670801851361830e+00
1.475461333609761638e+01
5.122470566188663810e+00
0.000000000000000000e+00
1.814225120695980795e-214
0.000000000000000000e+00
1.244130459485776009e-14
1.739333513633968309e+01
4.810497197191221375e+00
1.421682315677171360e+01
7.871389302382856279e+00
1.888512270155326433e+01
2.254223042429813528e+00
1.661266243169502133e+01
1.258543014076389532e+01
1.483881191944856148e+01
6.151141284112229641e+02
1.561053624079849556e+01
8.783433584783484349e+00
7.888283867946665140e+00
6.070564227947622626e+00
5.705772738356451157e+00
4.181586289213760743e+00
1.373443904939011517e+01
5.624729401188521827e+00
9.250350079069470155e+00
1.784183914464720289e+01
1.695629767353823780e+01
5.266502181022827966e-02
2.059471756257959640e+01
1.119359724986901128e+01
1.667100841022495317e+01
1.432042189107659524e+01
1.078391177687939262e+01
6.387018378176890820e+01
3.995134042652912143e+01
3.971166349015937413e+01
1.789425998983911370e+01
2.102394099645557546e+01
1.895524429934427246e+01
1.265770600418334269e+01
1.808804234331624983e+01
1.018273542983973101e+01
2.655100527395501331e+01
3.146920333173379092e+01
1.287831380904793654e+00
6.856281810879568880e-04
9.275547620077986721e+00
3.505471619089244040e-02
6.093468590246192029e+00
3.651614513207490198e+00
8.261659543489724200e+00
8.580404182754371334e+00
8.428701383932107660e+00
7.780312152804548909e+00
4.336420088899604508e+00
1.017693203113645950e+01
1.174762488394111770e+01
4.819814072669039717e+00
1.154454129317521804e+01
2.829201536071123613e+01
8.262117489417478922e+00
5.385911974889187270e+00
2.269713362672812096e+01
5.733179194823993186e+01
1.364632730016192319e+01
1.159113343657074182e+02
1.013556436217369061e+01
2.463413657253040157e+01
1.906050941572771507e+01
1.481703818264710115e+01
8.431874888893748476e+00
1.001923123859853604e+01
1.412176339685716542e+01
4.897857550410768646e+00
1.046188733531660553e+01
3.431193129662879215e+01
2.256946939323263379e+01
7.208136027595920758e+00
2.789836688950782673e+01
4.828794019363989065e+01
4.956897482973827351e+01
1.379721770109992178e+02
1.985250181934017064e+02
4.975042575443296755e+00
8.074266788586039922e+01
1.680759917151122636e+03
2.550668302037784940e+02
5.694578644100733552e-09
1.058496704413797858e+02
1.444856226704838065e+01
1.289021540100258392e+02
7.440629316994937881e+01
2.582131828835806431e+01
1.825712928027439830e+01
2.027047460714998977e+02
7.354654294127558387e+02
5.257792694307322904e-18
1.063871550826321160e-16
2.126619514919535050e+03
0.000000000000000000e+00
8.533672648090473434e-01
1.665709744898264027e-94
9.047629900099214912e-16
2.318567715107300955e+03
9.903865882484758743e+01
3.980779384999131754e+00
4.515456576894711361e+03
4.196452452655419620e+03
2.677372119080890116e+03
0.000000000000000000e+00
1.061483241155416150e-06
0.000000000000000000e+00
2.258761996268133888e-102
1.393401465969173358e+01
2.556693092312235365e+02
5.040957528153741805e+03
0.000000000000000000e+00
0.000000000000000000e+00
1.691605931581255890e-16
0.000000000000000000e+00
0.000000000000000000e+00
1.519811023014948538e-26
9.123375816352577943e-83
0.000000000000000000e+00
1.054863827019633327e+01
2.829835482917685141e+01
6.896025069011788359e-231
0.000000000000000000e+00
0.000000000000000000e+00
0.000000000000000000e+00
0.000000000000000000e+00
0.000000000000000000e+00
0.000000000000000000e+00
0.000000000000000000e+00
0.000000000000000000e+00
1.133121783525095225e+03
2.571665200604550498e-304
1.139789398374403895e+01
2.966293756718659438e+02
1.022044580978245563e+03
9.854699099101203501e+02
4.028612542175632379e-104
0.000000000000000000e+00
2.939171979662536697e-190
0.000000000000000000e+00
0.000000000000000000e+00
6.572033118016197807e-07
1.846034199384397141e+02
0.000000000000000000e+00
2.504303293241400949e-15
1.223363775222888307e+03
5.608584683945307461e+02
0.000000000000000000e+00
2.253359317890762073e-52
1.887880312790562836e-119
1.162567252657090832e-37
2.764268436681813324e-15
4.389429612451372495e-211
6.456841510116869499e-265
2.531840261738029439e-18
8.788477108182814925e-201
1.881374408147528674e-19
0.000000000000000000e+00
0.000000000000000000e+00
0.000000000000000000e+00
9.805647778323150611e-10
8.040801959693957654e-242
3.083365360739725958e+01
1.426538920480313095e+02
0.000000000000000000e+00
3.245975366969118331e-119
1.820477939180925597e-01
1.093367274246678602e-320
7.380144016727094303e-02
1.127095940091521165e+01
3.482256185888503808e+01
4.500986293823951456e+01
1.153209195251889128e+02
1.460910168449874220e+02
6.543877876119474024e+01
5.150787976834714073e+02
9.032332273714708037e+01
4.711635628546155807e+00
1.655120064453782902e+01
5.262062414327966735e+02
2.378720912772471365e+02
7.641537106212769004e+01
2.350258954129315070e-21
1.703153856211280564e-58
5.172211257499096612e-15
8.005950224672320203e-01
2.140333232702189743e-18
6.034286500525062186e-04
1.514691416186754166e-54
0.000000000000000000e+00
2.139705501392902888e-12
3.434872300979544235e+01
2.084078498195843393e-42
3.250737947150173121e-261
0.000000000000000000e+00
0.000000000000000000e+00
0.000000000000000000e+00
0.000000000000000000e+00
0.000000000000000000e+00
2.074009221510994897e-09
3.057553165500997831e-240
0.000000000000000000e+00
2.884005597443022080e-130
0.000000000000000000e+00
0.000000000000000000e+00
1.934292963088175710e-05
6.659453060151482231e-32
1.548876077754597095e-08
9.764702234236312166e-08
1.658400714030102790e+03
5.087791050239951574e+01
3.030133215875695729e+00
1.052386343900895300e-27
2.043434446178546082e+01
9.178081107969256891e+01
8.090770150430518015e+01
7.255940944351215194e+01
2.658214072602897792e-64
7.390230247790390525e-102
7.449853535397937994e-03
7.615601602807746033e-09
4.410641533583628160e+01
4.122899064407217651e+01
1.325909452448861714e+01
1.428460537743703895e+01
1.309600984429948944e+01
1.136749476711033147e+01
3.887903838747687502e+01
3.449982273716727832e+01
1.470559399578637283e+02
2.184897722240825715e+02
2.917131617129116989e+02
5.984329018856370567e+03
2.193536488725543734e+02
2.313437732220839962e+02
3.572549230638170314e+01
2.763526084535908112e+01
3.568781327223211406e+02
1.023053360037541495e+02
7.501752241741139748e+00
3.276349703630306465e+01
7.103350952193952139e+01
1.822399792599512836e+01
3.603019713652138734e+01
1.188996299726796302e+01
1.129396530737787963e+01
1.384861152050820010e+01
1.645462830436421697e+01
1.454376062617988552e+01
9.927455400665049723e+00
1.402186648373714206e+01
8.250139874741362789e+00
1.362626751337683473e+01
1.255086204878474021e+01
1.574173838533330994e+01
3.336575856420122221e+01
1.580268486804764017e+01
1.677647774761970823e+01
1.991197407951342413e+01
3.569596750605354174e+01
1.100908797433177178e+01
2.653273637734921664e+01
8.412780693000314614e+00
2.586874199731799706e+01
5.341291394525456582e+01
6.351783154930116915e+00
2.718606147751300028e+01
1.108746279853024674e+01
9.977693740596828009e-01
3.341983229808793698e-01
1.620554351907260937e+01
1.160984806561006621e+01
8.919597534498052482e+00
5.337974231412935922e+01
1.260351325996142258e+01
1.979768038164605315e+01
1.335982674750414390e+01
7.585557734213935532e+01
5.096783817622389279e+01
3.833989058613961998e+00
3.257990098890197750e+00
8.017179638726962265e-01
2.338687328613343830e+00
3.424640424790888460e+01
9.973217429903034059e+00
8.382458755691555297e+00
1.476224338367088507e+01
1.148536510121607179e+01
8.046437444807597927e+00
8.792914475908538918e+00
8.404728129646988677e+00
9.681020867749323244e+00
1.337291990040629486e+01
1.176355287026290242e+01
1.143016792453874508e+01
6.159681620563720733e-02
4.100242519901208915e+00
9.183126603781920139e+00
8.973869207068055687e+00
2.288339891819210337e+01
1.020597533790638778e+01
1.769592656901506800e+01
2.233131962089949241e+01
1.769270259277986312e+00
3.646735818178692856e+00
6.563415803177501395e-01
2.965342314077538708e-26
4.838000640638221839e-07
2.799188663627951712e+01
1.686839434039443838e-25
1.659696565734292417e-01
4.556256004841756067e+02
0.000000000000000000e+00
1.538073277079921946e-37
2.574451763250425884e+01
1.272799134771190666e+01
2.008615456910827675e+02
1.132161662612450748e+01
1.007365036928619340e+00
3.090340194048821587e+01
1.441922882810677264e-01
1.866549666112528172e+01
1.126205645482770829e-01
3.682780074673802062e+01
8.125541791457563079e+01
1.128377948888136473e+01
1.774620550325412438e+01
7.929308345773499411e+01
1.456063559135668817e-02
1.120813753160862301e-05
2.534606248495945621e-03
1.957154365311596678e+02
1.574324022212070441e-132
0.000000000000000000e+00
0.000000000000000000e+00
0.000000000000000000e+00
7.847307810943733841e+01
6.266522744955253799e-02
1.317887842641767351e-02
3.469943639527646530e-14
1.657649030098905298e-171
6.805620420994716824e+01
5.850725378052041576e-320
5.571764616174272401e-145
8.076970481294518782e-09
0.000000000000000000e+00
1.687198307539686084e+02
9.178288652798460845e+00
5.302061749077298103e+00
4.618432733180031668e+00
3.278894728628121698e+02
4.357402247362388792e+00
8.569122032145614298e+00
5.795557633115784944e-07
1.747880142387705504e+01
1.303093162205865241e+01
8.040599797455598718e+01
7.414953849618552795e+01
1.065808249315429279e+01
2.465250010222843571e+02
6.086189199165387365e+00
3.106174476779212767e+00
9.267599689751982339e+01
2.374559483119491432e+01
8.538164091560298985e+00
2.169492894931383731e+01
2.552123607146081260e-13
6.390293725950063930e+01
1.529897930377659976e-01
7.781125745749560174e+00
8.883666871363271156e+00
1.873639765319128969e+01
6.168238913795644152e+01
0.000000000000000000e+00
6.438519878840863314e-27
1.755176347624633237e+01
3.539838142240823695e-232
1.846889451761817824e+01
1.539635874725172698e+03
6.422853395936205074e-323
6.003564136413335195e-01
0.000000000000000000e+00
7.050274271986101127e+00
0.000000000000000000e+00
3.133791636981239637e-02
1.219908812848026214e+00
8.746794553490990170e-64
2.885749580404842838e-96
4.601597484928376333e-28
6.342244562899052696e+00
4.302070377508691479e+00
0.000000000000000000e+00
0.000000000000000000e+00
5.000721909968330436e+01
1.604176658555852839e+02
1.115072678223453684e+00
1.563760132952938342e+01
1.714767509586367922e+01
6.606041506416671893e+01
1.903015316782803029e-02
7.828876994761573087e+02
3.695083032370183405e-04
1.071006286035093780e+01
1.262986431794754623e+02
2.396956736187202708e+01
0.000000000000000000e+00
2.138550887559501845e+01
7.508358823913468427e+01
4.223506124563239261e+00
7.466722006169637993e+00
3.836646179178643812e-01
2.354861053836486473e+00
1.785959249537095417e+01
1.400925543542272944e+00
1.034850114068339444e+01
3.029043732045263937e+01
2.107072521081691008e+01
2.565708561365837781e+01
1.109751971816685412e+01
1.223353849251967418e+01
4.644426929156124828e+01
3.984129534930254124e+00
4.441650156112806432e-321
2.221997414887914510e-02
1.592412545219382161e-05
6.296837338533415050e-39
1.533663590729643431e+02
6.175804928365461421e+01
2.239261977770485501e+01
3.918478259954006190e-18
0.000000000000000000e+00
3.426576621831153787e-292
1.491264705501223453e+01
6.046789146497925458e+02
0.000000000000000000e+00
1.007758137669470452e+05
1.104368578649969379e+02
9.848057063380335308e+01
5.902604668760955974e+03
4.436423870986663834e-134
0.000000000000000000e+00
0.000000000000000000e+00
0.000000000000000000e+00
0.000000000000000000e+00
0.000000000000000000e+00
0.000000000000000000e+00
9.927352416240518846e-152
9.586628651887889319e-02
6.036059012125019052e+01
1.385917944038880556e+01
1.855054956347363457e-06
5.386826612507588763e+00
0.000000000000000000e+00
1.163942793034567380e+00
2.128922384455588013e+00
1.893561626014522403e+01
1.112292492185273041e+01
1.386597323243047342e+01
2.273526065381135908e+01
6.063555313762080345e+00
3.339655817403588856e+01
2.508225070052968146e-64
4.662902344287631062e-01
7.661444848988117506e+00
2.443799109621339338e-01
3.027010023974948671e-01
8.758621719074348444e-02
4.330681231606545722e+00
8.786326027734103761e+00
6.113376681894063663e-02
8.867484282369201054e+00
1.351975981847369557e+00
1.360653198193047531e-01
6.745902152296663346e-01
2.734688342923803717e+01
1.317174845749113565e+01
2.024464305736802139e+00
1.098140418550352271e+00
1.543352837400407211e-228
4.442911694383016027e-28
9.070545282635166586e+02
1.448697959495571785e+00
0.000000000000000000e+00
0.000000000000000000e+00
0.000000000000000000e+00
0.000000000000000000e+00
0.000000000000000000e+00
0.000000000000000000e+00
0.000000000000000000e+00
0.000000000000000000e+00
2.461256465366819848e-199
0.000000000000000000e+00
1.092587366149030181e+01
1.232784544362944779e+01
6.739728394696599123e-01
1.315866065125402606e+01
2.042636183975418618e+01
4.376746045310997033e+02
8.788664030681476902e+01
2.379337656859639694e+01
3.802703741912537809e-17
2.607967810342795567e-04
1.194331175646845822e-01
0.000000000000000000e+00
2.206374255709135212e-48
0.000000000000000000e+00
0.000000000000000000e+00
1.251787815366511177e-75
4.327322019828966404e+01
4.037982090748641326e+02
4.159968449025433983e+03
5.871379018983438982e+02
2.896545329174096801e-94
2.476111773297644447e+02
1.416440762714537291e-03
2.028718921674851927e+01
3.711076743820651132e+02
1.474811671061473817e+02
8.728120734839363593e+01
1.297205620125305359e+02
8.321444663871722014e+01
9.330537441258000797e+01
8.718298360703566630e+01
3.344176906401817462e+01
6.179956553221165194e+01
7.461410242463705877e+00
1.369666876082044027e+01
3.087652728236324862e+00
1.935222923681165241e+01
3.950238713511925681e+00
2.999132453489349359e+01
3.587064500148190405e+01
2.883491274916598712e+01
9.473254353022132079e+01
8.796259686553946722e+01
1.388647730039075867e+01
1.480654334314436937e+01
5.551574838693802416e-01
3.442151807268260910e+01
5.853666415564138958e+01
2.038460558625345357e+03
1.695990681510785123e+02
1.484135502961655462e+01
6.103670426554840844e+01
1.347687147272368335e+01
5.130844160735314574e+00
2.606237921780788724e+01
2.316988894045070424e+01
1.207266225378584856e+01
1.080880725962980193e+01
2.757183386461013441e+01
1.517718301662047793e+02
8.765109907346513296e+00
1.073449348135752857e+01
5.006091844095294618e+01
1.429541125565992559e+02
1.783299105337439272e+01
2.408104471423032322e+01
8.818367425550198035e+00
2.355712802242190307e+01
2.011604063732495362e+01
2.549922955329461871e+01
1.086583756535865319e+01
1.348324429510520162e+01
1.544291993106812022e+01
1.917043387857187087e+00
1.274329252123136946e+01
1.755631879338231727e+01
7.474925880787282928e+00
1.981734757676651526e+01
3.167800099294369076e+01
1.490057090804963558e+01
5.102306766710515262e+01
1.700526390666674956e+02
8.418556424074218114e+01
0.000000000000000000e+00
1.969414117633937645e-04
3.849596370504803300e+00
1.177451674836887037e+02
2.354326341484328395e+02
1.633027973173489329e+02
2.528979070863264766e+01
1.426572030023782645e+03
1.652495419495363080e+02
5.712666769954720891e+00
2.619866481410713845e+02
7.621019383460251523e-07
1.948344761129819247e+01
2.007841184311144644e+01
3.306614477353755821e-06
2.353824725808547399e-03
1.027184477219165775e-44
3.463225995525696654e-01
5.665630605537774755e+00
4.032055862935876034e-01
1.613979722788530680e+01
6.243167826827338729e+00
2.411029572409426791e+01
7.422303810950698910e+00
1.774564628640072916e+00
1.286688461702900099e+01
3.384287003194956345e+00
2.411721859049834927e-05
1.612590775088692752e+00
1.539531684399797040e+00
3.566509965955035000e+00
1.491457555922203149e+01
1.279915995493217551e+00
1.425652279388798897e-04
2.955075434809589652e+01
2.328748334161933234e-13
4.667281233115699024e+01
1.960043773332345651e+01
1.113193031013398919e-11
1.612697362982397353e-01
4.172183528266899089e+01
1.760189415157919086e+02
8.229399918729598085e+01
2.011769720587824661e+00
1.772949128875548064e-01
1.726447310631108678e+01
1.971737567989942708e+00
5.688596454686772574e+01
3.546905043584296635e+01
3.755212044143585465e-28
2.325752650538140287e+01
2.285194702007595779e+01
8.305755234468281856e+01
9.300295645516484910e+01
2.156906000051760586e+01
3.962107814990067709e+02
3.267566215711828903e+01
3.096702290778188527e+01
2.389854797714952994e+01
3.997029203250046692e+01
7.548260607052675653e+01
4.278399145311551166e+01
0.000000000000000000e+00
6.540176235899206603e+00
2.023704170834115385e-04
1.926692736566616988e-25
5.968466004070422520e-02
4.583424570446172908e+01
4.182337791803513172e-01
2.185050810182199754e+01
1.744259006688735525e+01
5.017026308695450965e+00
2.721378805246055421e+01
1.843197409767918415e+01
2.768799257537490632e+01
8.767529052327273575e+01
3.628386344874204639e+01
2.800362514366148403e+01
3.988100401049686550e+00
1.889121948505325932e+01
1.914685539529243030e+01
8.936120307140134056e-01
6.917244920484390036e+01
4.025156980011457275e-01
1.329134887643249208e+01
3.396657871721238120e+00
4.423649417124077665e+00
8.745512617910040920e-02
3.928561449712375531e+00
1.071966965364838931e+00
4.810921214841421575e-04
8.291904400328523650e+01
1.040368680253308639e+03
3.009796607463493867e+00
4.213184362901573721e+00
2.906478696633208259e+01
1.643385678008836592e+01
5.499440096161378300e+00
1.947513002969161633e+00
3.434849811561869526e+00
1.054596804963855128e+01
1.448901759296030036e+02
5.901175803817763042e-04
2.711264444028973131e+01
2.537080097797952405e+01
2.852624093164245522e+01
6.146449062281239550e-01
6.932066503736255365e-04
2.813866287504862562e-02
1.167121331027428432e+01
1.221032725918705175e+01
1.706014298790863748e+01
1.238799446290694029e+01
1.281767036518517244e+01
4.551696913926853050e+00
1.153256702891092722e+01
8.221759568912068517e+01
3.946279944564987652e+00
9.002051082376182067e-02
1.698650464712678954e+01
1.337413035414622442e+01
4.178542959704318882e+00
1.275345959649195615e-01
9.349205369606169214e+00
6.736423516072556072e-01
2.196425127727224336e+01
6.807366396997588254e+01
9.166875753580711716e+00
4.277085521147924396e+00
3.913698461029266440e+00
4.235249076568960547e+00
1.518697368134756687e+01
9.792975558598154828e-01
5.723275451201270680e-01
1.217789100473319897e+00
4.115516163203900568e+00
1.624505202298716355e+01
4.057962879032935888e+01
3.778239183180900085e+01
2.648104922445484632e+01
9.063733822698296194e+00
1.344055720266121767e+01
1.177839940544588515e+00
4.776754184552216742e+01
1.772984849326286039e+01
1.562811210380934135e+01
1.904455709188275492e+01
4.811949061593676902e+01
7.102438584511855879e+01
3.174601240628404319e+00
1.779011244914743983e+01
3.638014995986804934e+01
3.617755696802485943e+01
5.360285517349003470e+01
4.230843689716007816e+01
7.220974675270546150e+00
3.355623713847889711e+00
2.620162495932168412e+01
2.583660457884769457e+01
2.004992169828800002e+02
3.758185238347125701e+00
3.756847668414877273e+00
5.886369448950082983e+01
2.674223256317318942e+01
4.481378457798613368e+01
2.053617108475365853e+02
8.470960262480768677e+01
9.052626348010790025e+01
6.290615610297939497e+01
2.955370608404370714e+01
1.914803068812382492e+01
1.782046182227935276e+02
9.313954894582203014e-05
7.038918879553605734e+01
2.743403418469152300e+01
4.877999610075192294e+01
8.904591260408514586e+01
1.380600016077221781e+01
4.672201919591929453e+01
7.627895617768467673e+01
6.458005015873999355e+01
9.172546430228381453e+00
2.582276845285278100e+01
2.168760905786103699e+00
4.983519122789907385e+01
2.854678077754119059e+01
3.558042082811224560e+01
4.676456571120156669e-01
1.661871982589487473e+01
6.478348647402694382e+01
1.803496864939623379e+01
1.355809316912617857e-01
2.053693054893195935e+01
3.562769359661017461e+02
3.252892298956617623e+01
2.658819022123178044e+01
3.349398198293777540e+01
1.659385936534362926e+01
7.508609374527610214e+01
1.599992878861504586e+01
8.073632419737888810e+00
3.920793214452155784e+00
5.138290009097745070e+01
3.162805038819904579e-98
1.987933103137525848e+01
5.776670917707328101e+00
9.008837607786575670e-21
2.872388205972397221e-19
4.131642864026246337e-02
3.615559153556924699e+00
0.000000000000000000e+00
8.362183607741211944e+00
8.235521129034520271e+00
2.519088368391494370e+01
1.920959132912101381e+02
6.245937303287545461e+01
1.668855337772815517e+01
1.212786095062008584e+01
8.457567357197476099e+00
4.263529514992616676e+00
1.277881288500145445e+02
3.681001307271195344e+01
5.257679595971786313e+01
2.524916382985195895e+01
1.339329706590155933e+00
1.451915778817151761e+02
2.800110109286245041e+00
1.895973654802695751e+00
3.233853217830987781e+00
1.220291716187540563e-03
1.366158900191672743e+01
1.406016033785329569e+02
1.893814345484801720e+02
5.716085689585447227e+01
1.980243785498870693e+03
0.000000000000000000e+00
2.775602238745841888e+00
6.547672787409656792e+01
1.312505599911913237e+02
4.334580268618986487e+00
2.806927796273205544e+00
3.052020541831939493e+00
5.035366765691638886e-03
2.457888505703587612e+01
2.131570378004889726e-07
6.055612013774342217e-07
8.674751227523897157e+00
3.281716388206375346e+00
7.174184934226762955e+00
9.720427290272221299e+00
1.076704700227861267e+01
7.205648378642955265e+00
2.448905966663610911e+01
5.754743645530813723e+01
2.179874489656757319e+01
2.450539125104851479e+01
4.877579035915916350e+00
1.293684575246027313e+00
7.679411296669279352e+00
1.028110734244558877e+01
1.242180102980602552e+00
9.350777349002877159e+00
1.811147135958218968e+01
1.342174905637319071e+01
2.747505583941992313e+01
1.358272874563761867e+01
2.795450749760337672e+01
4.890383326178326939e+01
2.282916872590338286e+01
5.256530727864215713e+00
5.070643703309589689e+00
1.878144487854449807e+01
8.153336901399541148e+00
6.216712625543379112e-01
2.841229877890629041e+01
6.224214855589437434e+01
3.498385806677528567e-68
8.991450986122300648e+00
5.176054424966094469e-01
2.725931005370346583e+01
1.731863887078947428e+01
1.393688463187367610e+01
2.254099742479447055e-02
1.833837390468114847e+01
7.403232026377169817e+00
2.171845236390366719e-26
2.251588035205448701e+00
1.004982802018546070e-13
5.912973120185355258e-01
8.850137021668956550e+01
1.784459719272799560e+01
1.416612983145659221e+01
2.251094711537760062e+01
1.082290758074882753e+01
2.198608788062411890e+01
3.780174035270919575e+01
9.865991099931669339e+00
8.033311524733222075e-01
5.128551582861446967e+00
1.000979151431289349e+00
1.278558666124115106e+01
2.507767270927445225e+00
2.241549193510750104e-02
2.347073028549398754e-01
5.280476839644884990e+01
5.787601415459740650e+01
9.895984413866920626e-01
1.508093383362134965e+01
4.056029935880720672e+01
2.886876576856807208e+00
1.299042617773593733e+01
5.136892473613329457e+00
3.021100628858586819e-03
7.964367512484058684e-09
1.825663800223668892e-126
8.801093228487526163e-306
9.858651509099136945e+01
0.000000000000000000e+00
1.929424015024317285e+01
2.041076226611961054e-11
6.773775974303836810e-265
5.646453173022536722e-55
3.874799703458248423e+00
3.438389388786264877e-01
1.379171002758700602e-02
8.260194820809839689e-01
8.971678950431695443e-03
1.255264305705921716e-28
2.796740648762181754e-46
0.000000000000000000e+00
9.082238092097206153e-19
1.797050224444437561e+02
2.230070091877378761e-16
8.313457901050036014e+00
1.382590463672581649e+00
7.513232118251819884e+03
8.075770071935711059e+00
1.089912301819904832e-02
2.264010236822412647e+00
2.299292943206718287e-02
2.594221640498396297e+01
7.532985970367239759e+01
2.374553445659299527e-09
1.243527460905404922e+02
4.443856416078231177e+02
6.531319013541273932e+01
1.148324988916587472e+03
3.068852517873490310e-02
1.554752521356459170e+02
1.335489924572324037e-16
0.000000000000000000e+00
6.077007443847332493e-322
4.730973482781047753e-07
0.000000000000000000e+00
2.989431746754355572e+02
2.652530489084049797e-56
2.999560769285693596e+02
1.203515923611131857e-03
1.195518170221433074e+01
2.084792232059273545e+02
5.563892797325106585e+03
7.546089266691389241e+01
6.189476134901831301e+02
2.475027157380655929e+00
1.245992126534649640e-04
2.230710207042475588e+02
8.187799601217773027e-56
1.557856551827533174e-06
3.871077426394685261e+01
8.758753319997125845e-22
3.376341083029445134e+00
3.521916298711182947e+00
7.223094308341283742e+00
1.015342703927962731e+01
8.120252424803985605e+02
1.018218065022219321e+02
4.138280182312579200e+03
8.144725505094352423e-04
5.893607116364515200e-49
2.972113604281657473e+01
1.271898174320378105e+00
8.672745711996684648e+00
0.000000000000000000e+00
7.826965585055883423e+01
1.196286175888162999e-18
8.073692347737730689e-04
1.349057454744256246e-114
2.436186691530212300e+01
1.962249280353411118e-01
1.801081720729197926e-32
8.376678329676168211e-01
2.611479682810145114e-02
3.478780264243449158e-06
6.633239616307100319e-08
2.317468903529793130e-03
1.353024918568460425e-02
2.130279850761258587e+01
1.439668962222009629e-01
1.066408409727719331e+01
1.402820855936825808e+02
6.526939564315078490e-01
1.414672295132332636e+02
1.608163451017759371e+03
0.000000000000000000e+00
4.285092899440068778e-101
6.319640844987396526e-04
6.173725383815030727e-125
1.079129570288066997e+00
1.209486934434689535e-06
8.355784522182683692e-285
1.905090303189422355e-17
1.028275596093698564e-119
0.000000000000000000e+00
0.000000000000000000e+00
1.280429602089495214e-140
0.000000000000000000e+00
0.000000000000000000e+00
2.220836633404854599e+00
0.000000000000000000e+00
0.000000000000000000e+00
1.268902619657487918e+01
5.227715904820865901e-131
1.204502771285456520e-09
3.114454800671920148e-153
0.000000000000000000e+00
0.000000000000000000e+00
7.457046115392386596e-95
0.000000000000000000e+00
0.000000000000000000e+00
1.010732647559793558e-06
1.785391961986949383e+01
0.000000000000000000e+00
0.000000000000000000e+00
0.000000000000000000e+00
5.285852629085416527e-04
0.000000000000000000e+00
0.000000000000000000e+00
1.980043203018543322e-191
3.211413655036238470e-79
2.566159240888227941e+02
2.573425877676530718e+02
9.432574611416399080e+00
4.543354449587213018e-01
2.037165126216550215e-02
3.413205842670289365e-06
0.000000000000000000e+00
0.000000000000000000e+00
0.000000000000000000e+00
4.835059769091032769e-89
3.148392668257709223e-77
1.742257207214418095e-74
7.252910414222970339e-124
8.647254389412178170e+02
2.401912887540266794e+01
7.270663831698624335e+01
3.908232738445379795e+01
1.292470080089045723e+02
4.050285310315719300e+01
3.108887178654863348e+01
2.117326978474943289e+01
1.210030235398551497e+02
0.000000000000000000e+00
5.107765685764576347e+01
1.379943177746002014e+01
4.583367989324989367e+01
3.642317770175919970e-169
5.092171329590486416e-26
1.203589048763820557e+02
4.425862148309447974e+01
1.561275705764128752e+01
2.598428542668627017e+01
3.965277517472149782e+01
4.095750781976668264e+01
1.964543120347575922e+01
2.090762062054549020e+01
6.036901679633692908e+01
1.870243810530127604e+01
2.115114997391977170e+00
1.152753995775893436e+01
1.925483033071939332e+01
4.804439697532179920e+00
1.345137406053448181e+01
1.278529062460057020e+02
2.412206864225298020e+01
1.895839896073513273e+02
6.207770839279935160e+01
7.578118382405478274e-102
0.000000000000000000e+00
3.235686932228401957e+01
9.689904536799342338e+01
6.480617852673406176e+00
6.266318288084558930e+00
1.144957125426067819e+02
2.263392294616309286e+01
1.663039087444414088e+00
1.886349411334363069e+01
9.133927012006127555e+00
1.821490387365149388e+01
1.933831340551353861e+01
4.185827133168441350e+00
5.161710476136684065e+02
2.269239461913540268e+01
1.442579610155873304e+01
7.127432468632688369e+02
8.079595378799114886e-07
2.817127867677781339e+01
9.322377533204229394e+01
5.867907096452920968e+00
1.514459623655363707e+01
4.344066683093496408e+02
3.106528150923791145e+02
9.141710757925557118e+01
2.381211243306027470e+01
1.970358649663943993e+02
5.305275870136341609e+01
2.251962254142720354e+01
1.495088044856532861e+02
2.959820319803503935e+03
3.891041605814068305e+01
5.162663833176265094e+00
1.128032259683586425e+01
2.485714348648510281e+02
4.098280580024333517e+02
6.085624084605698272e+02
8.542338194130428519e+02
9.345583764418104693e+03
0.000000000000000000e+00
1.163027885922752489e+02
7.054221916568032213e+00
5.941596405428916938e+01
8.605163417565495365e+01
1.359705646812159863e+01
1.132216000156366853e+01
7.078374888789635122e+01
7.212913279238574660e+02
1.151483086843135339e+02
4.087500847707899254e+01
1.374228877903680335e+01
1.806078425361716882e+02
4.012165946598207711e+02
2.697727517820457024e+02
3.524532115214708483e+02
2.313891502644690092e+02
5.376584108376885496e+01
1.006285118529581624e+01
5.275630964126547440e+01
1.125331884079887743e+02
1.632973197142443667e+01
9.930723244863807508e+01
7.285598138750673058e+01
1.634463063453312870e+01
2.792120122676326233e+01
5.243982175288612524e+01
8.335140569631428775e+01
1.784507009828577395e+02
1.455773879562528350e+01
2.817737875994481200e+01
1.259385380907790335e+02
9.360704967900386464e+01
1.550603996808953866e+02
2.166938822718827495e+01
3.611790375171780809e+00
0.000000000000000000e+00
8.114244815744197874e-210
0.000000000000000000e+00
0.000000000000000000e+00
0.000000000000000000e+00
5.998522478819933278e-274
0.000000000000000000e+00
0.000000000000000000e+00
0.000000000000000000e+00
0.000000000000000000e+00
9.377240870762566516e+00
1.612476311003897678e+01
3.232965360985108142e-103
1.235044336262174219e-01
0.000000000000000000e+00
3.932460858456383889e-76
1.610242643706171279e-49
0.000000000000000000e+00
3.249830296887532973e-06
0.000000000000000000e+00
2.829047096619718427e-01
0.000000000000000000e+00
0.000000000000000000e+00
9.970418511050719338e-69
8.995058979088689151e-103
0.000000000000000000e+00
9.412297794316419778e-114
1.235503059590186289e-164
0.000000000000000000e+00
1.029732126629485101e-01
3.160110811212715021e+02
1.765680572296864748e-07
0.000000000000000000e+00
5.841408935365495370e-29
4.816510271439480776e-40
0.000000000000000000e+00
1.934022679594362926e-233
7.163499290463978321e-35
0.000000000000000000e+00
7.767469269975130430e+01
5.486854336583111547e+01
3.693653965006768658e+01
1.930958174721940068e+01
7.732784627438249458e+01
0.000000000000000000e+00
0.000000000000000000e+00
0.000000000000000000e+00
0.000000000000000000e+00
0.000000000000000000e+00
0.000000000000000000e+00
3.377903861255753581e-57
4.713668642381444585e+01
1.524126757779090680e+00
1.488401568162987942e+01
1.943814525236886936e+01
9.038959913612205810e+01
3.215341531766254235e+01
3.967290113129231344e+01
6.451681461930101591e+01
1.257247400543610922e+02
4.631399156082689772e-27
7.187868377528162966e+01
2.790053702129811697e+01
1.151618257891705071e+02
6.407322314616334502e+00
7.951511148549769814e+00
7.748748843587891955e+00
9.472367125904870733e+00
2.755302515291469945e+01
1.848963730637983360e+01
1.212944891888363763e+01
6.363065592231679446e+00
1.447811532760068798e-01
5.727631025846145478e-07
7.235854338760669968e-01
3.587426815961848536e+00
3.755979016558335104e+01
3.096860152237201760e+02
1.184534006349312607e+00
5.994086426287680069e+00
8.770651565720383180e-01
1.420311587521651475e+01
8.363760040136433704e-02
9.401310787265918512e-01
5.112158812088539506e+00
2.148582874416151700e-01
1.247286264307850345e+01
5.994481740477703369e+01
1.066024619053931133e+01
2.853646897269645599e+00
2.293367724990096057e-02
1.136100142989052819e-07
1.375550719880437534e+00
5.160791999217711812e+00
9.120123566610732757e-01
0.000000000000000000e+00
1.875104223302903108e+02
1.466567642569400505e+02
2.420613478531823785e+04
2.099934560144991025e+00
4.186795560039888642e+02
4.909738215479797674e+01
8.409135277811726894e+01
3.826590925646085140e+01
3.663113377598409670e+01
3.717317117991603226e+01
1.271583939947677599e+01
6.432976030865447809e-07
1.639698777322496710e+02
3.766024726475531854e-07
1.330425338254416240e-39
2.884587291572718115e+01
7.180418418116353507e+01
2.247484427659179929e+01
0.000000000000000000e+00
2.456888450615090846e+01
3.762506485767452185e-05
1.289584026244397705e+02
5.075944482261683122e-266
4.367424690736061474e-122
1.000636991101801154e+00
3.631552057784338103e+02
0.000000000000000000e+00
3.711367512530451336e+02
9.693219354598105533e-03
8.226501906093919292e-02
3.221791821331058958e-02
1.551988402243371274e+04
0.000000000000000000e+00
1.897672076534848031e+02
2.233127385406678270e-46
2.675036757244528122e-37
4.853720885544355042e+03
3.607891905359272865e-54
0.000000000000000000e+00
0.000000000000000000e+00
0.000000000000000000e+00
4.500222610212211121e-176
0.000000000000000000e+00
5.884414414302314356e+01
3.112717592892753071e+00
1.714532499914281516e+02
5.828480732165450678e-13
3.280399828503998139e-01
9.036644328689320105e+01
4.655456197255214335e+01
4.723990469912783396e+01
2.225379442114245876e-01
2.183757091295245978e+00
4.125764563792578277e-01
1.123268672240809729e-02
1.182648183017157885e-02
7.105461331610645193e-01
1.831003902490328628e+00
1.836073796365725597e-01
2.202371932829433610e-01
1.821994546086209921e+00
5.797084315410602762e-02
2.995921767016874515e+00
7.336266422154381905e-03
3.954298724688098954e-01
2.940241782898606715e+00
1.099966855257347163e-16
5.337560591037744230e-40
7.561390368678182202e-22
8.206572279291823406e+02
4.751953424338722698e+01
8.589743946572869771e-01
6.974905414040377671e+00
4.644078132559906535e+00
3.314052910387989925e+01
1.425521468245906931e+01
3.347434999567981961e+00
1.154167793017142074e+01
4.627058457148711312e+01
4.785233446518208034e+00
1.292477068304471644e+01
1.341946384549410398e+00
1.576627745394358726e+01
6.212535567102328571e+00
2.196088106232373249e+01
2.959363661967116244e+01
1.146301635407855102e+01
2.198390069631265931e+00
5.273955176262656863e+00
4.167361123574573156e+01
7.812920742923437523e+00
1.845402727624943395e+02
1.054784106987591645e-19
4.148537975090707164e+01
9.977781970423114899e+02
1.967359679187179609e+02
9.277465681701576372e+00
2.269649537972601649e+01
1.461935281563380151e+01
3.561922480268068902e+00
1.991450602901031930e+00
4.847903153042895319e+00
8.561656586838211069e-01
7.518705841696929681e+00
8.507802557883030659e+02
1.631668060360731332e+01
1.176776149757951373e+01
6.181416539554826173e+00
2.118344089615617634e+02
1.419054788671693323e+01
5.558552359492304085e+00
2.293475857390077532e+00
1.491494117098366416e+02
1.895967108459464896e+02
3.948950730741137338e+00
1.889167432578653205e+01
3.825369752234951903e+01
2.346209821303991205e+01
1.835005447481486271e+02
4.230288779209254944e-05
2.259117918640013141e-27
3.243108064005569418e+02
5.200856677594003497e-01
3.117050385447905480e-03
2.841050370756754262e+01
1.953767267756498711e+02
7.871344037689989026e-01
0.000000000000000000e+00
1.066978125333015726e+01
8.457827272362813411e-06
1.513902863646727548e+00
1.763529768111457563e-01
3.509282904594909248e-03
8.789110250122032786e-02
7.691574911306074291e+00
1.777234178599232095e+01
7.132616015008862220e+00
9.030703191513226452e-03
8.754438213276195985e-15
1.688721698263428550e+01
9.834170736855952555e+00
2.135213377302178728e+01
3.159421980592298596e+01
1.197853274732398639e-08
2.909490159923940951e+02
7.259533385655530132e-17
4.615247699150994265e+01
7.348663161193212545e+01
1.461678068702412929e+02
5.302400375416661815e-03
1.050117070204091760e+02
2.493244498151518584e+01
2.313568911909311865e+01
1.649149361551407765e+03
1.187014878601162536e+03
1.750568980221553517e+01
3.330107017587610247e-143
1.628899983395787103e+02
1.726169071074127004e+01
1.161553940339226793e-01
1.259802952601083881e+01
0.000000000000000000e+00
1.965690522822756492e+01
2.347635106772622038e+01
2.097396308524678687e+01
8.895227056616624717e-01
0.000000000000000000e+00
3.567774395404007290e-04
5.071870709775270569e+01
3.042629738629706537e+01
3.803839293829257784e+00
1.198943767719543985e+03
3.206770756108600740e+00
0.000000000000000000e+00
8.823969591970797007e-55
3.961060558617213445e+01
3.332850364158405887e-106
0.000000000000000000e+00
4.456163715893020627e-01
5.834981534474187583e+02
3.923317378726602911e-01
1.329131710064627825e+00
3.012546449284529970e+00
5.417291389472434560e+01
2.146832664028715953e+01
9.222400453697419564e+00
4.392805628412892460e-01
5.330404520438060123e-01
7.046324219716502135e+00
4.072022338721133505e-01
2.746737039565158156e+01
1.718310606455622747e+01
1.180885218748284693e+01
6.512392893397307425e+00
4.714203495582591330e+00
4.735097472831506060e+00
1.782545104861985585e+00
2.425413128308877475e+01
9.525901151742088402e+00
5.543790680374020674e+00
1.114595538651552475e+00
1.785974006619992061e+00
8.957129619221350092e-01
2.651092875772837476e-01
1.187214770595125835e+01
4.047949428678969497e+01
2.026623438898407414e+01
2.106827137371463543e+00
5.687163352351346290e+00
1.254413776458746455e+01
6.701853606933934948e+00
6.614860236559954920e+00
4.467876270201009525e+00
8.502066140043822884e+00
5.423508986259345299e+00
1.753550890337283619e+01
1.506752904162662965e+01
1.253966364281364854e+01
1.850975425794300477e+01
2.990586369989263460e+01
3.292193653957656285e-02
1.107601997504793934e+00
2.618786702247611515e+02
2.817745395063374889e-04
2.027196442419226585e+00
5.430559828622076868e-01
6.624091905765392418e+00
8.928819863759918096e-01
1.492799021887887823e-01
1.752945549126428659e+01
8.539496256102776725e-03
2.074860761609542597e-11
5.058143078681138718e+02
2.415007011674567801e-23
1.694314639639558084e-01
1.034191419481785001e-02
3.884804423335645729e-05
1.070482765187352265e-06
1.261438066387061545e-18
1.519736094363486245e+03
1.196957209111527971e-05
5.063541555462632016e-02
5.243105319623549143e-02
1.058987962306639474e+01
8.959142886617578334e-56
9.504423453780797785e-04
3.701373429264461379e+01
1.001232790095025484e+04
7.426288207919729700e+01
2.755037850222620577e+01
4.136564843787658707e-02
1.467077311005818174e+01
1.302541377190461532e-03
4.564237613951527273e-01
1.500870516526416942e+01
2.207966699352449014e-06
5.815358821498485895e+02
9.942333503884751496e-07
3.832200154989979564e-09
2.140467917039765022e-02
0.000000000000000000e+00
3.738362847006255407e+01
6.443706731097495322e+01
9.828950525422397617e-12
0.000000000000000000e+00
5.254789629795083916e-67
8.464473417887398404e-40
5.531134682186195609e-64
4.247360802158214876e-01
3.286713361295690722e-02
6.660831171147591476e+02
4.495467090404665610e-202
2.552714804571420415e-01
1.004522621458930303e+02
1.533162777469919413e-03
2.115948304904510390e-09
1.208372777225943082e+02
1.407031807125554224e+02
5.286783446621332797e-191
5.722244799253021874e+00
2.687139221741324945e+03
2.693515813512595969e+01
1.020030713811785716e+02
5.646506532530173317e-01
5.318853411818214364e-05
6.222890763561497174e+00
3.743724959199364122e+01
1.379358962727473426e+01
3.777754440776281974e-02
1.969588280464643404e+01
1.084970247399476193e+02
3.331658617441921152e-07
1.907631019639078929e+01
3.170100265851277754e+01
1.944514788839826025e+01
7.141526140261116318e+00
8.276166171237822056e+00
1.607777143077461890e+00
5.433996435687227233e+00
1.400907651095780260e+01
6.147906129216273389e-04
4.860394080389644600e+00
1.126413346418261341e+01
1.801485707602921982e-01
8.874409273358926931e-02
1.482444923893076583e+00
6.572951366827028963e+00
6.170406466850748117e+00
7.439025711016926667e-01
6.059318798022663266e+00
7.586113583213704104e+00
6.017521264193709946e-03
1.124616365951865010e-01
1.440970199569763466e+01
1.429097074271423118e+01
3.739552446594867415e-05
7.795497535584569669e-05
5.528723642061565968e-01
1.171304804208509538e-04
1.085644439789819771e-03
2.244918886665820494e-05
8.211163112056373947e+00
1.046033105229171811e+00
8.682293340702850415e+00
1.825469385120989685e+01
1.254154025420243990e+01
8.607809234975380974e+00
8.270679844292965655e+00
7.977249813163351355e+00
2.561269876328301365e+01
1.523245391469709986e+01
1.106105797676950786e+01
3.982670673041371145e+01
8.539737303608164742e-01
5.392525140472941292e-01
1.493756260696632943e+01
1.113543506409317807e+01
1.350136530629781184e+01
2.267147077435817337e+01
5.655035800661018897e+01
2.194952315071238331e+02
8.213313367376716911e+00
5.364148792408880873e+00
8.758636835004875110e+00
1.002020689499058648e+01
1.144047885406602738e+01
5.545697125469389022e+01
4.235377319120584017e-02
4.883288953276403928e-12
1.490329053117029528e-03
1.641617711053158096e-02
1.106251748035420945e+01
1.258256296860939614e+02
1.752714501090211652e+00
8.857956509153783742e+00
3.044168795689170182e+01
2.061821692410517937e+00
2.692108373605041738e+00
1.118511773816736188e+01
7.364725708931072745e+01
8.084306289660535327e+00
1.263594588655420203e+01
1.249889772090544966e+02
1.585699599924868508e+01
1.002547752403814343e+02
8.888049347434607839e+00
6.651067693225771293e+00
3.352941068696774884e+00
1.290435531797983693e+01
9.642999223898069516e+00
1.560541706282024244e+01
2.770496837049481798e+00
1.215976509462784322e-02
5.776342836311788176e+01
2.607377722603192183e+01
3.651509633436840829e+01
6.541261195250250182e+00
3.680978628411610387e+00
2.111859785815333168e-70
0.000000000000000000e+00
1.407020639074884230e+03
3.119287469800769230e+01
1.145356908021351785e+02
1.663408874150823635e+02
0.000000000000000000e+00
9.528125099495831307e+00
6.268449661611839474e+01
2.787265196699056702e+01
2.282233762195249227e+01
8.794845028614703324e+02
1.921075710377176904e+01
1.338478681651894675e+01
8.456536254284497289e+00
8.417203479886055106e+00
6.904995606815846898e+00
1.374919917969796757e+01
1.996537758212503277e+01
2.282230713334386607e+01
8.175984093903704064e+00
1.528621376380364261e+01
9.128737481290061240e+00
2.936276681379262854e+01
5.784389725035117280e+00
2.819430085360943394e+01
4.376424346390558107e+00
5.493495956043428663e+00
3.291274963780932428e+00
1.342186987488993788e+00
1.874756514474478442e+00
6.381639274434603770e+00
2.624143862203637312e+01
5.786607719146422468e+00
8.955678900707329859e+00
1.217795012122336118e+01
1.247322606689200342e+01
1.908448630468958029e+01
6.915367194721029620e-02
1.351185563719442762e+00
8.710743505150908561e-01
7.981604530411381404e-01
6.763606057512183689e-01
1.607042712500867054e+01
1.351865670675423026e+01
1.585078652841079538e+01
2.899942151497033649e+01
1.058732103991676077e+01
2.727541483803727829e+02
3.076248052591297721e+01
1.862689444553944043e+02
1.129422947393645060e+01
1.285724968756661838e+03
3.091371438579932942e+02
5.505415477457950146e+02
1.304496900914259072e+01
8.239589538895880594e+01
1.686451445288446749e+01
3.870524729604930059e+01
4.703837571345736435e-01
4.684000681066714833e+01
9.805764272600399067e+00
3.755369703875011567e+01
4.876693187782190364e+01
2.442432472925243871e+02
3.240797051865264677e+01
1.153792224713097596e+02
3.599163555790714675e+00
1.486966148136675372e+02
8.787421603520201074e+01
8.657231766835146118e+03
2.709413857241939354e+02
2.081172915928751199e-01
5.856941823583655804e+01
7.218536678660890382e-02
1.985948388973323582e-08
2.507511869438858866e+03
1.416176535254837887e+00
8.778592477207744196e+02
3.984596741774810198e+02
1.258175524357260144e+01
2.831441823663187733e+02
3.885551787673916735e+00
1.860747502095138941e+02
7.493675540208479813e-01
9.563100823773370562e-01
4.024056512021393500e-02
1.475672957763830118e+00
1.598633728199853898e+01
1.206977715416139176e+02
1.642473416096599067e+03
8.331448332752498231e+01
1.844275349940108981e+02
1.334665313616259255e+03
3.178647749656598194e+02
9.889681043390073798e-09
0.000000000000000000e+00
3.914852838946115021e+00
1.777983884491463616e-238
2.057049666107894268e+02
3.490224927822045770e-25
7.760121124460373210e+01
0.000000000000000000e+00
0.000000000000000000e+00
0.000000000000000000e+00
0.000000000000000000e+00
0.000000000000000000e+00
5.547789898628113733e-45
6.926234912589063226e-15
5.823547865894617814e+00
2.700638723453174634e+02
7.066398747706743961e+02
3.568327030595843752e+01
4.707785936936801363e+00
7.938486329699387056e+01
4.875657732376446916e+02
1.142042100644111542e+03
3.713936135093958001e+04
1.979655487457993633e-259
7.013167091344973869e+02
1.685513391205102412e-03
5.131458967986447957e-21
2.982268426280567073e+05
3.387393149798769896e-04
7.663471100514884575e-255
5.235965799597985890e-04
1.000814802784663060e+00
3.783644487715856997e+01
7.314952656864359426e+01
6.043912171042585868e+01
4.973015062878988601e+01
2.617531880398678682e-181
2.867005650934687822e+01
3.438104555564303411e+01
2.596329999692744650e+01
5.441553482098830898e-243
1.140927546690979170e+03
2.583864138726143433e-244
8.199199588483455159e+01
6.249375144152783434e+01
8.529401255408068891e+02
9.634602127120734849e+02
2.062421864929054504e-05
1.250788443435356179e+01
2.566111798638687560e+02
1.121644291934722837e+01
4.112152813709924089e-03
4.060249297139490920e+01
2.694138424081415017e+00
1.385629925776461935e+00
2.020597717901461721e+01
3.303750827327501138e+00
1.073906950482304314e-02
5.937366755825496334e+00
1.604976902577719500e+01
6.447436384847022417e+00
1.538850337722570885e+02
1.631353701360896480e+01
8.803474200515811532e+00
6.667175055272296369e-01
1.430208116459800038e+01
2.601715978646202299e+00
2.252996652908745637e-02
7.609383374103192210e+00
2.192170517439728350e+00
1.257447345976711595e-01
1.737000033697392354e+01
8.735851732977896189e-01
3.346301807321452326e+00
3.371800150999565204e+01
5.162312312519700130e-01
3.335889272261194094e+01
3.906647133912588554e+00
1.596560172959559054e+01
2.942329220903607023e+01
1.741593454871083679e+01
9.639521294939337182e+00
2.701713845164415151e+00
1.213362219084282572e+02
1.176297510655702467e+02
9.188600183940493480e+02
1.327572126704725797e+01
1.336299162507763754e+02
7.485597059650550591e+02
1.699493230749274744e+03
5.245208926799942439e-01
3.782356004669587719e+02
1.362160162239836246e-05
5.917179531416431049e-01
1.589788963108852613e+03
6.974817123167427724e+01
1.339426908500131507e-27
5.790495268543188701e+01
1.087585066407291521e+02
7.776965351216897204e+01
2.641631182141310753e-05
0.000000000000000000e+00
0.000000000000000000e+00
2.132449024044939575e-05
1.787726012298540468e+01
2.635869594290807427e+01
8.200003297143231507e+00
0.000000000000000000e+00
2.047733099365184415e-03
1.603366573740781860e+02
9.473502561768920316e+01
2.186577878284366783e+00
1.026150859806594781e+03
5.782655779262929627e+02
1.111277359816429453e+03
5.240841067170361356e+00
4.824960889142953846e+01
3.371937355223041521e+01
9.966562481386392847e+01
1.207305011044209522e+02
1.178606490287509558e+02
3.250772338476001551e+02
1.861099237483927595e+02
2.349739628204474684e+03
3.237283680450508427e+01
1.128652407286177706e+01
3.060161689511047030e+02
7.377859154699503708e-03
1.365295812219726727e-25
1.662870611385264112e+02
3.922566973139662423e+02
9.730506515287223879e-01
6.499201887566380799e-161
2.373118714609403312e+01
2.666518229089947285e-286
2.633227619358428312e-06
7.907682654622671059e+00
4.252593125683211838e+03
1.032922441160718901e-16
2.587510452153138316e-58
0.000000000000000000e+00
0.000000000000000000e+00
0.000000000000000000e+00
0.000000000000000000e+00
0.000000000000000000e+00
0.000000000000000000e+00
0.000000000000000000e+00
0.000000000000000000e+00
0.000000000000000000e+00
0.000000000000000000e+00
7.479316837938166347e-91
9.492804159879448476e-207
0.000000000000000000e+00
0.000000000000000000e+00
0.000000000000000000e+00
1.684345287727935329e+03
5.326010121783150453e+01
1.154474678256695142e+03
1.395218291427013355e+02
1.840028660574270361e+03
1.477951603082786659e-95
1.839301011375611665e+02
2.065323622313436135e+04
4.859393077746900502e+01
2.917727969883613923e+02
7.632954518450202047e-12
2.560940820351597225e+01
4.701549534293569650e+02
4.199285925621065171e-39
1.555682698757037485e+01
5.593528509356860212e+01
6.085298009615092951e+02
8.621044707005903547e+02
2.688765940068618875e+03
2.603276046009588995e+01
1.387870174138530217e+02
7.870272955904933099e+01
4.570901427790560190e-01
1.722298533999017423e+01
4.776614106608352489e-73
2.012384229350936039e+03
1.731335246837208786e+01
1.042673394004813847e-01
1.282965447529402070e+02
1.258205816362497558e+02
6.044295992082174962e+01
3.140842322887192992e-167
0.000000000000000000e+00
1.930124664401067491e+01
3.915007152345751820e+03
1.402911089624654314e-02
5.045125757969660896e+00
2.064601087256026801e+02
4.281630932722974592e+01
0.000000000000000000e+00
2.548267965732924978e+01
0.000000000000000000e+00
1.534090927449973663e+00
9.223429595963928307e+00
6.010654194664464267e-01
3.543072028620738255e-20
2.210257895647518467e+01
0.000000000000000000e+00
1.116051887354762684e+01
5.879075156634316812e+01
4.588114041360072948e-01
3.017015404464306272e+00
2.464763697627657922e-03
1.588653660117051025e+01
2.740525823264478149e-10
3.154103863392555951e+01
1.475194545131149060e-01
1.543359694757052980e-01
8.208243736354485736e-222
7.960808677767930735e-28
0.000000000000000000e+00
0.000000000000000000e+00
0.000000000000000000e+00
3.415934113705282460e-29
1.034372240707922577e-05
3.078042425173591205e-07
0.000000000000000000e+00
0.000000000000000000e+00
4.598326490885353629e-271
0.000000000000000000e+00
0.000000000000000000e+00
4.258362298431805347e-08
0.000000000000000000e+00
1.313571865243477720e-63
1.131907204343628219e-18
0.000000000000000000e+00
8.895036858171067456e-03
9.420390341669095946e+00
0.000000000000000000e+00
0.000000000000000000e+00
2.758332074121699975e+02
2.404751773073980185e-07
1.679845274243105083e-72
0.000000000000000000e+00
7.916276131143645779e-05
1.372845303582112097e-21
5.074361258948427132e-123
0.000000000000000000e+00
2.183940824684109968e-24
5.476032572415519753e-49
6.119300394601036714e+02
0.000000000000000000e+00
0.000000000000000000e+00
0.000000000000000000e+00
2.822105428894839535e-02
3.755010388344761907e+01
2.206381558726431535e+01
6.419991117716082375e-85
9.392781212131155445e-17
2.193876866990746761e-304
1.029510602806031232e-111
7.940464543210773159e-09
8.827499217687876865e+01
0.000000000000000000e+00
8.824553221874872180e-36
0.000000000000000000e+00
1.074522561100945808e+02
5.762686121780003185e-91
1.033392066643640028e+01
3.244837474757851340e-242
5.629675048047232145e-09
2.821451389352351569e-03
0.000000000000000000e+00
1.077556215163742548e-59
0.000000000000000000e+00
0.000000000000000000e+00
0.000000000000000000e+00
0.000000000000000000e+00
0.000000000000000000e+00
5.430848557561284280e-05
