3.959337900222384410e-01
3.841671089680977502e+01
2.118387241492755271e-30
0.000000000000000000e+00
0.000000000000000000e+00
3.005759795382934918e+00
4.529352015787693943e-39
6.466180297717005487e+01
2.267971507098096584e-01
9.039916990521759937e-04
4.076813420072440408e+01
7.593680837898140849e-03
1.884170352686773811e+02
3.082538428223448079e+01
6.400683660115146267e+01
5.648158869610114863e+01
0.000000000000000000e+00
5.428453056484516281e+01
6.876383699175494257e+01
7.629180665781719028e+01
2.606433962072745203e+01
1.576870351143544191e+01
3.042277268857371553e+01
2.274713234746577228e+01
1.309847584213507510e+01
2.721670812222179626e-07
5.608210767305822628e+02
1.702281411819226520e+01
8.167073296640818547e-02
5.057577928264384311e-09
3.285356113577032834e-05
5.935803064781214111e+00
6.877367353858031152e+01
3.866480383935020200e+02
1.307913323715685291e-03
7.625774773747299662e+01
2.115507042190695069e-38
1.447715268427927915e-03
5.942536699188895311e-05
5.547278948974728507e+01
4.666182576313049855e-04
3.815464174619940252e+00
4.220894328500117841e-08
3.780498666766578708e+02
4.462653847432736853e+00
1.322315501853317521e+01
4.731650710677011773e+01
3.889125918433232076e+00
1.917653525640985634e+01
4.426062169420288939e+01
9.024766301317887596e+00
9.736088042042928237e+01
2.359875297063116051e+01
6.170660278825589984e+01
0.000000000000000000e+00
1.478001639148478485e+00
8.607822107145590707e+00
9.054822741696435529e+00
6.336841912495161466e+01
1.569631202710356206e+02
2.085047815528026604e+03
9.128109029725859683e-155
1.409631741852569453e+00
2.135195141727889023e+01
2.678783341456513512e+01
1.034498003088462292e+00
6.735991558341272167e-01
7.363035980100135269e+00
1.043025946765942891e+01
7.962355359140130595e+00
5.920354423570067581e+00
1.696488330502301878e+01
1.217451955518116691e+01
5.359863206729826146e+01
1.056386421597255243e+01
7.122192286266941608e+01
9.351632077362552309e+01
1.177041435514538676e+02
6.314646555706539743e+01
1.105911920116626987e+02
8.903254439623096150e-01
2.706363762269871008e-78
3.248038307879623776e-01
1.396736777587020306e+01
1.609220958054857320e+01
3.988694498001318145e+00
4.867510563390600176e+00
3.928788723389367910e+00
4.406787153810675334e-08
1.989326833863845068e-01
4.898400205296538523e+00
4.413683300320995784e+01
2.104022169536451869e+01
1.910761798136342975e+02
1.957689717229264659e+01
1.495593738050513188e+01
4.971969917388831206e+00
9.005419077826867351e+02
3.833442800425904477e-18
1.300629241124183721e+01
2.957691584004715679e+01
5.359565017742130522e+01
3.799571563940697505e+00
1.921903929108301545e+00
3.350296341927287980e+00
2.162464633079009158e+00
1.018582039737495109e+02
9.445078385412652722e+01
1.534023558896597308e+02
1.487332451828172680e+03
5.896760612559667436e+00
1.081248838356912856e+01
1.235131803845277290e+02
3.514504151378704755e+00
1.335872120505601579e+01
4.083245801703433244e+02
5.831144611590785871e+02
2.633122236353190146e+02
5.694002019439681206e-01
9.262358675423183030e+00
6.705675850235249591e+00
2.279065228168090584e+01
2.465735064525253861e+01
2.582095979886135595e+00
4.446698416688514399e+00
1.666449178336157466e+00
2.955864586051064058e-01
8.201190350673706932e-63
9.983871878812819887e+02
2.164555471796683617e-02
1.749679699518180342e+01
4.437959079719180266e+01
2.240727121150669632e+00
1.218890037389933951e+02
4.420284028498735474e+00
2.557654647316700789e+02
3.199768992739323442e-02
9.444238907561408780e+01
2.485640812602418009e+03
4.066873991698950164e+01
2.186705334182827301e+03
1.146210230850027984e-58
4.823638191138046689e-230
5.635650739139287617e-09
2.094232109576887524e+02
6.161289898958193953e-18
4.831644734280824593e+01
1.099285862773131583e+01
2.960539394403231483e+01
1.122438513533244731e+01
1.325569277267655082e+02
4.037003093474708635e+02
1.731943671013825394e+02
1.495989218315885871e+01
1.441016452033096229e+01
5.447647290347031657e+01
3.106305609739841955e+01
1.338417787459736701e+02
5.266493556412598503e-02
1.933708842569155095e-01
7.001196801792994506e+01
0.000000000000000000e+00
1.064044817157275160e-130
2.567823817822288301e+00
2.745578825318376630e+02
6.021542946775383598e+01
9.118854720976037243e+01
6.443868647326126027e-03
8.377826549162696210e+02
3.371229421767429812e+02
1.298658657447880849e+01
1.502426770729861403e+02
1.178627532080397833e+00
8.199376606622446673e+01
1.573069434313030968e+02
4.683610357474817079e+02
6.460001088846730966e+01
8.515051448812655508e+02
1.662330664765024721e+02
1.864221606837058062e+03
5.413429980431559443e+02
1.619298640341795590e+03
2.470562587900180915e+02
1.187542514338029376e+00
6.766823463385770987e-137
2.711433004503848908e-28
1.788966599708838245e+01
0.000000000000000000e+00
0.000000000000000000e+00
2.306240569829297701e-60
2.746305349368125803e+01
3.691622980690100350e-43
2.422387204294542211e-75
0.000000000000000000e+00
2.286263327028269136e-105
1.240100629671381216e-232
0.000000000000000000e+00
1.191429554463454110e+00
1.192105705334107735e-19
0.000000000000000000e+00
0.000000000000000000e+00
0.000000000000000000e+00
0.000000000000000000e+00
0.000000000000000000e+00
1.041669728991488517e-147
0.000000000000000000e+00
0.000000000000000000e+00
3.659431963342578444e-46
1.416057237397627588e+01
1.006167534878296101e+04
5.019765308592753854e+02
3.099783595913246318e-04
4.316164564148307070e-01
3.619743877448403282e+02
4.697429981478164791e+02
3.852059612200752099e+02
6.874716359455723236e+00
2.300322704461705143e+02
5.947226833067322787e+02
9.226166039104308325e+00
3.530628116701256403e+01
6.894687938550766555e-06
1.133741266170206785e+02
5.811866483233002612e+01
8.234634325214040373e+00
4.333573822611745396e-01
4.169168809092514039e+02
9.539745885517544366e+01
5.108319518796896830e+01
7.653746464529875766e+02
1.229552188193226129e+03
2.115818049910194532e+01
2.163279813386681951e+02
1.240685071544400309e+01
7.035452100213711901e+01
0.000000000000000000e+00
1.998840752204874838e-01
4.066965813495841443e-278
1.817973190143972033e+02
3.216982612736700720e+00
1.191372576676718253e+01
3.678295811991334485e-01
7.608454903577067796e+01
1.190962279566652204e-265
7.520032910818132132e-02
2.038647242280923777e+01
0.000000000000000000e+00
9.156417688198369197e-11
5.152908999359922859e+00
2.179853749872147972e+01
2.494053630068175376e-01
1.603671488740182554e+02
5.708274161332984554e-06
3.039709117196963817e+01
2.206115038891925906e+01
3.982815201348170149e+02
7.433410864005296617e+02
6.335770659692709614e+02
2.308154454394129971e+02
1.864798868606599697e-14
4.557720011682742450e-84
3.320532794910139387e+02
1.252650235642241297e-133
2.378972355420320983e-01
7.555118813994612026e+01
9.839029471076071331e+01
7.072141756757001296e+00
3.752351185407524960e-03
2.333628618815622247e+01
4.780594061626113955e+01
5.548732968631650664e+01
8.515167122924432874e+01
6.652427660383825980e+01
1.142738628597828932e+00
6.760995332295260063e+00
9.757403883348568785e-01
2.721917050210018196e-09
1.806719734183602100e+01
3.133315315541726065e+01
3.193399147885186551e+01
4.171321495226424645e+02
2.453636435216682843e-02
3.071689514548374689e+01
0.000000000000000000e+00
5.491582468884810275e+00
7.653059669687459099e+00
1.328132279332020493e-01
4.667102553930393860e+00
3.738867246290254465e-01
2.608118054750096348e+01
1.302263950905483014e+01
1.394030471139029892e+01
2.518449101557649072e+01
5.640892065874022876e+01
3.290551442253865311e+00
6.048291849593585567e-01
0.000000000000000000e+00
1.452726464620309065e-06
7.516919296035475817e+00
3.011064756696099742e+00
1.999788839930513706e+00
1.252981980493349710e+02
2.655615986317859978e+01
9.007027901151903411e-09
1.142471871633616409e+01
8.592486583200639183e-01
1.207659530535631554e+01
6.702787435635601696e+02
0.000000000000000000e+00
1.831851437557531659e+00
0.000000000000000000e+00
8.511033968757138268e+01
8.590138903107032687e-07
8.951204892962786630e+01
2.495992013772887930e+01
4.989916416783237274e+00
4.482051491898469742e+00
2.250960756448097955e-01
2.216438517300956229e-42
1.282065010467897892e+01
3.648014823129371962e+02
1.174428631742956419e+01
2.038581270058076456e+01
3.367623757348518438e+02
7.363904970701705679e+02
0.000000000000000000e+00
0.000000000000000000e+00
0.000000000000000000e+00
0.000000000000000000e+00
0.000000000000000000e+00
0.000000000000000000e+00
0.000000000000000000e+00
0.000000000000000000e+00
0.000000000000000000e+00
0.000000000000000000e+00
0.000000000000000000e+00
0.000000000000000000e+00
0.000000000000000000e+00
0.000000000000000000e+00
0.000000000000000000e+00
6.909226167823701416e-04
0.000000000000000000e+00
0.000000000000000000e+00
1.368950578180262312e+02
6.409785187094502200e-139
0.000000000000000000e+00
7.348059041947953416e-53
0.000000000000000000e+00
3.812239105274296946e+01
0.000000000000000000e+00
0.000000000000000000e+00
5.267608154378037428e-265
9.526128312812056720e+01
3.787789675339939879e-23
1.392355969671694993e+02
5.032484432037707262e-02
1.442140782392755582e+01
1.115872759047904283e+00
9.200980780448757073e-102
0.000000000000000000e+00
1.500943755155223374e-127
6.243359632517517938e-02
1.460911795623076159e+02
9.483718021522236659e-07
7.886007899697649037e+00
4.122860148597791152e+01
0.000000000000000000e+00
0.000000000000000000e+00
2.106496289385713717e-19
2.437770433744160073e+03
4.196203325451204336e+01
6.536703770744112241e-01
2.216287473014137390e+02
8.575528775830370876e+00
4.179346060917845307e+01
1.557473976496065404e+02
0.000000000000000000e+00
0.000000000000000000e+00
0.000000000000000000e+00
0.000000000000000000e+00
0.000000000000000000e+00
0.000000000000000000e+00
0.000000000000000000e+00
2.471612307343275194e+00
0.000000000000000000e+00
0.000000000000000000e+00
1.297835408621395248e-249
0.000000000000000000e+00
0.000000000000000000e+00
0.000000000000000000e+00
0.000000000000000000e+00
0.000000000000000000e+00
0.000000000000000000e+00
0.000000000000000000e+00
3.074675987994967485e+01
3.672542393509543099e-46
0.000000000000000000e+00
8.049284861968455940e-02
1.097153460361299044e-204
2.967045421637168445e+00
5.686317712724734960e-33
0.000000000000000000e+00
0.000000000000000000e+00
0.000000000000000000e+00
0.000000000000000000e+00
3.819276339082615404e-08
9.516361707138713655e+01
6.454928954683968045e-02
0.000000000000000000e+00
0.000000000000000000e+00
0.000000000000000000e+00
1.203243496765613628e-179
0.000000000000000000e+00
0.000000000000000000e+00
0.000000000000000000e+00
0.000000000000000000e+00
8.855152696104250446e-135
0.000000000000000000e+00
0.000000000000000000e+00
0.000000000000000000e+00
0.000000000000000000e+00
0.000000000000000000e+00
9.591971135681896705e-08
0.000000000000000000e+00
1.104039809465554253e-18
0.000000000000000000e+00
0.000000000000000000e+00
0.000000000000000000e+00
0.000000000000000000e+00
0.000000000000000000e+00
0.000000000000000000e+00
0.000000000000000000e+00
0.000000000000000000e+00
1.108557804921865015e-12
2.475533262734689686e+02
1.208321998418353032e-03
0.000000000000000000e+00
4.671425529918397501e+01
0.000000000000000000e+00
0.000000000000000000e+00
1.937204294626014303e+02
1.237504125750453932e+04
1.070088434344855386e+03
6.027019483510311204e+01
1.095209123137907454e+02
4.720383500264581016e+03
4.388472113135210861e+01
2.873089053437959350e+01
3.280111413244380287e+02
9.793276347536261710e+02
4.848220757727148680e+02
1.419500749834600697e+02
2.542625842943360510e+02
1.851028908929564523e+03
3.277495283505395491e+02
3.346485012148564238e+02
1.887514814762063650e-68
1.410380765705088346e-315
2.102362556781817148e+03
1.034888231348285217e+02
1.138986597541273227e+02
8.674965024849989277e+02
1.929962482111741906e+02
1.060394132981757735e+02
8.701631448002379443e+01
5.744204865118778116e+02
5.304386041289818650e+02
3.711941437278135680e+01
1.287077182655252727e+02
3.745993698243186998e+01
1.939880289789100743e+03
1.694418717958882326e+02
7.322731269324779078e+02
1.786041457466611746e+02
4.119754314784457847e+02
7.817259966106340130e+01
2.580287133766207148e+02
4.729766159229145615e+02
1.698435674565443151e+03
6.546147536166982718e+03
3.130352239587517715e+02
1.024565513708969746e+02
1.613582899457835822e+02
3.713005658058782643e+01
2.832787749433400393e+01
2.221935339795366460e+01
7.782812890452585464e+01
2.572169964135001123e+02
3.341671264240468526e-45
2.675106901622874284e+04
1.202697899038712876e+03
1.612746697051782576e+03
0.000000000000000000e+00
0.000000000000000000e+00
3.957409964419586813e-86
0.000000000000000000e+00
7.218314499571736656e-25
0.000000000000000000e+00
1.439125988417441931e+03
1.658013884222471290e+02
1.254339807347319002e+01
2.576228372532615225e-22
1.154234783141420735e+02
0.000000000000000000e+00
0.000000000000000000e+00
0.000000000000000000e+00
0.000000000000000000e+00
2.181277577403824441e+00
0.000000000000000000e+00
1.882943540293236495e+01
9.556936400750784544e-02
1.434389281952335171e-01
0.000000000000000000e+00
1.799772290710474273e-02
2.577904560706665129e-06
0.000000000000000000e+00
7.165076617642754473e-04
2.596380295728624118e-05
2.277735204546246450e+01
3.808573450445221198e+01
2.368424894614022195e-126
5.010011111428412658e-15
4.255569000162126149e-42
2.869244740441275817e-249
9.747637402418479757e-02
1.290176119163461692e+02
9.744671320127781083e-99
4.602365620851876088e-02
5.889511124223958392e-11
2.580560627161362940e-21
4.819233279779756231e+03
1.624280009069157859e+04
6.453485679556066543e+02
1.134724604115153079e+00
5.784636604494814094e+01
4.199093579149286484e+02
5.858759172634734568e+03
1.740197060212358693e+01
6.725947699418208003e+02
1.056900162386486772e+04
1.982659259205866647e+03
4.779272180946793469e+01
3.428937553748775713e+02
1.726015174122797816e+03
2.177392953348124820e+02
6.089992332784607383e-74
3.437191719929070928e+02
5.043311366341657731e+01
1.605922038535675165e+04
4.779798284984053680e+03
1.052666643071437136e+02
1.368690536491583097e-34
2.731564475929755375e-24
6.436317078903392996e+01
3.888757493443879364e-07
9.397691997498523619e+01
0.000000000000000000e+00
6.095135151720468230e+02
6.813692828754952643e+04
0.000000000000000000e+00
4.252747901755766579e-30
4.595900014995542248e-173
0.000000000000000000e+00
6.593244079112867695e+00
7.735130087401199191e-35
1.357681072157112931e-54
9.091771962271476326e+00
8.760409650316846989e-86
1.094239007423603755e-21
2.964782118796582822e-03
3.065881178988060993e-02
1.432062270810835081e+01
2.280347987396993847e+00
1.124250492012488678e+02
1.210387084967106563e+00
2.435134631536889671e+01
2.476096506321061241e+01
1.219063229362184764e+01
7.006815238081510699e+01
1.174508835755438130e-01
6.158108373645153399e+00
2.006880418165175595e-01
9.529163002693344708e+00
0.000000000000000000e+00
0.000000000000000000e+00
5.998242664017142260e+02
1.618702787774815022e+02
1.898571986087440280e+02
3.559458557145444502e+02
9.154710853505565460e-02
4.843155695868968991e+00
2.896841336541844214e+01
4.044809763992510909e+00
9.451052166767571180e+03
6.199509934476372768e-03
1.034568371212216142e+01
1.668350840775241068e+03
1.062840289589673404e+01
3.563691352395147078e+03
3.244550121361358208e+01
0.000000000000000000e+00
3.473364882081428391e+02
1.412281513415923229e+01
0.000000000000000000e+00
0.000000000000000000e+00
0.000000000000000000e+00
6.699424366803229702e+01
9.129322436946123389e+02
2.900943796644041143e-12
0.000000000000000000e+00
0.000000000000000000e+00
2.260513558486868026e-76
0.000000000000000000e+00
0.000000000000000000e+00
5.681750806931638635e+02
2.833403981445123399e-01
0.000000000000000000e+00
0.000000000000000000e+00
7.314066722592390364e-04
0.000000000000000000e+00
0.000000000000000000e+00
0.000000000000000000e+00
0.000000000000000000e+00
3.182228092798933403e+02
0.000000000000000000e+00
0.000000000000000000e+00
2.159895862236247007e-14
7.269543432551675739e-03
7.370950505800736592e-41
4.154347237719931028e-35
4.585242563469331182e-21
9.547129964386210200e-17
0.000000000000000000e+00
0.000000000000000000e+00
0.000000000000000000e+00
0.000000000000000000e+00
0.000000000000000000e+00
0.000000000000000000e+00
0.000000000000000000e+00
1.671699434701022639e-140
0.000000000000000000e+00
0.000000000000000000e+00
2.349414254163206586e-122
3.457115285605078338e-212
2.745018532117416710e-15
7.699070886088961928e-20
2.077391010969899129e-43
2.352026520176365498e-48
0.000000000000000000e+00
4.466726824509529587e-222
1.462992583848092027e-09
3.902559804259251617e-167
1.605160224836614167e-233
0.000000000000000000e+00
2.078893440118248392e+01
0.000000000000000000e+00
0.000000000000000000e+00
1.250626967142502988e+00
0.000000000000000000e+00
8.808669877635074386e+01
0.000000000000000000e+00
7.330630829900611367e-287
0.000000000000000000e+00
0.000000000000000000e+00
4.676639607544825901e-135
4.234394211335425240e+01
2.044547920317972057e+03
3.525110206898024217e+02
3.939824919537775116e+01
1.387218630233615579e+00
1.447547782684907247e+01
3.900057956032705988e+02
1.861943511689957004e-02
9.846549664029851101e+01
0.000000000000000000e+00
0.000000000000000000e+00
5.204340891020587151e+03
1.101049400197278150e+00
2.266536545212400494e-04
5.046694618681011235e+01
5.303912698608693290e+02
1.101846086689936328e+03
1.042610059206778457e-208
7.427197845617428538e+04
1.169269573804553463e-75
2.467506891054029428e+00
2.201787605031291444e-125
1.160778396334454328e+03
7.660982173916626792e-50
1.294300635500649109e-52
2.685967419539682946e-178
6.676213053685510830e-17
4.300910834338191790e+01
2.072006774799004234e+03
5.532447528436586909e-02
3.722408809061847933e+03
7.139188087620921408e+01
1.964485479578212335e+02
9.480483647042326822e+00
1.715997550382420656e+01
8.881158002698182941e+01
1.681323186784956849e-46
4.082393730684650279e+00
3.821370067347621102e+01
2.879426165145078897e+01
6.877363156340635664e-01
8.402447606718855155e+00
2.701955233445754345e+01
8.351275362098533606e+02
1.784990823858460374e+02
4.452220232812587710e+02
0.000000000000000000e+00
9.587450464235320169e+01
5.131754839096434750e+01
5.042535661344669506e+02
2.535393440034055743e+02
9.774499368319851555e+00
2.553252285544602387e+02
2.542715352808596094e+02
8.034570149705274389e+00
5.057023587813301191e+01
4.165794515801274400e+01
1.558389314623584632e+01
6.741829045294918110e+00
2.416248184564794244e+01
1.042609248982515524e+01
9.741820930299597947e+00
3.496445259137404893e+00
2.172318831103148717e+00
8.532596519448662775e+01
4.646642311913907974e+02
4.450023501481393851e+01
2.422243536633076122e+00
3.508765820168681415e+01
3.678506629188402322e+00
8.776240565359668011e+00
6.754712204455861979e+01
2.829833525576846114e+02
7.101020960920560121e+00
2.502407475023698069e+01
5.876339129271020312e+01
2.345120769354546155e+02
2.866279634363007034e+01
2.581507907137938318e+00
1.747283269507101180e-02
2.289985936994100513e+01
1.794829674574855538e+00
2.491514116999844930e+01
1.817406204748649046e+01
4.237778078993152064e+00
1.898471680214160884e+01
3.566786106423160074e+00
1.897325867752777739e+01
6.238005813871427385e+00
2.149508719634964038e+01
3.728674641112156252e+01
0.000000000000000000e+00
1.392828234496077914e-38
2.771527410787610393e+02
2.295471841404740587e+01
1.718379228055636077e+01
1.993041114927630586e-01
1.006224648213818629e+00
1.951295580632003990e+01
2.724841397298350216e+02
1.070008380493511027e+02
1.879923829589483830e+02
3.934327289449468523e+00
5.885545930479522525e+01
1.191222173425517781e+02
1.568944001902119467e+01
4.362313065734704743e-24
0.000000000000000000e+00
4.138178755177375479e+01
5.335922337666093362e+00
3.010220956799324910e+01
1.277758589367190325e+02
3.880533931665006975e+01
6.775993441660770600e+01
3.363923622119677503e+01
6.542927441678636491e+00
1.882382582919594327e+01
6.307037345058591171e+01
1.125539329430554680e+01
1.714842683029549519e+01
3.920085210937787679e+01
1.785411144179746756e+01
1.957420724157093462e-46
1.786347929025529913e-01
2.598505274597263224e+02
5.664011563991807918e+01
2.827904977274331344e+01
5.980225517689077286e+00
1.195454761914423081e+01
2.506956211330053046e-32
3.859736611710761878e+01
3.539827579917559319e+01
3.151101021251037082e+02
5.874844206513719963e-11
5.975871866875001054e-22
1.138820776788832063e+02
4.374533196159650856e+02
6.989227313854364183e+03
3.371815511940031568e-02
1.235703497141151708e+01
1.017969087682236695e-108
0.000000000000000000e+00
2.250202571479478593e+02
2.900593303849740012e-01
3.078329234391062030e+01
6.460591295750067964e+00
3.391547081088482969e+02
8.650709138450606517e+00
1.159434355446969711e+01
4.728537501986262015e+01
1.027095377728443282e+01
2.477611753134747730e+01
1.487959282760407653e+01
6.171110906899617277e+01
1.924706343141075748e-01
1.319741366709633823e+00
4.521489041084533511e+01
6.387155161388908801e-141
1.916788640156688928e+00
1.191087075943279245e+02
1.516898873742682241e+01
3.391057602027413509e+01
1.842248172632055159e+01
1.225541990188683528e+01
1.687397063122638485e+01
1.101197111611755020e+01
3.611709945061828364e+01
3.329556668829145138e+01
8.978268312338585133e+01
6.123542534196407416e+01
2.144167798142330241e+02
1.896983479160317756e+03
2.313023221808618569e-18
8.748595900450876798e+04
3.380134940350886836e+02
1.621330601669115579e+00
8.666152638582955703e+00
3.179127588074596588e+03
2.564914227101566553e+02
2.021320721404261210e-08
8.012713921187090591e+02
8.893830946731229687e+02
4.432531403602702085e+02
3.193921469804398043e+02
1.235580480881872916e-21
8.451052565063184829e+01
3.303053913416871410e+02
3.194589139927466022e+02
6.018247376894776153e+02
4.262158778994429298e+01
1.394802904856965320e+01
8.783481183215056529e-64
9.957710279257178627e+03
1.536458770827890978e-03
7.859974043010241607e-01
2.172748089802257709e+01
7.395287469405977276e+01
5.945347924552951469e+00
1.439993574347759022e+02
2.687218052718411627e+02
2.268855074645327370e-80
0.000000000000000000e+00
3.827290273535767458e-22
0.000000000000000000e+00
1.153279298439337216e-05
6.658896184291096461e+02
3.665446831161866537e-01
1.943072704019094132e+01
8.007536940108486760e+02
5.898744969039360342e+01
3.453676069001706423e+02
1.818956632154275610e+02
2.120977156263541588e+02
2.138451631269604176e-09
2.346718468440515437e+01
1.354060063903088303e+04
9.699208931032472947e+02
3.855757415942754847e+02
9.411739577971847837e+01
2.349625197993984926e+01
6.893877066253728536e-01
5.929440001912515079e+00
2.438104468344332076e+02
4.704018500471661923e+00
1.081292650100420616e+01
1.423097261023083604e+01
2.955652632900101384e+00
8.290196815314306633e+00
2.436084515804898487e+01
2.034192736864014694e+00
5.499346205215108974e+00
1.571922214785162142e+00
3.834267629618656770e+01
3.954683705424573703e-01
6.019193697881789484e-01
3.952905017798248988e+00
1.467491395702174550e+01
2.938516533693840138e+00
2.497872584330698231e+01
4.640346424033337688e-93
1.601498152389359559e-08
3.270048753705430613e+02
2.037148768557716316e+00
2.686690593935778662e-12
8.442467334062650340e-115
9.955426715600940168e-01
1.325072373123128641e-05
1.854583719702851852e+02
3.708714932107652658e+02
1.269019058780067013e+02
4.342451371735145999e-24
5.359845590282237993e+01
2.369606520408464166e-33
1.350175448058834792e-06
2.940049006191967607e+01
1.206267450139977342e+02
1.709758221096319275e+01
0.000000000000000000e+00
5.658605308898180475e+00
3.232848112277829244e+01
6.997335029520212402e+01
3.759261288886058310e+02
6.402601840939439626e+01
3.473280269364869355e+01
8.093319031168055844e+00
2.189627012627745728e+01
2.794573265199503709e+01
1.272076588632071434e+02
4.581292544838913905e+00
3.016127377459663350e+01
8.413991533150963278e+02
7.304829340319624009e+01
6.328677480714789993e+01
1.361536932328354510e+02
1.821465794423897933e+01
2.251266919045477877e-01
1.888139928827844471e+01
1.539163864115866431e+02
2.605541294281662257e+00
4.739751226250822214e+01
1.593798181581129825e+02
5.018206502361603760e-02
4.342554420391460468e+01
1.998340560359075425e+03
1.275700575353858390e+01
5.734650529992494228e+01
3.024879517926040761e-80
1.348975811189775488e-231
6.031302490390640953e-47
1.172010345479909884e+05
0.000000000000000000e+00
0.000000000000000000e+00
1.530291847509693338e-51
4.548565941100364718e+00
1.475375649560281310e+01
4.320985677251328205e+00
6.992842597912475355e+01
2.594131740076488768e+01
9.155779072331846180e+00
2.947367929152001054e+01
1.649996995627102692e+01
4.269763342687358687e+01
3.201668439810153810e+00
7.683473096095797317e+00
1.168007478235480967e+01
3.996196772796447444e-02
1.303590330069696324e-01
6.562833012582423713e-229
8.585687050091759431e+01
7.782939682972877193e+00
3.283414527253965876e+00
1.821285130756188835e+02
1.832053843280252003e+00
1.970070265438264414e+02
6.440928839497426871e-103
3.491695109444447470e-02
1.031256025902995788e+01
2.184735621678506448e+02
1.197165148431756881e-07
1.081674662812496801e-01
2.519276779285344787e+02
8.593375798208482763e+01
3.820503119994430108e+02
5.178245095658687092e+01
3.612965349389946823e+01
2.732122493982546985e+01
2.469878178201959784e+01
3.056854391405142146e-01
8.871251677260676871e+00
1.200318811050598455e+01
3.969348361198413722e-01
5.722780313113311479e+00
7.489527329777809328e+00
2.863689521748683475e+01
4.148059195911781671e+01
7.663245700698232410e-01
1.038931129898243455e+01
3.042709355253596648e+00
1.618385626487704343e+00
4.782435571204901592e+00
2.820567029027558803e+01
2.863489389414058195e+01
5.224145937802256157e+01
2.299693442092496376e+00
3.979659108890318819e+00
5.954661720121813495e+00
2.128340236418477005e+01
1.908461733567285279e+01
2.440609396281865529e+01
1.107823424897014242e+01
0.000000000000000000e+00
0.000000000000000000e+00
4.938094813731767023e-39
5.106771039673068913e+02
5.391640865250119674e+01
4.539228096290971166e+02
0.000000000000000000e+00
2.986657231134770996e+02
7.259101293787838358e+02
5.144497620793509363e+00
2.848087945047541591e+00
3.490157318029054778e+01
2.655844584289637922e+01
9.971287741436418628e+01
2.543085556810666148e+01
1.326072424496687052e+00
1.177077997658629016e+02
1.900722735391092328e+02
3.147963151111994407e+01
6.562117919219745673e-09
4.747736136603342996e-12
6.746232881004099902e+00
1.057402879338972257e+00
0.000000000000000000e+00
1.132951842536831180e+02
3.038367397742750597e+01
2.565487655208507434e+01
1.278483945601436460e+02
7.396081064128900096e+01
6.208918983321530050e+02
5.998846089816054494e+00
4.498251377262858597e+01
1.985576330843746717e+01
8.273137770846312744e-01
2.050599082459784128e+01
1.596207377142451733e+01
2.414698470215629611e-01
1.708220774791159613e+01
5.225087826780703892e+01
2.884776487005933276e+01
9.310314298746622086e+00
1.250860242977336689e+01
3.956270178455250885e+01
2.992356855438642924e+02
3.029610738446433160e+01
4.534341975695470595e+00
2.735717457140179576e+01
3.596735367786902771e+02
6.530806380311106274e+00
8.923457621508917725e+01
3.912779297087885105e-02
1.631366576321489348e-01
6.451053007863118083e+00
2.289567080659364429e+00
2.094327607248921552e+01
1.623442091115602226e+00
3.333679599627035941e+02
2.317789374711415462e+02
6.102303025132434868e+02
5.137692150094628687e+02
8.153654039253344976e+00
1.355880928048253456e-02
3.304288619845077601e+00
3.385688679760755093e+01
3.017110243833809324e+00
1.597069779992345318e+01
4.537004657607084823e+00
6.029496413190074833e+01
3.270987041940897200e+01
1.460364093181976308e+01
1.526014968585640119e+01
1.398729191816004302e+01
0.000000000000000000e+00
0.000000000000000000e+00
0.000000000000000000e+00
0.000000000000000000e+00
0.000000000000000000e+00
3.100894467436175805e+00
4.356420674951852988e-133
4.887203162138009542e-49
1.682863743131500266e-25
2.677901371291444748e-04
2.710380118242786125e+02
7.306613407422634765e+00
2.286446989227779625e+01
2.265696790420108447e-147
5.654184029740954717e-32
3.243431358133769038e+00
6.178338072777017631e-01
8.915029660813304702e+01
3.464843383898449503e+01
8.800430679610542484e+00
1.616452884464388831e+02
2.398425132129275550e+00
8.394764820531904093e+00
1.598759472845789009e+00
2.947807968694254654e+01
1.603536630022373233e+00
1.117234846117592362e+01
1.981343241067643035e+01
9.627102704093017493e+00
3.666483089563709579e-31
1.132608438164551812e+00
2.543284416048560814e+01
1.071929485940665749e+01
2.725028228379071038e+01
6.076548931190552029e-13
2.870248853730559517e+02
1.304564090136756439e-10
7.037870094440961208e-193
0.000000000000000000e+00
1.193450824703172303e-145
0.000000000000000000e+00
1.899939892945202189e+02
3.469758064605709230e-16
1.810591322395874272e+02
8.039721137847737964e+01
1.540163221238993812e-257
3.643482484089771010e-06
1.338908807193328459e-38
0.000000000000000000e+00
0.000000000000000000e+00
0.000000000000000000e+00
0.000000000000000000e+00
0.000000000000000000e+00
0.000000000000000000e+00
0.000000000000000000e+00
1.482167227768512419e+01
6.640244604678183293e+01
6.064670448202163243e+03
1.516350724895495539e+01
8.904424346290850778e+00
6.292407089961928790e+01
6.106580472146632133e+01
7.637894963082062532e+02
4.579540430327494960e+01
8.539030005603450491e+00
2.905591555632530643e+01
2.050502236470551005e-07
1.111296621744863433e+00
3.751774047275550856e+02
6.355471370074428084e-01
1.178387775746763992e+02
3.668647224006500096e+01
4.434431546175926719e+00
1.389046709196534515e-02
6.679880785191285497e+01
1.231500096013913389e+04
8.805807478416906520e+01
2.787194454509923889e+04
8.992222611995250858e+00
1.462142521260524575e+01
4.254467007940301859e-02
1.236298423700052940e+00
4.547986402352024271e+01
5.606468176269207504e+01
1.771843962714267562e+01
1.479624446873648047e+01
2.337485315710243761e-01
6.008348544668055524e+01
2.046509978924060036e+01
8.247082348128068361e+02
1.351799493949199620e-72
1.328890043902676723e+02
4.513560344246739936e-02
3.714698898009281436e+01
1.571238795533100472e+02
6.111009800472845654e+01
2.287568983646205201e+00
2.780615051530222104e+01
4.943485749099826876e+02
2.328152873231105602e+01
1.150622233046279553e-41
5.456471548979445174e+01
5.009831757007565223e+00
7.844724361856342254e-01
1.111977696457500553e+00
1.704339435310522552e-02
1.381610041199217598e+01
4.979771872340817751e+00
2.817394767137704203e+00
5.174296232581936295e+01
4.177574922370705934e+01
4.406582552123703067e+01
4.605160803849722574e-07
5.317964532837153513e+01
4.801429054813749531e+01
8.261362622887040175e+01
2.476317939780495081e+01
1.458509520152548475e+02
4.024695048309498091e+00
7.120431320386633178e-02
3.633547736280450469e+00
2.725780078322050101e-13
7.710135098560622606e-64
1.020531295173990750e-126
4.891820555831944262e+01
6.644336803458075735e+01
1.262923737461207097e+01
6.287399472055094322e-19
9.258606381917589001e-01
1.226988828066513659e-02
1.056076836751170589e+02
2.281126973112235135e+02
2.622456835319240566e-34
7.254803967364046379e-126
1.392833302104205018e+02
7.051390480824927636e+02
1.511161677355046606e+02
4.239081396533978250e+02
4.201998684076817625e+01
5.695598682963894710e+00
1.341348028020117056e+01
3.509159135918851757e-02
1.763514273828189260e+00
2.147970938452417045e+02
2.424710444942814149e+02
1.037890464762518405e+01
7.862188654491284296e+02
3.859761432963185968e+01
6.315280472867874570e-03
2.012412711530700993e-03
1.141536749804522444e+01
5.959170879838014656e+01
3.104462684485544521e+00
6.391975222796223477e+01
3.551710563383204899e+00
2.481490728624512343e+01
1.376974224793750778e+01
1.368077885211216405e+01
7.565360876543900304e+01
1.232849674554499408e+01
3.052334278140299162e+01
5.728504297955829117e+01
7.313697743623614338e-09
1.940104253059643735e+00
0.000000000000000000e+00
0.000000000000000000e+00
0.000000000000000000e+00
6.308698126879501357e-228
0.000000000000000000e+00
5.128674679323878983e-54
0.000000000000000000e+00
0.000000000000000000e+00
0.000000000000000000e+00
0.000000000000000000e+00
0.000000000000000000e+00
0.000000000000000000e+00
0.000000000000000000e+00
0.000000000000000000e+00
0.000000000000000000e+00
0.000000000000000000e+00
0.000000000000000000e+00
0.000000000000000000e+00
0.000000000000000000e+00
0.000000000000000000e+00
0.000000000000000000e+00
0.000000000000000000e+00
0.000000000000000000e+00
1.532311526648647351e-02
1.356228743333934617e+01
3.927309194413981797e-03
0.000000000000000000e+00
2.395078482638636198e-88
5.175617263435963760e-115
0.000000000000000000e+00
0.000000000000000000e+00
0.000000000000000000e+00
0.000000000000000000e+00
9.574847745187852865e+00
1.543883119751885089e-215
0.000000000000000000e+00
0.000000000000000000e+00
1.027819342705128292e-110
0.000000000000000000e+00
0.000000000000000000e+00
4.185487940923412253e+00
6.487182652325943735e-122
0.000000000000000000e+00
0.000000000000000000e+00
9.342012908912276705e-104
0.000000000000000000e+00
1.916437069001946312e-64
6.659004967092883979e-103
4.862344439521831209e-36
2.718741149994605851e-108
0.000000000000000000e+00
0.000000000000000000e+00
0.000000000000000000e+00
0.000000000000000000e+00
0.000000000000000000e+00
4.269685885897582690e-104
0.000000000000000000e+00
0.000000000000000000e+00
5.995190085197345318e-08
0.000000000000000000e+00
1.734359829219968674e+01
5.551767067714486359e+01
6.882928380971308227e-149
2.986443126933454433e-89
0.000000000000000000e+00
0.000000000000000000e+00
0.000000000000000000e+00
0.000000000000000000e+00
0.000000000000000000e+00
0.000000000000000000e+00
0.000000000000000000e+00
2.327080229193305527e+01
9.627162807986691194e-24
8.256524866808766706e-31
1.522671537032417894e-47
1.456680051844480239e+01
5.475211888638290269e-05
0.000000000000000000e+00
1.372444071043357990e-55
0.000000000000000000e+00
0.000000000000000000e+00
6.236310258762825570e-118
1.258473230877426275e-48
6.862170138712393263e-07
5.399850255044959061e-07
0.000000000000000000e+00
2.934663479117558677e-03
0.000000000000000000e+00
2.921287302777073716e-56
8.367030303577570294e+01
2.828309071894242379e+02
1.638338854252267007e-137
3.787770743218690474e-210
0.000000000000000000e+00
0.000000000000000000e+00
2.497628805832619269e-166
5.691709898329302320e+01
8.111021385906691528e-01
0.000000000000000000e+00
2.342500456912181672e+00
0.000000000000000000e+00
0.000000000000000000e+00
0.000000000000000000e+00
0.000000000000000000e+00
0.000000000000000000e+00
0.000000000000000000e+00
7.580105923835342097e+00
0.000000000000000000e+00
0.000000000000000000e+00
2.770603262473384995e-03
0.000000000000000000e+00
0.000000000000000000e+00
0.000000000000000000e+00
0.000000000000000000e+00
0.000000000000000000e+00
0.000000000000000000e+00
0.000000000000000000e+00
0.000000000000000000e+00
0.000000000000000000e+00
0.000000000000000000e+00
0.000000000000000000e+00
1.443120012786490937e-67
1.900931635340194789e-180
0.000000000000000000e+00
1.292349833588075395e-40
0.000000000000000000e+00
5.658030036352647960e-07
1.239093136467272909e-76
2.854782231437923086e-119
0.000000000000000000e+00
0.000000000000000000e+00
0.000000000000000000e+00
1.527066644455362702e-29
3.050075102295512863e+01
3.577917709059791207e+01
3.581137586997443236e+02
1.736850251226576590e-97
9.983645514394844781e-24
1.845889331543316671e-05
0.000000000000000000e+00
6.406533091698172200e+01
1.237262489359167716e+00
3.663714822235134166e-12
9.374469356406956777e+00
2.667962037980830647e+00
5.600714433018540994e+00
1.957773734834801971e+01
1.940528285516005536e-01
1.003084165090326829e+00
4.288911985902793718e-03
3.036095751596494665e+02
1.297523167954949708e+00
1.182731949362250817e-01
1.798899998254836818e+00
5.579638925806456484e+01
1.529857424613393491e+01
2.279590696858442289e+00
4.235761388325903454e+02
7.547305300571366961e-11
1.190450664131528811e+02
0.000000000000000000e+00
0.000000000000000000e+00
2.388221714127762916e-69
1.908154062167869553e-04
1.592619461798156516e-18
3.171466460069098075e-09
0.000000000000000000e+00
0.000000000000000000e+00
0.000000000000000000e+00
4.075818076923959958e-159
0.000000000000000000e+00
1.922554995696593637e-301
3.511366288107984646e-59
4.341399960526409078e-07
0.000000000000000000e+00
5.233884592209271142e-53
2.270408913806693256e-96
1.146986301830582172e-01
5.964752809569163219e+02
0.000000000000000000e+00
0.000000000000000000e+00
2.709197764089446145e-125
0.000000000000000000e+00
1.571238817028443258e+01
1.587957323578549484e+01
1.892751440848567057e+01
7.124698685662728792e+00
5.060041279813386268e+02
3.120005906344248459e+00
9.147626355337436621e+00
8.004914275474396490e+00
1.391551922694838694e+01
2.125308836633468275e+02
4.838787901903185684e+01
3.597920782229176240e+01
1.520849632498410356e-29
1.958888979484532555e+00
1.155350775222731663e+00
1.403350854213884254e-08
6.989660414275616063e+01
2.195905743849644320e-01
1.268318321579144277e-04
3.631442396785103483e+03
8.553511063005862525e+03
1.855057968063351104e-01
7.312077896455580013e-05
0.000000000000000000e+00
1.016978734770883492e-20
6.950688767019017483e-09
1.669261396112383896e-05
2.768605545063767082e+01
1.553151021741066324e+04
2.401040563499609006e-23
2.321471651026313165e-88
7.070096017846294600e-01
1.885983022000084020e+03
2.356519409852406625e+03
4.588700665734490869e+00
5.723614052517433493e+01
6.058266220566972152e+03
2.005860784262307916e+01
2.565941631781147804e-10
8.698354148802437180e+00
1.203147156013950436e+01
1.721373597526557433e+03
3.318017829110607941e+00
9.492264158236761062e+00
1.010923584817815168e+02
5.808882650385297097e+01
4.954786476194387319e+02
1.038735593148541447e+01
6.211237614803088308e-04
1.526507347431805250e+01
5.525379317359236514e-03
0.000000000000000000e+00
0.000000000000000000e+00
0.000000000000000000e+00
0.000000000000000000e+00
1.506768412020782108e-07
0.000000000000000000e+00
0.000000000000000000e+00
0.000000000000000000e+00
7.090373504823871409e-01
5.724142324030443874e+00
4.891271883562445737e+02
1.389020733713894629e+02
1.693993611958265433e+01
1.122894743125456607e+01
4.696447594425550598e+00
9.541481939682620705e+00
8.364975134133629808e+00
1.379606906098501327e+02
1.367991601544512150e+02
2.119336835340505331e+03
3.957317933139147215e+01
3.602658291273889972e+02
1.430145296272118287e+02
0.000000000000000000e+00
0.000000000000000000e+00
0.000000000000000000e+00
0.000000000000000000e+00
0.000000000000000000e+00
0.000000000000000000e+00
1.538035134635804324e+00
1.478683408944753994e-05
2.956496349282615483e+02
2.562664569398983190e+02
4.804344348234683792e+01
0.000000000000000000e+00
1.677525286668149485e-01
3.208076670492128191e+00
2.850611949205821283e-01
1.877904684923263623e-01
1.214914704055240833e+02
4.897723588948546869e+00
3.587833209434781345e+00
2.012871697134249871e+01
3.615347136180050726e-05
3.225038718076075952e+02
1.843839519185381581e+00
2.916217712386066552e+01
5.202745712359786268e+01
4.262646003841382564e-02
1.915325324696967755e+02
0.000000000000000000e+00
2.783158024110271711e+01
7.164830701260285650e+01
9.280208950887050889e+01
1.226092784233552990e+01
0.000000000000000000e+00
3.260293169693511048e-74
1.550158672317392529e+03
5.108493097688371004e-23
7.422364420279612407e-01
2.788803582857442009e+01
7.830528516092289406e-43
1.133201708013506141e+04
1.102944915875577013e-12
4.580918735784429145e+02
1.904867178337507596e+02
2.226007957158342432e+00
9.381897678848498856e+01
0.000000000000000000e+00
1.685611980332007818e+02
1.275932029955199809e+01
1.141408959016773217e+01
1.900895917400828594e+01
6.028831325454472534e+00
3.174805855009640823e+02
2.784760868261593542e-71
1.769085940278939461e+03
5.253350902111932896e+00
6.707245485623302805e+00
7.839709112696544580e+00
1.734120512636804534e+01
7.556897829986658621e+01
3.796447676832683360e+00
1.725127173035164674e+02
3.176681398725953454e+00
2.240399499587935495e+01
3.561027600027679796e+01
3.509889438465887856e+00
2.072982349222348475e+01
9.239633900408119160e+00
2.351928189643887301e-05
1.352507196568505933e-35
5.113997045892611482e+01
2.008515387944066255e+00
0.000000000000000000e+00
5.133019906297694525e-102
7.681980406549193674e+01
6.968141286074454321e-02
0.000000000000000000e+00
1.822883344009560915e+03
4.245502168904921803e+01
7.939010366838218147e+01
5.949890772322708798e+00
6.327140431939163534e+00
1.609521309803413089e+02
2.026641896707442569e+01
1.691387665201058654e+00
2.133203795603039410e+00
3.001750977494149808e+01
1.071849445092946773e+01
1.518118997133498738e+00
4.174347056783342391e-02
7.845828084933907576e+01
2.875102319970985221e+01
3.488269969074807797e+00
3.796999068901856789e-01
2.963076400181377523e-02
8.940692628888858323e-06
1.259338736857716512e+01
8.793580608713524782e+01
5.290135799354096946e+00
2.721705165537278859e+01
7.637893853292385238e+00
1.165974650511395173e-06
1.280705272649437987e+01
1.852178656770616882e+00
4.157326733289423970e+01
4.265668625681133297e-34
1.386380841901792671e+01
6.516014114801156332e+00
1.198209126990327000e+00
1.719905706664260947e+01
1.244402539297932085e-06
2.567401163991699153e+00
3.221174667528884150e+00
1.501132049282510979e-36
9.808186803800251141e+01
3.456163080393327647e+00
3.876551605691881619e+00
1.544318311955609779e+01
7.936716888878771137e+00
8.749272130145697712e-01
1.871333827464699668e-106
2.792685320013073902e+00
1.027719211174290548e-01
1.039588603796260813e+01
1.518003932328314320e+01
6.124318282795954138e-01
2.868232865137697818e+00
6.975817052627348858e+00
3.733144046847522990e-01
1.183029251158967288e+00
5.470348700908773232e+00
1.134331531910222957e+01
9.699424455987671223e+00
6.148556408783159011e-01
2.741770376289244027e+00
4.084102034248350499e+00
7.989601669663863426e+00
1.619174303866226738e+00
4.371280318668321030e+01
6.186687155100307756e+00
7.092877999287223290e+00
6.084727076974900228e+00
1.793133903245484884e-01
2.605125556096744840e-41
1.038276655432804230e+00
0.000000000000000000e+00
0.000000000000000000e+00
2.999326800001434776e+02
5.865411446163480994e-91
6.228331811192616030e+00
0.000000000000000000e+00
1.763940431226378875e-215
5.694683314741658814e-03
0.000000000000000000e+00
0.000000000000000000e+00
1.502561779704792766e+00
4.650831711306501148e+01
2.427303227453739254e+01
1.570454324332382257e+01
7.794690405252793219e-01
4.677731473056280009e+00
6.383018774229119785e+00
1.520322295056323014e+01
9.183227593043193082e-02
1.550335783326240069e+01
5.515510772325153965e+01
3.288078823233748693e+01
1.691038825863375550e+01
2.353823381679811533e+01
7.593683363217292204e+00
5.168775764588138344e+01
2.724906119705480734e+01
1.194781847079520546e-25
1.671733505273251063e-186
3.536742398097928231e+01
9.343857697494266645e+00
2.236774443599109929e+01
8.758848765651501367e+01
9.503153267305506802e+00
2.168625067373718451e+01
1.157305839332172859e+01
1.406062537437778381e+01
3.358364496954909129e+00
1.334119602700858165e+00
1.369205605724845398e+01
4.944467411362344933e+01
1.486867810793591005e+01
8.552974478351356435e-02
6.275814176355429197e+01
1.200259795393574791e+01
1.719020147526613584e+01
9.251457660019077878e+00
2.666168328288449213e-02
4.143765851802471145e-01
5.157980859648226613e+00
3.167749579424337369e+01
2.497669950976277775e+01
1.449107163712113433e+01
3.532263594964327513e+00
0.000000000000000000e+00
1.481880482775863470e+02
1.384452851645210814e+01
8.272986573025288948e+00
2.112449048777093097e+01
6.397917515575535230e-01
1.708439445970927650e+01
8.290593632894786680e+00
5.350045920450168246e-01
1.445046123144348087e+02
8.607028611247693917e+00
1.543538910497368283e-29
1.981279249486028604e+01
3.361682660008008749e+00
4.815513061403722261e+00
1.339303871244796973e+01
2.719798555236685615e+02
1.521358058171933969e+01
1.311926873249098735e+00
1.499473008353078463e+01
5.757987477764929399e-04
6.941322422914055323e+00
1.266491340076359551e+00
1.739581607049169634e+02
1.483749095052944611e+01
1.476385724472105565e+01
1.704065798345969185e+01
6.384692367857371487e+00
7.899773413931792110e-01
5.520072686728071609e+00
5.378718084566421709e+01
1.439321900351967498e+00
4.038337227682002428e+00
1.089405274429602422e+01
7.455678808386276835e+00
6.300820495746405925e+01
6.397481078986087866e+00
3.995794011061036155e+00
2.725016076565996670e+01
6.441312562104732908e-01
1.870067680935543208e+01
1.247122608856004859e+02
5.771726730310595244e+00
4.405962231669478513e+01
9.514742783525557357e+00
1.008755260274419641e+01
1.435419387828726689e+00
3.039062634422453968e+01
0.000000000000000000e+00
3.903292936654411704e+01
2.356670958685279427e+00
1.410502164827556442e+02
9.981571431340924505e+00
3.577857156129727656e+00
1.565965594965766350e+01
1.087286252463868053e+01
1.911606483647814869e+01
9.116035848196609121e-06
5.882596088147182378e+00
1.240577082458177216e+01
3.826611235618403217e+00
2.160050844962373517e+01
3.576469143729396194e+01
5.569980171358616853e-37
6.099390646962402229e+01
5.909961856887351317e+00
1.158802199897499996e+01
9.382537396093011406e-01
3.981199135974551329e-01
5.872196019280654156e+00
4.956454364928265105e-02
5.443704392362095135e+00
1.342681633682477695e+02
3.961801662367987920e+00
4.652302623094062284e+01
5.466804089769129460e-01
4.197149221289939169e-02
9.767726093937769747e+02
1.751379153197292737e+02
2.336678571908787472e+00
9.446367067197583367e+01
3.751336003046465066e+02
3.474879720488134183e+01
6.042354702130403865e+01
1.837380221653721080e+01
1.470983412880293173e+01
1.630612356173766386e+01
1.206865717282187589e+01
8.820018170413746361e+01
8.510368453893397689e-01
1.545851693453942133e+01
6.265322714135824356e+01
3.118350205052140074e-04
4.699042146514054608e+00
2.566273317991525715e+01
1.439205125965675052e+03
1.232558933341501919e-02
9.578892357180388117e+00
5.676786838606116703e+01
1.891024683509316873e+01
3.060888567297298550e+02
5.153525767552477044e-01
0.000000000000000000e+00
5.530369238754406765e-21
0.000000000000000000e+00
0.000000000000000000e+00
3.738615282476614343e+00
2.116520858686933959e+00
1.649246913099215917e+01
4.707976211752186835e+00
8.824009224259958817e-01
2.263292566383014304e+01
5.881092787053712634e+00
9.999586883685156025e+00
2.743027957757459134e+01
2.116111393281241426e+00
2.045892966350918662e+00
1.206674677198346046e+01
3.070818090389133204e+01
2.706436936896430487e-02
1.823517464580320269e+00
8.866474899080568406e+00
2.331106456092368440e+00
7.040680362372846446e+00
9.514645619922530884e+00
2.408655129409110884e+02
3.656635209314687884e+00
7.614953279060797797e+01
2.530329791842186524e-02
1.600523856996014793e-01
3.047871234392404372e+00
3.477331534186836492e+00
2.323892969794344732e-01
2.700587609962398616e+01
4.815407316504304447e+01
1.029471450314208347e+01
3.771168589170617480e+00
1.130770803728363738e+01
3.594367028395076269e-01
3.523451738542317457e+01
2.732407420814389809e+01
1.328402104239071901e+00
2.139696375502114378e+01
2.178464274858622929e+00
2.039114261186641386e+02
3.451389184520009534e-02
2.550849067501914647e+00
7.470468598165044938e+00
1.381805724562337190e+01
1.588739806855475400e+01
6.445325326415281886e+00
6.774127490692801068e+00
2.436957470801189185e+00
2.297973844669445143e+01
3.603372659330769334e+00
9.745653991521201487e-01
1.224978014656473277e+02
8.815364914612565883e+00
2.385911975260573303e+00
7.921981573014406086e-01
1.226865679369755036e+01
9.526206340743979695e+01
6.577337922764648681e+01
8.898699845218786209e+00
2.814401786399315242e+01
2.744004540890221620e+02
1.384570070027756117e+01
1.325269242289129146e+01
1.835577304575352002e+02
8.650610388988685395e-01
5.377540165679596029e+00
1.215831389688317860e-01
2.316664992771679294e+02
1.358194548069327254e+02
4.829208385404859882e+01
1.581664849625302871e+01
8.459075323124628198e+01
3.678362310132322932e+01
9.489233111363288344e+02
2.672496088158249350e+01
1.969391111110654902e-01
8.406217221932806183e+00
1.468919965513157244e+01
1.016710280101522734e+01
3.401187069368614591e+00
2.978489295804970638e+01
5.395772215459729182e+00
1.445137503882603092e+00
1.276006776299599778e+03
1.609140284560089640e+01
1.726660453274684315e+01
1.424690100032436035e+01
2.437321244046253923e+03
1.125816568199123594e+03
9.888077734163374516e-03
1.422406129126807181e-02
1.033156929814461478e+02
1.440381420698251883e-02
4.147678235879067124e-37
3.012269719356555278e-101
0.000000000000000000e+00
6.086419523298722094e-03
1.092622075459244790e+01
3.156399529394397496e-01
3.378579596497803550e+01
7.382553843818197550e-52
2.119273537394309786e-19
1.235514901211663645e-318
7.052835336816827727e+00
1.213844720577204489e-74
1.841955098470374053e-30
8.578135119386735662e-41
3.634187308643792873e-10
1.084349263420835212e-96
1.577769559579075755e-04
1.608086003429666988e+01
3.108419541417795084e+00
5.200470791265916048e+00
8.851690563715417071e+00
1.049325456669384415e+01
2.971228607579802983e+01
3.525187795315173206e-02
6.554459813615737573e+01
8.990497352734090342e+00
1.493761320927832159e+01
3.211031105580937073e+00
1.510470086149654207e+02
0.000000000000000000e+00
1.141899026280980985e-24
6.994007589964155613e+02
1.474991135609377668e+00
2.224168845412961204e+01
8.600582863599342431e+00
1.115762485866577869e+01
0.000000000000000000e+00
3.798006142627097859e+01
1.839481540529702906e+05
8.203511184088919375e-04
6.296280317552387252e-297
4.326701375758198509e+01
2.814854050384002955e-103
4.085589470088874009e+02
1.201348629746006758e+00
7.205766008385158837e-04
2.360527469313527504e+01
2.732552551588952383e+01
1.542217957408461408e-297
5.565110411793530026e-02
5.959277965455775217e+01
4.614316502717766610e+01
8.342564797061352566e-01
9.968062760754118301e+01
5.247788490767101521e+00
5.566846100561583199e+01
5.030263850590673158e+00
2.968994899091546813e+01
1.541376512912184005e+01
1.086628502172189883e+02
1.348751426327898457e+02
2.155787098595700968e+01
2.238624302300545139e+02
3.067341131500507245e-01
3.308483692932956899e+01
9.297072531428748121e+00
2.389767337220922911e+02
8.785627284287467376e+01
4.757966123132387537e+01
3.032254081341655194e+00
1.069875760529195574e+01
2.411578313783548566e+01
1.380736559127050844e+00
1.975190793166826886e+00
2.858071157483170666e+01
3.714096737219927746e+01
5.559973897454491443e+00
1.795877930624212482e+01
1.043982355895193166e+02
4.395519984617492355e+02
3.450182420343055867e+01
3.077227997937538984e+00
4.891385842267292361e+01
4.655195737079135370e+02
2.181808697813990250e+01
1.191793318816723968e+02
1.121194857094161179e+01
2.033610013190774793e-02
3.837070332490625901e+01
6.805028392324663003e-07
1.617395409536700015e+02
6.353091619788989419e+01
6.971775040794211975e+01
1.127855356498333173e+01
3.194104629187993538e+00
4.420799707236415799e+00
5.259313255134523857e+00
