# residue i_ratio gamma_2
1.000000000000000000e+00 nan nan
2.000000000000000000e+00 6.832722036699740986e-01 4.053999972735609525e+00
3.000000000000000000e+00 8.651377760770329051e-01 1.398344791298295808e+00
4.000000000000000000e+00 8.542308768623460002e-01 1.528827026986829374e+00
5.000000000000000000e+00 nan nan
6.000000000000000000e+00 8.765576105311823074e-01 1.264872107847074156e+00
7.000000000000000000e+00 8.951957279234408205e-01 1.053657933187399642e+00
8.000000000000000000e+00 8.672290419959399754e-01 1.373665073047402929e+00
9.000000000000000000e+00 8.402166805262389904e-01 1.700960740347162492e+00
1.000000000000000000e+01 8.041825211362886305e-01 2.168266400156234397e+00
1.100000000000000000e+01 6.557096859670843436e-01 4.569460963968754896e+00
1.200000000000000000e+01 7.410802660700562816e-01 3.084015290994649661e+00
1.300000000000000000e+01 nan nan
1.400000000000000000e+01 3.009512272336651861e-01 1.780774776553148797e+01
1.500000000000000000e+01 4.878657640009766983e-01 8.775377480375906813e+00
1.600000000000000000e+01 nan nan
1.700000000000000000e+01 2.766285312033056609e-01 1.968895882894973681e+01
1.800000000000000000e+01 1.693600721676829790e-01 3.261371557405804822e+01
1.900000000000000000e+01 7.338197976258875599e-02 6.275560399185249594e+01
2.000000000000000000e+01 2.383661967641425433e-02 1.183981415043376444e+02
2.100000000000000000e+01 2.840047845352325351e-02 1.087181871042070043e+02
2.200000000000000000e+01 1.305850517058808336e-02 1.540642558334512557e+02
2.300000000000000000e+01 nan nan
2.400000000000000000e+01 nan nan
2.500000000000000000e+01 7.055843288486063174e-03 1.938902435805403002e+02
2.600000000000000000e+01 6.766025329814977229e-02 6.622075993110634329e+01
2.700000000000000000e+01 1.082023641368824868e-01 4.748365352478418089e+01
2.800000000000000000e+01 1.252955765145008504e-01 4.228861509972575305e+01
2.900000000000000000e+01 1.205532314318114584e-01 4.362442700324871936e+01
3.000000000000000000e+01 1.065884426886394981e-01 4.803386184963702021e+01
3.100000000000000000e+01 1.065036240667864009e-01 4.806310030844711889e+01
3.200000000000000000e+01 2.089083833393693135e-01 2.666424751799897308e+01
3.300000000000000000e+01 1.450133921861027908e-01 3.742869173908827207e+01
3.400000000000000000e+01 2.219098191495798289e-01 2.507060311666497654e+01
3.500000000000000000e+01 2.182349304077037533e-01 2.550617112229560490e+01
3.600000000000000000e+01 3.381351842637665972e-01 1.536245747090564073e+01
3.700000000000000000e+01 3.465791666911158808e-01 1.486734812971924491e+01
3.800000000000000000e+01 5.472631731630345220e-01 7.031951053120539363e+00
3.900000000000000000e+01 5.011537742446721122e-01 8.354617975213146863e+00
4.000000000000000000e+01 5.561472535899562031e-01 6.798969902176584590e+00
4.100000000000000000e+01 6.153735535054131178e-01 5.396575699190133690e+00
4.200000000000000000e+01 6.085522097909700223e-01 5.545923197364821533e+00
4.300000000000000000e+01 5.137961637127045345e-01 7.971676469595399439e+00
4.400000000000000000e+01 nan nan
4.500000000000000000e+01 7.291254933449101694e-01 3.273382161898023224e+00
4.600000000000000000e+01 7.285930066526201676e-01 3.281945487936020367e+00
4.700000000000000000e+01 7.581868411611327740e-01 2.822319114121395689e+00
4.800000000000000000e+01 6.149496145714924422e-01 5.405772943248921436e+00
4.900000000000000000e+01 4.875533377214872899e-01 8.785506027895209513e+00
5.000000000000000000e+01 nan nan
5.100000000000000000e+01 5.843996577244584545e-01 6.099112590681148305e+00
5.200000000000000000e+01 nan nan
5.300000000000000000e+01 nan nan
5.400000000000000000e+01 5.957924712335010975e-01 5.833295230444571544e+00
5.500000000000000000e+01 7.469014163383335125e-01 2.993763750013441971e+00
5.600000000000000000e+01 7.689438285553413799e-01 2.663090979729209273e+00
5.700000000000000000e+01 7.397519731099544416e-01 3.104786538034128629e+00
5.800000000000000000e+01 6.332531561559900934e-01 5.018530352652625481e+00
5.900000000000000000e+01 7.838547448607252610e-01 2.448848826918440302e+00
6.000000000000000000e+01 8.980726072210657440e-01 1.021763494351902946e+00
6.100000000000000000e+01 9.599913443515513123e-01 3.775103693754864875e-01
6.200000000000000000e+01 9.654018594129181174e-01 3.247920873293973498e-01
6.300000000000000000e+01 9.740964303020814841e-01 2.411932051726264903e-01
6.400000000000000000e+01 9.832723614208926932e-01 1.544286642207894078e-01
6.500000000000000000e+01 9.867678875162465557e-01 1.217633834330653642e-01
6.600000000000000000e+01 9.908030748399254684e-01 8.431659881396914857e-02
6.700000000000000000e+01 nan nan
6.800000000000000000e+01 9.899652857836881426e-01 9.206841765361191421e-02
6.900000000000000000e+01 9.772411800904158286e-01 2.112902007127660242e-01
7.000000000000000000e+01 9.518019894575190376e-01 4.583419585029082088e-01
7.100000000000000000e+01 9.586518613178991455e-01 3.906455036135885184e-01
7.200000000000000000e+01 nan nan
7.300000000000000000e+01 8.492566181223432098e-01 1.589338566524294505e+00
7.400000000000000000e+01 nan nan
7.500000000000000000e+01 7.622890981727645787e-01 2.761122783453163976e+00
7.600000000000000000e+01 8.297309959549190594e-01 1.833175502970086912e+00
7.700000000000000000e+01 9.581451910624478874e-01 3.956226881396791017e-01
7.800000000000000000e+01 9.659151195813659996e-01 3.198189851502578618e-01
7.900000000000000000e+01 nan nan
8.000000000000000000e+01 9.240746991148468537e-01 7.416718422655548260e-01
8.100000000000000000e+01 9.538860525592797179e-01 4.376517776914813918e-01
8.200000000000000000e+01 9.535571704589155262e-01 4.409113877839100359e-01
8.300000000000000000e+01 9.505681146676391302e-01 4.706305278410544690e-01
8.400000000000000000e+01 9.719379643310207539e-01 2.618198169518507479e-01
8.500000000000000000e+01 nan nan
8.600000000000000000e+01 9.679703595408626349e-01 2.999534048925490137e-01
8.700000000000000000e+01 9.741606007074520290e-01 2.405812587358453214e-01
8.800000000000000000e+01 9.797985396219937027e-01 1.871016573652072579e-01
8.900000000000000000e+01 9.732934511291277957e-01 2.488568504947631654e-01
9.000000000000000000e+01 9.857112449823104416e-01 1.316152967300060206e-01
9.100000000000000000e+01 9.840680781458918114e-01 1.469741773307413901e-01
9.200000000000000000e+01 9.665027028157430200e-01 3.141316554412608708e-01
9.300000000000000000e+01 9.627022978226749128e-01 3.510282803919628214e-01
9.400000000000000000e+01 9.851267785551081069e-01 1.370730200414103650e-01
9.500000000000000000e+01 9.828148359320493244e-01 1.587198700216082004e-01
9.600000000000000000e+01 nan nan
9.700000000000000000e+01 9.601144018427526516e-01 3.763053261045410380e-01
9.800000000000000000e+01 9.670929679105841892e-01 3.084247060285029152e-01
9.900000000000000000e+01 9.592518396633185063e-01 3.847579136439527869e-01
1.000000000000000000e+02 9.778576301476920030e-01 2.054490152804300529e-01
