# residue i_ratio gamma_2
1.000000000000000000e+00 nan nan
2.000000000000000000e+00 6.524469469651171805e-01 4.633016483662296459e+00
3.000000000000000000e+00 5.525894571449720960e-01 6.891492796144505384e+00
4.000000000000000000e+00 4.182260278306257351e-01 1.134589411402277115e+01
5.000000000000000000e+00 nan nan
6.000000000000000000e+00 8.559416977501462798e-01 1.508161643996323908e+00
7.000000000000000000e+00 9.086945345924835049e-01 9.055897838191414584e-01
8.000000000000000000e+00 9.306497382715431810e-01 6.730983522490202597e-01
9.000000000000000000e+00 8.282791448788840993e-01 1.851719344993868255e+00
1.000000000000000000e+01 8.407309005478609265e-01 1.694553323842535653e+00
1.100000000000000000e+01 7.399502867913991810e-01 3.101681179098368268e+00
1.200000000000000000e+01 7.338498033817343336e-01 3.197891440085937731e+00
1.300000000000000000e+01 nan nan
1.400000000000000000e+01 6.740811077703150467e-01 4.221749345806919074e+00
1.500000000000000000e+01 5.143545168280241331e-01 7.955136923566241691e+00
1.600000000000000000e+01 nan nan
1.700000000000000000e+01 3.687744918395836069e-01 1.365558420995015965e+01
1.800000000000000000e+01 1.635029455108853447e-01 3.367449874413899380e+01
1.900000000000000000e+01 1.641246709726141007e-01 3.355923373061914106e+01
2.000000000000000000e+01 1.274214780683418646e-01 4.171302913680859348e+01
2.100000000000000000e+01 1.346012252640023110e-01 3.986681334756594453e+01
2.200000000000000000e+01 1.311884121900642464e-01 4.072624303348982266e+01
2.300000000000000000e+01 nan nan
2.400000000000000000e+01 nan nan
2.500000000000000000e+01 1.974270875437223946e-02 1.291793055769448131e+02
2.600000000000000000e+01 1.086416108470941305e-01 4.733589731445200499e+01
2.700000000000000000e+01 1.078864322351861110e-01 4.759044985950124840e+01
2.800000000000000000e+01 8.664716766115382329e-02 5.595394094824527542e+01
2.900000000000000000e+01 9.636236920762362990e-02 5.181227072737864603e+01
3.000000000000000000e+01 1.372310057403527406e-01 3.922576096124338818e+01
3.100000000000000000e+01 1.279611968788673948e-01 4.156908800657989644e+01
3.200000000000000000e+01 2.024192685765835720e-01 2.751795691599613036e+01
3.300000000000000000e+01 2.805520774951881791e-01 1.936789463357239072e+01
3.400000000000000000e+01 3.259541387143223834e-01 1.611342250267790632e+01
3.500000000000000000e+01 2.258926495149592428e-01 2.461097267050792325e+01
3.600000000000000000e+01 2.539827346607416159e-01 2.169416106524490218e+01
3.700000000000000000e+01 4.262247261311435942e-01 1.101477720382855630e+01
3.800000000000000000e+01 7.077489831763822403e-01 3.626133739056355054e+00
3.900000000000000000e+01 7.930235225501883756e-01 2.320696855910297618e+00
4.000000000000000000e+01 7.072491512747272058e-01 3.634608185838605010e+00
4.100000000000000000e+01 4.650423780375864125e-01 9.545692177953348789e+00
4.200000000000000000e+01 3.951070785468028812e-01 1.236566387557693858e+01
4.300000000000000000e+01 7.069845682326032499e-01 3.639098386855547762e+00
4.400000000000000000e+01 nan nan
4.500000000000000000e+01 5.973448533964326179e-01 5.797760322578819903e+00
4.600000000000000000e+01 5.065145360678839914e-01 8.190236354656073914e+00
4.700000000000000000e+01 5.450473476199299006e-01 7.091083134402262012e+00
4.800000000000000000e+01 2.723299636021062065e-01 2.004915150243152056e+01
4.900000000000000000e+01 5.809373044243398843e-01 6.181693824630252188e+00
5.000000000000000000e+01 nan nan
5.100000000000000000e+01 5.671936757308123633e-01 6.518125481139294131e+00
5.200000000000000000e+01 nan nan
5.300000000000000000e+01 nan nan
5.400000000000000000e+01 7.993786669229302477e-01 2.233418491226744962e+00
5.500000000000000000e+01 9.288752701328764072e-01 6.915180758681520601e-01
5.600000000000000000e+01 9.328485030173339076e-01 6.503625612707466530e-01
5.700000000000000000e+01 9.482346659406900580e-01 4.939496373522726524e-01
5.800000000000000000e+01 9.524269131645112241e-01 4.521291872497265607e-01
5.900000000000000000e+01 9.421191444517573732e-01 5.555627666610229998e-01
6.000000000000000000e+01 9.103616168673861475e-01 8.875798055892015759e-01
6.100000000000000000e+01 8.481625233395942987e-01 1.602733996559656759e+00
6.200000000000000000e+01 8.624366141186975421e-01 1.430381985407913392e+00
6.300000000000000000e+01 8.762243762197489128e-01 1.268722338069763200e+00
6.400000000000000000e+01 8.678976052704873156e-01 1.365797797302139127e+00
6.500000000000000000e+01 7.926265276064325960e-01 2.326190611125237950e+00
6.600000000000000000e+01 6.927052071158520397e-01 3.885935518190247961e+00
6.700000000000000000e+01 nan nan
6.800000000000000000e+01 6.597644385821151980e-01 4.491249910140197699e+00
6.900000000000000000e+01 8.554606289265286323e-01 1.513965044994985742e+00
7.000000000000000000e+01 7.813172037917208712e-01 2.484791668922744723e+00
7.100000000000000000e+01 6.696747008133766554e-01 4.303613074741562627e+00
7.200000000000000000e+01 nan nan
7.300000000000000000e+01 1.675368160113836213e-01 3.293800099228725742e+01
7.400000000000000000e+01 nan nan
7.500000000000000000e+01 8.040546971784631181e-01 2.169990960062646135e+00
7.600000000000000000e+01 8.265510812276958275e-01 1.873867504297233477e+00
7.700000000000000000e+01 9.105417972892755341e-01 8.856368441404565139e-01
7.800000000000000000e+01 8.715469494809831019e-01 1.323046595817383375e+00
7.900000000000000000e+01 nan nan
8.000000000000000000e+01 7.258950553866869715e-01 3.325505016327149121e+00
8.100000000000000000e+01 8.418349777892724095e-01 1.680819842074017467e+00
8.200000000000000000e+01 7.876642430727616162e-01 2.395278956773617018e+00
8.300000000000000000e+01 7.523347240968845107e-01 2.910649806417490382e+00
8.400000000000000000e+01 7.400729704423462119e-01 3.099760839788134881e+00
8.500000000000000000e+01 nan nan
8.600000000000000000e+01 4.866549491816976047e-01 8.814692780077907130e+00
8.700000000000000000e+01 5.615172937413871468e-01 6.661244789347609441e+00
8.800000000000000000e+01 5.529402266915038888e-01 6.882324982834712834e+00
8.900000000000000000e+01 8.167717975968113997e-01 2.000792707500066658e+00
9.000000000000000000e+01 8.109660474946709385e-01 2.077445756600404536e+00
9.100000000000000000e+01 5.984463549691780848e-01 5.772643951302386611e+00
9.200000000000000000e+01 6.812418804925559623e-01 4.090711600913995660e+00
9.300000000000000000e+01 8.497162377166047609e-01 1.583720541151572236e+00
9.400000000000000000e+01 9.225173369310707416e-01 7.580440873659010093e-01
9.500000000000000000e+01 9.292281403284818886e-01 6.878500463958339139e-01
9.600000000000000000e+01 nan nan
9.700000000000000000e+01 8.504137641920949120e-01 1.575204990978127828e+00
9.800000000000000000e+01 9.093705090982662220e-01 8.982798177889559366e-01
9.900000000000000000e+01 9.475479391275896113e-01 5.008322736338707282e-01
1.000000000000000000e+02 9.358690752441998217e-01 6.192873463109526133e-01
