2.584653968897663098e-199
4.673600942416835657e+00
1.660088653549927740e+00
2.295205458121544595e+01
2.071078143529012650e+01
5.898687640734861048e+01
7.150828887498895448e+00
1.348664390804061242e+01
3.853674344474854507e+01
2.449143355471109507e-01
1.532245686091431764e+02
3.269919315095607999e+02
1.632297837422690412e+00
1.168251763557253575e+01
1.417190113223909620e+01
6.131430934595919702e+00
2.777496497805352682e+00
5.144130325707936890e+01
2.518091906030231186e+01
3.558275212271726939e+00
8.059993707822890485e+00
1.058219322949472740e+01
1.396533574533569144e+01
1.187548690075930757e+01
2.544120486355163635e-01
1.083932700876785837e+00
5.860805266641736649e-02
2.167455759822101702e-01
1.027825379731656330e+00
6.956713832268740516e-01
1.809077767695575378e+00
2.770216664993187639e+00
4.401834137288085924e-01
1.463067848548631034e+00
1.412286124122792508e+01
3.695859575401388497e+01
1.015687506648847716e-01
5.024120961210848738e-04
3.247004684813222131e+00
4.139982403867070726e-01
5.165942874400765161e-01
4.207568424299535259e+00
1.227997488411822324e+01
3.353811522524773325e-01
1.966081867065968680e+01
1.038425451859745863e+01
2.707200676376654291e-01
1.398950821955317814e+01
4.786300834881407340e+00
5.708256046760570163e-02
1.996434711663978671e-03
3.619750349461564043e-01
4.313845732904957389e-03
2.012993101019194125e-03
2.174125538740264041e+00
8.502550421493388910e+00
1.013335891397395327e+00
7.444147516922211549e-01
9.948870529518519801e-01
4.735143439941679744e-01
5.892389369992588610e-02
2.580386627765017191e-02
1.960556948967718593e+00
1.937900595912538160e+00
7.158635311309755056e-02
3.539733135465959180e+01
2.047556944841537607e+00
2.370835759268733511e+01
2.054625112177440016e+01
8.536083130538195007e+00
6.529861798852359240e-05
5.633571642878079308e-03
5.278104362337414572e-12
4.616477628475904815e+00
2.641621849460772253e+01
7.631553544314949704e+02
1.986708957886548532e+01
3.288186125985083752e+00
3.228247339713370678e+01
1.388924349074073916e+01
3.571646573433139338e+01
7.844762337731913782e+00
1.978065040210974512e-03
1.012998136252252657e+01
8.412424818517320879e-02
1.716816990902788476e+01
2.039624091753286095e+01
1.672716855553163029e+01
4.717478992073607458e+01
4.494580386017202223e+00
6.980519268757431611e-07
1.037183076407914541e+03
3.432461225338265809e-01
3.693594472433601172e+00
4.528148323895092239e-03
9.755388497116923574e+00
9.196926917380793265e-01
7.429410449030434904e+00
1.897955106942013914e-01
8.844871943632966804e+00
1.216664816918641527e-02
1.418139534409626590e+00
1.217887993534963265e+01
1.584025469424257260e+00
4.692019624848011716e+00
1.254786622353741166e+01
9.857131711139919261e+00
1.185147140039839542e+01
4.169250873429768967e-01
9.788089814046045944e-01
1.350994764868623577e+01
9.607565807835021232e+00
6.799938302498425458e+00
9.113017326976638799e+00
1.408153555648407540e+01
9.032415957448555743e-02
1.446317604545365766e-02
4.215009509393134124e+00
1.016150803273798964e+01
4.997195608952946344e+00
1.483232922734597725e+00
4.994406192618879459e+01
1.583564007889304435e+02
2.362262657778012309e-01
1.918749120329204416e+01
1.706350961926397514e-01
1.667588710292137399e+00
2.724752132707374486e+01
7.096292982071528854e+01
7.364660472426393448e-03
1.659563441963288355e+01
9.933230877082376509e+00
6.345833224627209113e+00
1.900316255380337521e-02
1.082211526531362588e-03
1.476112055977665705e+00
2.500048148340553222e+00
4.299103110385204540e-01
1.041641735220147635e-01
2.507250395265270271e+00
2.429011035726726497e+00
2.158157857338245193e-228
6.540685248490486276e-267
8.692479109568309070e+01
2.417412234190696907e+01
0.000000000000000000e+00
1.223885948763021116e-36
0.000000000000000000e+00
0.000000000000000000e+00
1.763738309822988219e-07
1.871280436470987141e+01
1.523426150879944947e-237
9.333974230896103563e+02
3.228681972158844885e-12
4.149952128116492389e+01
2.960987430251761143e+00
9.414484821312711915e+00
2.986756424049648331e+02
9.712329907206903147e-04
1.438451570792005612e+02
6.535644740146224763e+01
1.859093780352319527e+02
0.000000000000000000e+00
1.577877605405402890e-50
2.431613777103766338e+01
2.145484504596977260e+00
9.973875561323211514e+00
3.585563576787941464e+00
1.017272379997337417e+01
1.004817409457687027e+01
7.523583097881909509e+01
4.924857478990835702e+00
1.619125856907549788e-01
8.227234487635110005e-02
3.220183421854438848e+02
6.016038955564150115e+01
3.739173120276071813e+02
3.844056611720132537e+02
3.365196158239826900e+02
0.000000000000000000e+00
1.703936342653093572e+00
8.653179310405720059e+01
2.408365283801930712e+00
1.124135695770798975e+02
1.061957719157064162e+01
1.985836206594135511e+00
0.000000000000000000e+00
1.809315040145802706e-301
0.000000000000000000e+00
0.000000000000000000e+00
1.213120505375290504e-12
1.313786994145170306e+00
0.000000000000000000e+00
0.000000000000000000e+00
1.008365347661275702e-13
0.000000000000000000e+00
0.000000000000000000e+00
0.000000000000000000e+00
0.000000000000000000e+00
0.000000000000000000e+00
5.478795560799573650e+03
0.000000000000000000e+00
0.000000000000000000e+00
0.000000000000000000e+00
0.000000000000000000e+00
0.000000000000000000e+00
0.000000000000000000e+00
8.888111939271704060e-09
2.185558882322430555e-124
5.179531951128832981e-54
8.284441957481052590e-184
0.000000000000000000e+00
0.000000000000000000e+00
3.636381966620209555e-313
4.219295496008292205e-156
0.000000000000000000e+00
0.000000000000000000e+00
0.000000000000000000e+00
0.000000000000000000e+00
0.000000000000000000e+00
0.000000000000000000e+00
1.236102992490564940e-315
0.000000000000000000e+00
0.000000000000000000e+00
1.395603073393598635e-14
1.847916911122994179e+03
2.125222151221817091e-30
1.088482075416949136e-06
5.966839539104455616e+04
4.748113015870028903e+03
2.373897327698902245e+03
0.000000000000000000e+00
1.333866113382723370e+03
0.000000000000000000e+00
3.278584988568617212e-22
1.839237806064411385e-65
4.022555501830249587e-18
5.369592868876175373e+01
7.373716720781789036e+01
0.000000000000000000e+00
0.000000000000000000e+00
5.118570759830840095e-61
0.000000000000000000e+00
0.000000000000000000e+00
0.000000000000000000e+00
0.000000000000000000e+00
0.000000000000000000e+00
0.000000000000000000e+00
0.000000000000000000e+00
0.000000000000000000e+00
0.000000000000000000e+00
0.000000000000000000e+00
0.000000000000000000e+00
2.187116926551887200e-123
0.000000000000000000e+00
0.000000000000000000e+00
0.000000000000000000e+00
0.000000000000000000e+00
0.000000000000000000e+00
0.000000000000000000e+00
0.000000000000000000e+00
3.078543850000578219e-220
0.000000000000000000e+00
0.000000000000000000e+00
0.000000000000000000e+00
0.000000000000000000e+00
0.000000000000000000e+00
0.000000000000000000e+00
0.000000000000000000e+00
0.000000000000000000e+00
0.000000000000000000e+00
0.000000000000000000e+00
0.000000000000000000e+00
0.000000000000000000e+00
0.000000000000000000e+00
0.000000000000000000e+00
0.000000000000000000e+00
0.000000000000000000e+00
0.000000000000000000e+00
0.000000000000000000e+00
0.000000000000000000e+00
0.000000000000000000e+00
0.000000000000000000e+00
0.000000000000000000e+00
0.000000000000000000e+00
0.000000000000000000e+00
0.000000000000000000e+00
0.000000000000000000e+00
0.000000000000000000e+00
0.000000000000000000e+00
0.000000000000000000e+00
0.000000000000000000e+00
0.000000000000000000e+00
0.000000000000000000e+00
0.000000000000000000e+00
0.000000000000000000e+00
0.000000000000000000e+00
0.000000000000000000e+00
0.000000000000000000e+00
0.000000000000000000e+00
0.000000000000000000e+00
0.000000000000000000e+00
0.000000000000000000e+00
0.000000000000000000e+00
0.000000000000000000e+00
0.000000000000000000e+00
0.000000000000000000e+00
0.000000000000000000e+00
0.000000000000000000e+00
0.000000000000000000e+00
0.000000000000000000e+00
0.000000000000000000e+00
0.000000000000000000e+00
0.000000000000000000e+00
1.291592114599514712e-13
1.498140520330376262e+02
8.049146089778932876e-103
1.176454795684387252e-215
0.000000000000000000e+00
0.000000000000000000e+00
2.757101621589164363e-68
3.912415110251790708e-47
0.000000000000000000e+00
0.000000000000000000e+00
0.000000000000000000e+00
0.000000000000000000e+00
0.000000000000000000e+00
0.000000000000000000e+00
0.000000000000000000e+00
0.000000000000000000e+00
0.000000000000000000e+00
0.000000000000000000e+00
0.000000000000000000e+00
0.000000000000000000e+00
0.000000000000000000e+00
0.000000000000000000e+00
0.000000000000000000e+00
0.000000000000000000e+00
0.000000000000000000e+00
0.000000000000000000e+00
0.000000000000000000e+00
0.000000000000000000e+00
0.000000000000000000e+00
0.000000000000000000e+00
0.000000000000000000e+00
0.000000000000000000e+00
1.471951271278520608e+02
0.000000000000000000e+00
0.000000000000000000e+00
0.000000000000000000e+00
0.000000000000000000e+00
0.000000000000000000e+00
0.000000000000000000e+00
0.000000000000000000e+00
0.000000000000000000e+00
0.000000000000000000e+00
0.000000000000000000e+00
0.000000000000000000e+00
0.000000000000000000e+00
0.000000000000000000e+00
0.000000000000000000e+00
0.000000000000000000e+00
0.000000000000000000e+00
0.000000000000000000e+00
3.196361740001556557e-06
0.000000000000000000e+00
0.000000000000000000e+00
0.000000000000000000e+00
0.000000000000000000e+00
0.000000000000000000e+00
0.000000000000000000e+00
0.000000000000000000e+00
0.000000000000000000e+00
0.000000000000000000e+00
0.000000000000000000e+00
0.000000000000000000e+00
0.000000000000000000e+00
0.000000000000000000e+00
0.000000000000000000e+00
0.000000000000000000e+00
0.000000000000000000e+00
0.000000000000000000e+00
0.000000000000000000e+00
0.000000000000000000e+00
0.000000000000000000e+00
0.000000000000000000e+00
7.463635633995035157e+00
3.994097633354426335e+01
2.058048196394528162e+01
4.086730233800749090e+01
5.046036525015073160e+00
8.883921829345162280e+00
9.070807711384934180e+01
2.156118362599975136e+00
2.388054994594472902e+01
3.147504593252997438e+03
1.123814094445225464e+01
3.022751324689735508e+00
1.088999486532381988e+00
2.576032307303778857e-01
3.286831088091554776e+00
0.000000000000000000e+00
1.335355994818433264e-184
1.702528779437718498e+01
1.272968282046841182e+01
1.404045346705685127e+01
2.741018074099068613e+01
1.192685292624971194e-01
4.294670474784403780e+00
2.119206901254811370e+01
8.294687742987951751e+00
1.862207339753139124e+01
4.816864815349827800e-02
4.276364995326052565e+01
9.427276039809012076e+00
6.838076507494327494e+00
2.785011531395596052e+01
4.596301267832330950e+01
3.783769645162802675e+01
1.349826301455606981e+01
1.300104775306538940e+01
1.626383987097544193e+01
2.217535689687577616e+01
2.769222355522887824e+01
8.130468325235121085e+01
4.948026477528489409e+01
2.495036232070780002e+01
8.916334511805805530e-19
3.647900179465199778e-09
8.031412353195622097e-55
0.000000000000000000e+00
2.146136986015957859e+01
5.024419790681032387e-03
0.000000000000000000e+00
0.000000000000000000e+00
0.000000000000000000e+00
0.000000000000000000e+00
0.000000000000000000e+00
0.000000000000000000e+00
0.000000000000000000e+00
0.000000000000000000e+00
0.000000000000000000e+00
3.499205864083248940e+01
1.328410367503567631e-16
6.136113323414809173e+01
0.000000000000000000e+00
7.615435420873360999e+04
0.000000000000000000e+00
0.000000000000000000e+00
0.000000000000000000e+00
0.000000000000000000e+00
1.059723093224430048e-73
1.156968356806960173e+03
4.924531728076152630e-12
1.486631025032980481e-132
1.232611132806281632e-21
7.155786378255440468e+03
2.940214269093905841e+03
1.562841831601146225e+02
4.447765408413056321e+01
1.637050557451120991e-02
1.218558121450766407e+01
4.115204035030212282e+01
2.611612208311859362e+01
8.982775877929287844e+01
1.766011606265159628e+01
1.107487450140197360e+01
6.386883139041304958e+01
5.322529347980746195e+01
1.672128351587721440e+01
9.200160663092918911e-01
8.494753226415849667e+01
6.960992969585788614e+00
2.271966246935037148e+01
7.900065726137221134e+00
1.172203110025962758e+01
8.965685619915067406e+00
9.274023003060951620e-01
9.775653603048047202e+00
1.810674423163111868e+01
9.080423027980801365e+00
1.361525871337429194e+00
6.922342063404377654e+01
1.794703236537198521e+01
3.642277880469820817e-01
6.033521889056626897e+00
7.159428934826810309e-01
1.296860886958143944e+01
5.489100904469036379e+01
1.690292701394968944e+01
8.122748834437332732e+01
5.001719947592848570e+01
6.849945903089624366e+00
1.797176188412554509e+01
9.149831618151702983e+00
4.672654874566291916e+00
4.342842236755015684e+00
4.960753341373154157e+00
3.787167241849311949e+01
2.828562281495841546e+01
3.199708157243248507e+01
1.678818976724705792e+01
2.416046577937323647e+01
2.726164301722587879e+02
9.548513057754970390e+00
7.483219346466883692e+00
4.435760357139872490e+00
3.535230403196037940e+01
1.575018109929447345e-20
1.090647026981496879e+02
1.800535241676150804e+02
1.449985018612329384e+02
4.845839993303192372e+00
7.475836960920675267e+01
1.057714994238941415e+02
2.064403170859281431e+02
2.000255343431000199e+00
4.909277583016618429e+00
3.067512731497254563e+00
1.351623335632420897e+01
2.352102450582275850e+01
1.434905639752883744e+01
2.731761971285191066e+02
2.185904239639947733e+00
3.090072049399323895e+00
2.426513942076593722e+01
4.320313596924408728e+01
3.473121183240294840e+01
3.547757826758245159e+01
3.241766303116342129e+01
9.433411387395096881e+01
2.089959242513665671e+01
1.553203399207582791e+01
3.932436299775066146e+01
7.129035858339773313e+01
4.886632325497365770e+01
9.336973468422124611e+00
2.900709002149290328e+01
3.364729351110926192e+00
1.290870835341321254e+03
1.799748905938708887e+01
2.159965419028882820e+02
6.916854115562438565e+00
2.553029882270081998e+02
1.189048795074914722e+01
1.069266049471966973e+01
2.902548592867928434e+00
6.543273522395251618e+00
4.977092413127389818e+02
1.567473666701972888e+03
1.731810666949635147e+00
3.868768716158124565e+00
9.047456811999509796e+00
6.011071041911617702e-02
2.884962629165566561e+00
1.512145180920596799e+00
8.857039752189274395e+01
2.201052758034395193e-02
1.122546816058864394e+01
6.432694500782268676e+00
6.438003698489892530e-04
1.680031884272122689e+00
8.345578219491019967e-01
3.075060099264600305e-02
6.561914222214776160e+00
4.113250867249516496e+00
1.372722235537788649e+01
9.740283169614382786e+00
1.113464338343416493e+01
3.283339478011797041e+01
1.584942559047354926e+00
1.059770765874358478e+00
2.593333889580871632e-01
3.525074830737411156e-03
7.676712036677101336e-01
5.157848236044102919e+00
3.978816773817308139e+00
6.738854916726034344e-03
2.521911002647676036e-05
6.987952595606195416e+00
2.898056458051796996e-03
1.432514650856290395e+01
3.581609220532079307e-01
4.978883005810166851e-01
3.125119325622974120e+00
2.562937702110756177e+01
1.378784787604450024e+01
1.817245370169284779e+00
1.397550318775415512e+01
1.958619419010872065e+01
1.591574746001222707e+01
1.462667498914373354e+01
1.066094946158508527e+01
1.012795115972779847e+01
7.862552669312772302e+00
3.355166300081021546e+01
2.747965770115425244e+01
1.549303857866472534e+01
5.393775108840782373e+00
1.012834722837906654e+01
5.499540662789262768e+01
3.468698375679473561e-02
8.456427675008463263e-01
3.311577168165317175e+02
3.748891870033440910e+01
1.407704928172034329e+02
5.412595714789348733e+01
5.622326775919216368e-01
3.604436795975181518e+00
9.583887405579455177e+00
1.328866625847776390e+02
1.228328672567746196e+02
1.244416979212807028e+01
1.664408516660865018e+02
1.412721911255993348e+02
1.316319933229009109e+01
2.098896240920456080e+01
9.277577977706886969e+00
4.889670202350653305e+00
9.578876929786776628e+00
1.234426398434878003e+01
1.488739649420378086e+01
1.450050092780184485e+00
3.306810128316562292e+00
2.487212889904763813e+01
6.103574939863333526e+01
7.092553860104851893e+00
3.374636682974836077e+01
8.700063856677157759e+00
8.601511314992702495e-01
2.495276819351446296e+00
4.262871617043403872e-226
5.611468431875629825e+00
7.304716448261906692e+01
7.169810364144375114e+01
9.800165671769764231e+01
5.866285212320470066e+01
2.514866487093707747e-249
0.000000000000000000e+00
2.687669777550192873e-01
1.163707847922788558e-08
5.992159370695770104e-56
0.000000000000000000e+00
3.260577866200559810e-02
4.744208653505552764e-01
1.833379147915895624e-01
2.398140399733772465e+00
7.462450756594575518e-02
7.501646531402431428e+00
2.060816219925405690e+01
8.334692065190061783e+00
8.830072649794249173e+01
1.365808749542197802e+02
1.806182816816514958e+02
5.043809463890698908e+01
5.488370416268501192e-174
9.995584483469556858e+01
1.772533954213915308e+01
4.861612628401009317e+01
2.777318391758515759e+02
3.308679213213050474e+01
1.198817517655088061e+01
3.746596785165045418e+01
3.024769740097567450e+01
1.515193698707019143e+00
3.342544867370422423e+01
9.847383285387703467e+00
1.752993009217146468e-04
1.717239104899253022e+01
8.452117515934759462e-02
1.025439830757298267e+02
5.343724573756321946e-39
1.825953282532611910e-01
2.836302686767069869e-01
1.532715416505869726e-44
4.107999673589377755e-57
1.937534212492461605e-02
2.329033693442128424e+03
0.000000000000000000e+00
0.000000000000000000e+00
6.223422471056946048e-24
0.000000000000000000e+00
3.723726637446505379e+02
5.416591390005056383e+03
3.997072920921708222e-25
2.769819359554430774e-02
6.386303395891117543e+04
3.858601463711808037e+02
2.396120339497314067e+00
1.734824271878744912e+04
1.527053574847386415e+02
3.377849574182828007e+01
6.766841454640517384e+01
1.764134129296492404e+01
2.686566843323950025e+02
9.165960838255371073e+02
1.748354198745120357e+03
2.130066731224680865e+01
1.263145069022329494e+02
1.910212231579076558e+01
1.413169179683183984e+03
4.630866700523801427e+01
4.736664472386286775e+02
3.396888260374879120e+00
1.684534353098218418e+00
8.818246496788829347e+01
3.759002009488409044e+02
2.957997534135959228e+01
1.304983831689768010e+02
3.377080533333816099e-03
1.913974966236528417e+02
8.529095613502103816e-18
1.958198060646681824e+03
1.117249090058290317e+00
2.085070018622812495e+04
4.573810495355934425e-02
0.000000000000000000e+00
2.695436755743450035e-92
0.000000000000000000e+00
0.000000000000000000e+00
0.000000000000000000e+00
0.000000000000000000e+00
0.000000000000000000e+00
0.000000000000000000e+00
3.968872704953591324e+01
5.199460889410902254e-317
0.000000000000000000e+00
0.000000000000000000e+00
0.000000000000000000e+00
6.832126094180335763e-69
6.859902766319941130e-243
0.000000000000000000e+00
1.540809491031344410e-61
0.000000000000000000e+00
5.016679599101411036e+00
0.000000000000000000e+00
4.374371319854914451e-81
0.000000000000000000e+00
0.000000000000000000e+00
0.000000000000000000e+00
0.000000000000000000e+00
6.774364489379529459e+02
2.552332667931954802e+03
2.247951596178303291e+01
5.145857486042345386e+00
1.624281695484504493e-15
8.318805437115639580e-32
3.959092484470716234e-95
1.737083738105910925e+03
1.565404657234990671e+00
3.757143547258646077e+00
3.436553381656675356e+03
1.055706629613157475e+02
6.082384028332813579e-15
1.349290243797852083e-03
5.808629310879892538e-01
4.890437181067396402e-04
1.618624897654204892e-02
5.660198548780099319e-216
0.000000000000000000e+00
3.525734606974397423e+01
0.000000000000000000e+00
0.000000000000000000e+00
0.000000000000000000e+00
2.281758646274368559e-45
0.000000000000000000e+00
2.174562226953515864e+00
3.165277681655921660e-02
4.040739684743001603e-01
6.694265540502258860e-02
4.377366144774975692e+04
8.182897320878222303e+00
1.112143643302812941e-11
7.461920248444566823e+03
6.732255902945772449e-07
7.222465499683018431e-01
2.444557151841443599e+01
5.101790804182858119e+04
2.792413218031045474e+00
1.958752627742434882e+01
2.543041292089563329e-15
1.004647618545644910e-43
1.508273661985979221e-05
8.124836310444787796e-03
3.808189116591875201e-01
2.404943577237499142e+01
9.167889206447392780e+02
3.136183462380769376e-03
1.724196995338286627e+02
5.625803624500278842e-06
2.236325590427379606e-01
1.248291221823012975e+01
3.229256659872327191e+02
2.270129801970900973e-01
1.033131067389259916e-01
1.312517777334789360e+00
1.398907165312618694e+01
1.452035877870604708e+01
1.514110188511434707e+01
3.961655820228678238e+01
5.953130512113281175e-02
9.667929721446306246e+00
2.736605817572070976e+01
7.322494370667627095e+01
1.169266985840415746e-01
3.510517142756953035e+00
2.431924189930639163e-03
3.041461633125175021e-02
8.445345004482954221e-02
1.303904769775471317e+00
9.406469730541848484e-02
7.027996280594607514e-02
2.222883474518861817e+02
1.227816614315401011e+03
1.056319994848530541e+03
6.178758193880666499e-16
2.950358128203562469e+00
3.717155219443207415e+01
7.095212413152969688e+00
7.669038954467202629e+00
1.071051688650360667e+01
2.154215546721675167e+01
2.400484705938045238e+02
3.170804727532823719e+01
1.878802695681205037e+01
1.471380910788755969e+01
1.163910108675191246e+01
1.384829291834068954e+01
1.346634800041232616e+01
8.410504240633336792e+00
1.268326751660311125e+01
1.087749315493251423e+01
2.351653834747065730e+01
7.955842240690969902e+00
1.062531438208138290e+01
1.041315640618763183e+01
1.178213285951362188e+01
7.953737549460002221e+00
1.144392637352022213e+01
8.879033417108322723e+00
1.612299660689881264e+01
1.533585367978266767e+01
5.172971876423402726e+00
3.671803237408190980e-255
3.740832414310261100e+01
1.333968676677434587e+03
4.475460372417165364e-03
9.378715580011181885e+00
1.079957247754361305e+00
9.317757009424150194e-01
2.233012584913553056e+01
7.159981754860365477e+00
1.651777886555376273e+00
1.381723757723099799e-01
1.279523794826513416e+01
8.923803251438094719e+00
8.503217787662359584e+00
2.294699046041776824e-01
5.076541028533749333e+00
4.925645373945428673e-01
1.833514057708138353e+04
0.000000000000000000e+00
0.000000000000000000e+00
1.673579944994678215e+01
2.146900572399408628e-53
4.826088575500776301e+00
9.642199348996026487e+00
4.687220786819406015e+00
1.233720111036201317e+01
1.010663073535814505e+01
2.115884149434598100e+02
2.165532255867940251e-02
0.000000000000000000e+00
0.000000000000000000e+00
0.000000000000000000e+00
0.000000000000000000e+00
2.024760669242424220e-38
7.076861761021216068e+01
2.001490597129094340e+01
9.193394510382141505e+00
7.438924798681979533e-01
3.235558440799137792e+00
9.392206734133687007e+00
6.278780944623101767e+00
6.993306445534922311e+00
1.592071927871358383e+01
2.233332499557065276e+01
6.676477654850992849e+01
4.350505628152338211e+00
4.877176457921575725e+00
2.245096775232449549e+00
7.867784429827055170e+00
1.164548053283722595e+01
1.354341857773732194e+01
7.107458176371846958e-01
3.650336074658262486e+00
3.500240964834046764e+01
9.261909549234019323e+00
3.973490486701453535e-21
4.869379245992622884e+01
2.268792828200475142e+01
1.204913242983026976e+03
2.197449525199190248e+04
1.296827629648142192e+03
2.987989122306940359e+01
2.246673646950924752e+00
3.405286848771023500e+01
1.164960347564570853e+01
1.097479431937379957e+01
3.413579700015345253e+01
1.490396603386820118e+01
4.654715752245762062e+00
1.381645908732022576e+01
4.281139941736435084e+00
1.628136425315996760e+01
9.035098528659474937e+01
2.503695171310001300e+00
1.107218928372785793e+00
3.158899119849699844e+00
1.981665686718494968e+01
3.384449366097999246e+02
2.482866533669837850e+02
1.527280918456784820e+00
7.691914324338462450e+01
1.224271211088785236e+02
3.009027876695789772e+01
2.802563855436864060e+02
2.253570428324144892e+00
5.861790625304243463e+01
2.728949875802226188e+02
2.888199000584456400e+01
9.252598676675505729e+00
5.548722773126345942e+01
5.625418903813221760e+01
6.773368504873303664e+01
7.627766871006964777e+01
8.940395410586043923e+00
4.634058725784763411e+00
7.327412536939240795e+01
5.173250525946171763e+01
6.281087098204780261e+01
4.434993844611225455e+01
2.022992725353188348e+01
6.853935962596858644e+01
1.327305938484673220e+02
6.370276068362151101e+00
7.089633387860866165e+00
3.349058923025653112e+00
1.123156072713404896e+01
1.068307183432195373e+01
8.006408540514070582e-01
6.748771558112873770e+00
2.368817687004620254e+00
2.566915230542944570e+01
5.435026225236232023e+01
2.369725490053340877e+01
2.244121531073991349e+01
3.452637377887169379e+01
1.139866524050617898e+02
4.032667699826674124e+01
6.708222455989753996e+01
6.260738386070725880e+01
5.229495882637201731e+01
5.152646196665304501e+01
6.706657877976732074e+00
1.419525980415958788e+00
2.014819619442895227e-02
9.191677601259161889e+00
1.170584061230507122e-01
6.054897521140291339e+00
5.514979177567279400e+00
1.708815458429722156e+01
4.354640583562410683e+00
1.552960485487139231e+01
8.154065254662705229e+02
6.972329212806306131e+00
3.444556877730834543e+01
3.902038900763478324e+01
8.560927476051883644e+00
3.166166905472874049e+01
2.048578671804004969e+01
7.375654634593913350e+00
5.203298690901503321e+00
2.431323272697156312e+00
4.764644875686529168e+00
6.872053669003825860e+00
4.596637140391921150e+01
3.135347826704702356e+02
1.515702043852800500e+02
2.559337481803938488e+02
1.184954586560789025e+01
6.797384815395547619e+00
4.953971569415819687e+01
1.666028491866690686e+01
2.517174916950982944e+00
2.409506647357885445e+00
1.727677872483742050e+00
2.067380984818599998e+01
5.681724152038277964e+01
3.139256530720528460e+00
1.536310621218902384e+01
1.426452073618576222e+01
2.363876086445205082e+00
1.115044463751249282e+01
1.003085034525560309e-08
1.723177122625411428e+01
6.631785648555617030e+00
1.410232148771736860e+01
6.326473977671054882e+01
2.497187324782947826e+01
2.348189900809396846e+01
1.093025068877774402e+02
1.930046358634633918e+02
4.694062944833140705e+01
6.760314622896544279e+00
2.307774937619500122e+01
8.748270578603535341e+01
1.861439785463807368e+02
1.047972423465764535e+01
2.305896583952510781e+01
1.498407934728687074e+01
5.834014989947866070e+01
3.276854788070018287e+01
3.374280757053546154e+01
1.671846816773909783e+00
3.591086850788482820e+01
1.419004872031044506e+01
1.700974905196442677e+01
8.311889639314138378e+00
8.025755788795706280e+01
1.477481075140081558e-32
0.000000000000000000e+00
5.627242737710187015e+00
1.510918999461865155e+02
4.322794740481895701e+02
6.355806255631208046e+00
3.995957675811016241e+00
7.907069158151280419e+00
7.188293518933108750e+00
9.205591224855748322e+00
8.609371044514643856e+00
8.754737585738277872e+00
2.617907157630285653e+01
3.710689488788770518e+01
3.232722691873665122e-01
7.133494459637221397e+00
1.649938880492360838e+01
8.511433540796614849e+00
1.860424326946328932e+01
4.541087780539503349e+00
1.947395925670094030e+01
1.483404294521747602e+02
5.684719640129280549e+01
4.218493742238057287e+00
4.302553762996961950e+01
1.175185062883440956e+01
9.099274393065149624e+00
8.653247342663494379e+00
1.298590966545849490e+01
1.696146981112383045e+01
4.295361569744461150e+01
6.696084505199750936e+01
6.524988214296527644e+00
1.838972136464469997e+01
1.397109152578500790e+01
2.995755056338173361e+01
3.427496795543774510e+01
1.246505108317600552e+01
1.089171722661993513e+01
9.944327754063160274e-01
4.493826495777037522e+00
7.140068808724457483e+01
4.502435735511880210e+01
1.316087707532320294e+01
8.724677045374416906e+00
1.379401588362349003e+02
1.433175549481648581e+01
2.695233183102650543e+01
5.714301053916501338e+00
1.996815317387351740e+01
1.109662196812884360e+01
7.677492689870643261e+00
1.658407544546179935e+01
1.436076521046134680e+01
2.522935093432109088e+00
1.224151812458342370e+01
5.077627874783247819e+01
5.451860804283612083e+00
2.638297174343747109e+00
1.323621030870273607e+01
2.897912894691954762e+02
6.152515165671669450e+01
2.867542934764508189e+01
4.859215869792540632e-06
8.155622197726422020e-64
1.714769573608386111e+01
8.235208662134828328e-02
2.678248542144709887e+01
1.396155941626296837e+01
1.097279286511564367e+00
5.615612691966262560e+00
1.042376344236343400e+01
3.738126914226790376e+01
3.230747417995761595e+01
7.541820751880676355e+00
8.008512798854052761e+00
7.802202450848199966e+00
1.872388542504337750e+01
3.257393987897239640e+01
3.259207671678436391e+00
2.052244674823917592e+01
1.474150011825297923e+00
2.858829261354046594e+02
3.249546556458524549e+01
1.298530636816582319e-03
3.230444210608228417e+01
9.803330926317370408e-02
7.040702123400621986e+02
1.430649069053721512e+01
2.766900204984129802e-04
2.286504026762231376e+02
1.301940787755792606e+01
5.171444838820985268e+00
1.180814311865447763e+01
1.468419672761206840e+01
4.654377154574226694e+01
1.166891804818933309e+01
5.809262036506487092e+00
2.378414461769665067e+01
3.796929231108071434e+01
4.180644468491643728e+00
3.323425561665568040e+01
3.445640633584670098e+00
2.779479322942074226e+00
3.239717743604142441e+01
2.395203257718592660e+00
1.682859180717800029e+02
2.184119041290084624e+02
2.282319177132476185e+01
4.143638607717493727e+01
1.763685451160352002e+01
1.132416215270741411e+01
1.896004073915439392e+02
5.296312645985261014e+01
3.812250983902699897e+00
4.789041597719833732e+00
2.766188587650141972e+00
1.245368242116139967e+01
2.362206301670112918e+00
1.123664097290413899e+01
2.983283651925637159e+00
2.554040369714939640e+00
1.057454552985416285e+01
2.982155634982058268e-01
6.908270364700379105e+02
3.228218516234390734e+01
4.569185139017957198e+00
3.818728400418966107e+00
3.940476354213785015e+01
9.936431176826676648e+00
1.256571858833911204e+00
3.010909815664305711e+01
2.361833570403816029e+00
1.123610145148041006e+01
8.424594315900483465e+00
9.191114400690848285e+00
1.241453370584109450e+01
1.899366352287753301e+01
2.749025053997485202e+01
1.096632096249100563e+01
4.033125357859074778e-01
1.774350020115777937e+01
5.310937745616092442e+00
9.103429209562632352e+00
1.659183577395666020e+01
1.201576293750851931e+01
1.146885064575822710e+01
1.644942491156781372e+01
9.557186113246990189e+00
2.138745881176093633e+01
4.265417366997800031e+01
2.439137778615257446e+01
5.791551710366515948e+00
8.320585981068154169e+00
1.825107870644936625e+00
1.859437160004027234e+01
1.957818779250647123e-01
6.222991119712969699e+00
1.752959460217490673e+01
3.777238101089714206e+01
8.614097418697438613e+00
6.890208824009448563e+00
5.154268581190768117e+01
3.290322538269257535e+01
1.038555571125890031e+00
7.820242169368054164e+00
2.190062808754131840e+00
4.663741976251113480e-05
3.760264538184051020e+01
2.059901118756564529e+02
4.078820487180034604e+01
1.736893368456356157e+01
0.000000000000000000e+00
0.000000000000000000e+00
8.283112470865719943e-106
7.099257131032271397e-178
4.966139453790253880e-21
1.471690119555748879e+02
2.464093762108987917e+01
7.876159881011422392e+00
6.062368698756713137e+00
8.340484585264253126e-02
6.863802261412215167e-01
3.757554558643062315e+00
1.396293046532452176e-01
5.261579373498333848e-26
6.787438633337750105e+00
1.458979442437965446e+01
3.154801138796607951e+00
1.039261460947255244e+01
4.891600847136816554e+01
3.569193758555623930e+00
8.443081707356588347e-73
4.257643147360377611e+01
5.684027736991938973e+00
2.346571768572756156e+01
2.761724860571157514e+00
9.264304871716879219e+00
0.000000000000000000e+00
2.648795771914944791e-05
1.715886488984081382e+01
4.791148362542108963e+00
8.979997350002852115e-27
9.132790634342798342e+01
1.515148706989403138e+01
6.880924113722448965e+01
5.876209326686560530e+01
9.986163907674696638e-01
9.517567659045256256e-02
5.970043076416988725e+01
1.726303498191143859e+01
3.134041883946595775e+01
2.520643082125846313e+00
2.083582112242068352e+00
1.682285410187708123e+02
3.032725238619820018e+00
4.630122874316058557e+01
2.245676072659797740e+00
4.204063324824067194e-02
1.962569462906381235e+00
4.038078719922046389e+01
2.241976633975787792e+01
1.019732591391596443e+00
2.041734239174582655e+01
1.199939978150167619e+01
5.948430154942205661e+01
2.106136052553923577e+01
5.338172041000333046e+00
2.795287158275692718e+02
4.317505577615276025e+01
1.465878796753037339e+00
7.069863993009787073e+00
3.613299230511452187e+00
6.725615137230320784e+01
4.855329258297660822e+00
7.228800803529289443e-01
1.202974507988090025e+00
4.759095762725834788e+02
4.166084973992499663e+00
4.568239523883858055e+02
1.381093925025643898e+02
5.559084673123556364e+00
2.631187930707592315e+01
4.388385359334893154e-01
1.941664910483632411e+01
1.459490970348085455e+02
3.132947812322169234e+00
7.580911851497674547e+01
9.975411904825035947e+01
9.576561750786725113e-01
1.342770039385681402e+00
2.625396354219042827e+00
1.383480068903972260e+01
9.760554964821716695e+00
1.228330630368406418e+01
1.600130797822453488e+01
1.153617663907096258e+01
1.581947943093214981e+01
1.390744907170077482e+01
3.452696600928716464e+01
1.483074750242711737e+01
1.479526116926727086e-01
1.420206713079140037e+01
2.199859205258526684e-01
2.544350478315450061e+02
4.878000432148767995e-01
1.306689442246507242e-05
6.790059829707746530e+01
1.282437195206681224e+02
9.223841664683640751e-01
6.675323169523866795e+01
2.563050768707625642e-03
4.848638720144938929e+01
7.325763680703470726e+00
6.993386796452207932e+01
1.787885845586028779e+02
8.961228684652358112e+00
2.417959568194552489e+00
2.017767449263503821e+00
1.678995210778103930e-01
1.293830243816488057e+01
3.122163702990731693e+01
9.914779035085208747e+00
1.861490239111229812e+02
1.366990200989736870e+01
1.826685854328286496e+01
1.737132665238839380e+01
7.507994008302323152e+01
1.614943762172945796e+01
1.905359014230588954e+01
1.656272744687381149e+01
1.021011452700871658e+01
1.190051627851856964e+01
1.436313576619918031e+01
1.256913913308023467e+01
9.258320800645064352e+00
1.383876442681165742e+01
2.430312112403141356e+01
3.615014648176727263e+01
5.752590280383291343e+00
1.906336786039354081e+01
7.893331574987026045e+01
1.370187695276560191e+02
7.030921767016589286e+01
8.302631997323366875e+00
1.294621537007169110e+01
2.822790613783813285e+01
1.680565907339887488e+01
5.037221096364377537e+00
1.273379573594209946e+00
2.584277609347622295e+00
4.300849194628221994e+01
5.742531654060943680e+00
1.325894516265605227e-01
4.446896655734609460e+00
6.689429898575723676e+00
1.744199716718708659e+00
9.009604720154118507e-01
1.095076486517275605e+01
1.328428668732045814e+01
1.955578733575200445e+01
8.243406897627311714e-02
2.366922950416227778e+01
1.182911050058870472e+01
1.669460662031350751e+01
2.622559085888392971e+01
1.545507935175202618e+01
3.628997571881469497e+01
2.038640345421783451e+01
1.332854808227473242e+01
2.258782299087027656e+00
9.413476571835500906e+00
8.228947930243624143e+00
1.373374993390864418e+01
2.801720625879362458e+01
1.550136778745816279e+01
1.767699492348567603e+01
9.216692482474078574e+00
2.178610349328453566e+01
6.547302116562553564e+00
1.025737725103160525e+00
5.589409611021526336e-01
1.133523636608368257e+01
2.240574841218355218e+01
1.827485710424046061e+01
2.559552021170684366e+00
6.232268020565208400e-02
6.285836822475423524e+00
2.193247389242089795e+01
4.659002645605043704e-14
0.000000000000000000e+00
1.118015752143145214e+01
6.562459741177904959e+01
1.328586581408394418e-01
1.171019368662507709e+01
1.518858857227200132e-03
7.969521672880165397e+01
6.487746925774639628e+00
1.201163443170166545e+01
8.774077846793808255e-02
2.112026745683318950e+03
7.145624746262315696e+00
5.501143479630417943e+00
1.340604817386126912e+00
6.956024644165007542e-01
1.852579696109871179e+02
0.000000000000000000e+00
2.668692655944392644e+00
7.116419386896993160e+01
4.568498513949120934e+03
1.009868131787845291e+00
3.041409369137934582e-01
3.895944179617217173e+00
1.876764977031934123e+00
4.018226015485331648e-01
1.004268036207386083e-01
9.699495102536113966e-03
5.130104783050463801e+00
3.891402495007374895e+00
1.850413574195876043e+00
1.302805227226980023e+01
8.344248162408536562e-03
6.393840487833272412e+00
4.101742712657672207e+00
7.628767982789019797e-01
1.400321439354179187e+00
1.692517125753644658e+00
4.873447509597287897e-01
1.184907956390048689e+01
1.785303267770523306e+01
8.195723434635088012e+00
7.969551585123751281e+00
1.662376459754431934e+00
1.800710277318195907e+01
1.424258787538744020e+00
7.751518966415741119e+00
5.072993328388100963e+03
0.000000000000000000e+00
0.000000000000000000e+00
6.749174741273979983e+00
2.880530344145494581e+00
4.468920398263625415e+00
4.858927458064017380e-01
6.296947015404584513e-02
3.665076852070690894e+00
5.498291570247135951e+01
9.940122525232492734e+00
1.522939501874157386e+00
8.213846805380054548e+02
3.874278241125383992e+00
8.941586964656267475e-04
7.995904712138116044e-02
1.411771143211136632e+03
1.013160160920598400e+02
3.151439679271355132e+01
1.203550889210711006e+01
1.176497679107395111e+00
1.714451646166511800e+00
1.091996799737883883e+01
1.195755247366586360e+01
2.576199750898904850e-01
2.009168685368971197e+00
1.045437883646461152e+01
5.548933021358259943e+00
7.693823979373978439e+00
9.418406550564240476e+00
4.859059455639417990e+00
7.347078902476110507e+00
1.028890542352942283e+01
7.165984800287658274e+00
1.036314762007751433e+01
6.055972945627440929e+00
8.093579247686351508e+00
7.605288781549990773e+00
1.010314231272517382e+01
2.370576516302313586e+00
7.360573494892501678e+00
8.742016271934302196e+00
7.897830983220866408e+00
9.050958265995696195e+00
6.033494460744016408e+00
5.877370380178505549e+00
3.409128420933198456e+00
9.621578989550020111e+00
4.336825092912638624e+00
5.439437159967488888e+00
9.827946410786323028e+00
4.230029476870785565e+00
7.174405341921856305e+00
2.464469477925542407e+01
6.681594740174142899e+00
8.458430990611908840e+00
1.783498764606978426e+01
1.091722936926685072e+01
8.958918387082744940e-04
3.181875682897780777e+00
7.906089627208052681e-03
4.712316939068534438e+00
1.457387771525374731e+01
2.829651042625071569e-02
1.198274798581464872e-05
1.387422476325532905e+01
1.749668153357989198e+01
1.029960340615087944e+02
2.593066864106816194e+00
5.188604047377851636e+00
3.571050035335987971e+00
7.627518383589186254e-03
7.848708814553758906e+00
1.463419815204795960e+01
1.121485203907774419e+01
6.197614080448456519e+00
1.418768356339830348e+02
3.323277787488889246e+00
1.130055138783896673e+01
5.396968423024027572e+00
1.084608760137108519e+01
1.639684611008395265e+01
1.359952787867759127e+02
2.778738968693066802e+00
1.639117857658340061e+00
2.651245898175241256e-01
1.410500601682172228e-01
1.647910831982995461e+01
9.372990161439748391e+00
1.837981967121046445e+00
6.894914281838953052e+00
1.097859061257468660e+01
3.718676906049366515e+00
4.142636441943515768e-01
4.393584023799169458e+00
1.145282870624305893e+01
1.090194496537377944e+01
7.086457565852739116e+00
2.043288199233439517e+00
2.167395344806488308e-02
4.977600009839948103e-01
2.088872503524060953e+00
3.937762860386406061e+01
2.743361325093830416e+01
1.676077110055102821e+02
2.533109424474817786e+02
2.295598107261783412e+02
2.604888187231108532e+01
2.325405170857204595e+01
2.080498465354030486e+02
1.291382727561542332e+01
4.029451017413707928e-04
3.152313447110653699e-02
0.000000000000000000e+00
0.000000000000000000e+00
0.000000000000000000e+00
5.295254542092693740e-16
2.236520650802664366e-17
4.755697656382134930e+00
7.512863187430230738e+00
4.374760401001660526e+00
1.190799817521539808e+03
7.160497384077521588e+01
4.234233897998165297e+00
5.233126435712359997e-06
0.000000000000000000e+00
5.715050461798872661e-40
1.439668732266570998e+02
8.125630116149645810e-02
8.791479222765788748e+00
2.672349453972692856e+00
4.769854036934224695e+01
7.708882455120227295e-01
2.562584248320764146e+01
5.027827299228409154e-20
7.615982770620342990e+01
5.661049202912719238e+02
3.090900154665974355e+02
1.245132791531053869e+02
1.120205141248612968e+01
3.499636273513628737e+01
2.173077819000937438e+02
6.831614132825872048e+02
1.122078898538111844e+03
2.676427222102197175e-164
4.909704191960505000e+02
5.646571247528445383e+02
1.040849921969558864e+03
2.027341078688400785e+03
1.155598671070672026e+03
5.328513516611847990e+03
5.644460335662205352e+02
6.514609084899707341e+02
1.728003677519182446e+01
3.745435787312021603e+02
4.118976550826508173e+03
9.308022740192619437e+01
6.584994272138142151e+02
0.000000000000000000e+00
1.226707279760467031e-312
3.362228575570573241e+01
2.059409624851619753e+02
1.184594081174973326e+02
1.217918761717904452e+01
9.233079642759980743e+02
1.074349581605892778e+00
1.670254325666741977e+02
2.316737171690876451e+01
2.150305109421996690e+02
4.701510187993257972e+01
2.683748832727015165e-05
7.801310443652961476e-04
4.524851592895672781e+01
6.625844572299756374e-02
1.548449798391352362e-32
1.394876980411259570e-01
1.502466604948314740e-04
1.461164255623683362e-26
0.000000000000000000e+00
5.695666157922475192e-158
4.688321866242567921e+02
8.536575688971023701e-02
1.895106828568421875e+01
1.602985081776141740e+01
1.516904274477147041e+01
6.788056511132919013e+01
1.008816011751677370e-16
8.998721881421850810e+00
2.274456426141139076e+01
4.015625960465674993e+00
1.006159602613254478e+01
3.358304309914099406e+01
6.334875697937474987e-21
4.604980041505948307e+00
7.853911892260788008e+00
3.202853985915575130e+00
2.012594306682923673e+01
1.756754506905588187e+01
2.787538556301690207e+01
4.788252035846662835e+01
1.760200641379502073e+01
9.954641655263296585e+00
7.211084849396375773e+01
1.154535499849708025e+01
4.061273194911303036e-03
2.611304925194917459e+01
2.039296989477075162e+00
5.252711136306598974e+02
4.960890539881672868e-31
0.000000000000000000e+00
4.106277866407206518e-236
7.150046549359731550e-13
3.921623834940912730e+02
7.653686674903754328e-06
1.934135820167127804e+02
1.081007524718810799e+02
1.334615697650751685e-02
4.314335960138002419e-242
5.582651772037893201e-01
4.999187598956804202e+00
8.367070193590527829e-04
7.358474241373461622e-01
1.836646969881644553e+00
7.018851538532194594e-150
0.000000000000000000e+00
0.000000000000000000e+00
0.000000000000000000e+00
2.276814904559877163e-08
0.000000000000000000e+00
0.000000000000000000e+00
0.000000000000000000e+00
0.000000000000000000e+00
2.816890878583779572e-123
0.000000000000000000e+00
0.000000000000000000e+00
0.000000000000000000e+00
0.000000000000000000e+00
0.000000000000000000e+00
0.000000000000000000e+00
0.000000000000000000e+00
9.735771840412719852e-98
0.000000000000000000e+00
3.166559220054546839e-19
5.875102204687828333e+01
1.886780869740049980e+02
8.346730255508165897e+01
1.024326302405139354e-02
4.053877809685067660e-11
1.955414535782587961e+02
4.131874980591907054e+00
3.024501304355591813e+01
1.780525361174567252e+03
2.339001317051858848e+02
3.714408541648637652e+00
3.997541293719943933e-01
6.268487369250875929e+01
1.274354009596327941e+00
3.488757394803993606e+00
3.189819875331141308e-01
4.361661784052414987e+03
2.569692699980101338e+02
3.096664546700132092e+01
4.261517996192734614e+01
1.246570247503850339e+02
1.616275955242470843e+02
1.181013881737548931e-03
4.255236114021541116e-01
3.697549846625978152e-03
7.432328551940882433e-02
1.941382399864033603e+00
8.737605802331011376e-03
4.350003649498082936e+00
8.563163832597439296e+01
2.420234195550908396e+02
3.282378198107291714e-04
2.159720500882711077e-05
1.347268819472885264e-04
2.650142498678684233e-02
2.870900664789276302e+00
2.563157605726834731e+01
1.420062922214324999e+03
9.178609439663150624e+02
4.039603259291004167e-01
1.600047144573685243e+00
1.661538494652153308e-01
1.247202248981518551e+02
2.624186365310363271e+02
1.401717533643158458e+04
2.438373104531547098e-01
3.434364249364554666e+01
1.766875994165859538e+02
1.229687160451222105e+01
9.108066016736721338e+01
1.613512599972497696e+02
4.323266662211682387e+01
4.577306315345855126e+01
3.975314370129847840e-77
1.946774894039272642e-27
5.040643820518559437e+02
1.678886711622030643e-313
2.706030126866155383e-91
4.608036901108664730e-154
0.000000000000000000e+00
0.000000000000000000e+00
0.000000000000000000e+00
0.000000000000000000e+00
0.000000000000000000e+00
0.000000000000000000e+00
8.086776858132120941e-19
0.000000000000000000e+00
0.000000000000000000e+00
0.000000000000000000e+00
2.777532911755207836e-297
0.000000000000000000e+00
0.000000000000000000e+00
0.000000000000000000e+00
3.783211044774944521e-13
0.000000000000000000e+00
0.000000000000000000e+00
1.055896630012874934e-57
0.000000000000000000e+00
0.000000000000000000e+00
0.000000000000000000e+00
2.541079235622520827e+01
1.746657573902880856e+01
8.633662809144086125e+00
5.414425130627503226e-04
5.926786151591262319e-01
4.094510894537338963e+00
1.390426423506250231e+00
1.475378947732788770e+00
1.328653286845452031e-01
9.942384754386480950e+00
6.696617213129754925e-04
4.071288219801410690e+01
1.241603654300287900e+02
1.371194828974497284e+02
6.332770311600445012e+01
2.420572713748198268e+01
1.749025003176028622e+04
1.086465610744495280e+04
1.118640869092061649e+02
6.739879633238162526e+00
3.969493959532526262e+00
3.212065613314734946e+01
1.226585067264072543e-01
2.185643500224105917e+00
1.301792861318006589e-01
2.767275172175411323e-08
2.171605376508609595e+02
6.557679079918511331e-03
5.320509720195853394e-50
9.514289015871539679e-41
1.630268023112663514e-02
3.029448555496167610e-19
1.016158017247087940e-95
0.000000000000000000e+00
0.000000000000000000e+00
0.000000000000000000e+00
0.000000000000000000e+00
0.000000000000000000e+00
2.601204634250839718e-134
0.000000000000000000e+00
0.000000000000000000e+00
3.371017974928627060e-174
0.000000000000000000e+00
4.451792702559847810e-75
7.505437796357266274e-273
6.426570080961736169e-04
1.639446339906009245e-07
6.010603850732411864e-57
0.000000000000000000e+00
0.000000000000000000e+00
1.245515534938398244e-50
1.535997350882454100e+02
8.131002366044334622e+02
4.803296889153208440e+02
4.145436683959904430e-13
1.278381077806808051e-22
5.961479637090885467e-08
2.180190999155047097e-26
6.165260167108558747e-18
0.000000000000000000e+00
2.299269456672530870e-18
1.609086918076897609e-30
0.000000000000000000e+00
0.000000000000000000e+00
6.205432583179688877e-04
7.685279819479252227e-63
5.426326455822787559e-224
7.402411010144675639e-42
4.751019327019629905e-10
2.452889992602584612e-01
2.100186880898503716e+01
3.388730913798340955e-11
0.000000000000000000e+00
0.000000000000000000e+00
8.974889897435270470e-77
0.000000000000000000e+00
9.776375128953112240e-62
0.000000000000000000e+00
1.027695012721023126e-12
0.000000000000000000e+00
0.000000000000000000e+00
1.015903870083973182e+01
0.000000000000000000e+00
0.000000000000000000e+00
0.000000000000000000e+00
0.000000000000000000e+00
0.000000000000000000e+00
0.000000000000000000e+00
0.000000000000000000e+00
0.000000000000000000e+00
0.000000000000000000e+00
0.000000000000000000e+00
0.000000000000000000e+00
5.809894914416887701e+01
0.000000000000000000e+00
7.655644029134196303e-285
1.318687347558238770e-02
0.000000000000000000e+00
9.537988341008972526e+00
2.211860499599772254e+02
1.144207556420443872e+01
9.948807573320206075e+02
0.000000000000000000e+00
8.421157615911866401e+01
1.670203160824900834e+01
3.556279115490881537e+01
5.451260127232008396e-02
1.197763526800100067e+02
1.247522951159031948e+02
8.779533748506506724e-10
2.933821823882832098e-07
2.434383825336075517e+02
5.639292494725933125e+01
1.403400182630111317e+02
5.043932484304517857e+03
5.639562385563258431e+02
1.866782724334096599e+02
6.208051841676087257e+00
1.080671731154478010e+02
1.230798989176369531e+02
0.000000000000000000e+00
2.585599685105219675e-54
4.757361576707621680e+03
8.949628595246984578e-188
4.991012321642873758e+03
5.566764357307081355e+02
2.575904430368177245e+01
6.161853730184714806e+01
1.075043459483202357e-180
0.000000000000000000e+00
9.495384049462014673e+02
9.685155770676635711e+02
8.534502821498074354e+02
1.237276377630010402e-05
5.972927303154858691e+02
0.000000000000000000e+00
0.000000000000000000e+00
3.256981671517350208e+01
2.077453429662986223e-08
1.393129002039242672e-112
2.065383518563477537e+03
6.173434875192302281e-10
6.395620287710594312e+02
3.358235879332739387e+03
1.045802094936890825e+02
4.100645539326212941e+01
1.485075011161464147e+02
6.687073069898610811e+02
1.900879419920465125e+03
2.136248786817668504e-55
0.000000000000000000e+00
0.000000000000000000e+00
0.000000000000000000e+00
0.000000000000000000e+00
0.000000000000000000e+00
0.000000000000000000e+00
0.000000000000000000e+00
0.000000000000000000e+00
0.000000000000000000e+00
0.000000000000000000e+00
0.000000000000000000e+00
0.000000000000000000e+00
0.000000000000000000e+00
0.000000000000000000e+00
3.700357798114075270e-85
0.000000000000000000e+00
0.000000000000000000e+00
0.000000000000000000e+00
0.000000000000000000e+00
0.000000000000000000e+00
0.000000000000000000e+00
0.000000000000000000e+00
0.000000000000000000e+00
0.000000000000000000e+00
1.068488068646444290e-90
5.563063471008574429e-165
0.000000000000000000e+00
0.000000000000000000e+00
0.000000000000000000e+00
0.000000000000000000e+00
0.000000000000000000e+00
0.000000000000000000e+00
0.000000000000000000e+00
0.000000000000000000e+00
0.000000000000000000e+00
0.000000000000000000e+00
8.464510740896879434e-256
0.000000000000000000e+00
0.000000000000000000e+00
6.176237003352576635e-168
0.000000000000000000e+00
0.000000000000000000e+00
0.000000000000000000e+00
0.000000000000000000e+00
0.000000000000000000e+00
0.000000000000000000e+00
0.000000000000000000e+00
0.000000000000000000e+00
0.000000000000000000e+00
0.000000000000000000e+00
0.000000000000000000e+00
3.120818432305134306e-177
0.000000000000000000e+00
0.000000000000000000e+00
0.000000000000000000e+00
0.000000000000000000e+00
0.000000000000000000e+00
0.000000000000000000e+00
0.000000000000000000e+00
0.000000000000000000e+00
0.000000000000000000e+00
0.000000000000000000e+00
0.000000000000000000e+00
0.000000000000000000e+00
3.219580225580919830e+01
4.610541977931437314e-22
0.000000000000000000e+00
1.134719756653661054e-256
0.000000000000000000e+00
1.525211393518698791e-06
2.250617313113392670e-105
0.000000000000000000e+00
0.000000000000000000e+00
0.000000000000000000e+00
0.000000000000000000e+00
0.000000000000000000e+00
0.000000000000000000e+00
7.285911331922345596e-58
0.000000000000000000e+00
0.000000000000000000e+00
0.000000000000000000e+00
0.000000000000000000e+00
0.000000000000000000e+00
0.000000000000000000e+00
2.855721090179276518e-258
4.957928437057033122e-01
0.000000000000000000e+00
0.000000000000000000e+00
5.234300292679539268e+01
2.140044846607677798e+01
1.117791576224565247e-04
0.000000000000000000e+00
1.034707711364010426e-20
1.263011668928674920e-08
8.977563578127590063e+02
0.000000000000000000e+00
0.000000000000000000e+00
0.000000000000000000e+00
0.000000000000000000e+00
0.000000000000000000e+00
0.000000000000000000e+00
0.000000000000000000e+00
