# residue i_ratio gamma_2
1.000000000000000000e+00 nan nan
2.000000000000000000e+00 7.993640643590248507e-01 2.233617608675385835e+00
3.000000000000000000e+00 6.983113964565922371e-01 3.787958720335869778e+00
4.000000000000000000e+00 7.457524680101534909e-01 3.011477633435762691e+00
5.000000000000000000e+00 nan nan
6.000000000000000000e+00 7.321992967639900929e-01 3.224166681612000485e+00
7.000000000000000000e+00 6.892210995201235590e-01 3.947536384827226907e+00
8.000000000000000000e+00 6.589395774719463139e-01 4.507091703301475683e+00
9.000000000000000000e+00 6.069152105401437458e-01 5.582200534135308700e+00
1.000000000000000000e+01 3.969318163073918826e-01 1.228157499293640242e+01
1.100000000000000000e+01 4.046474732548687170e-01 1.193303180861297186e+01
1.200000000000000000e+01 4.358086046381251522e-01 1.063155423525666166e+01
1.300000000000000000e+01 nan nan
1.400000000000000000e+01 2.381497483381268543e-01 2.327211232050639467e+01
1.500000000000000000e+01 2.958898729671758376e-01 1.817869261931480551e+01
1.600000000000000000e+01 nan nan
1.700000000000000000e+01 1.946135785630818960e-01 2.860200944899473541e+01
1.800000000000000000e+01 2.025993969838447151e-01 2.749369557393145058e+01
1.900000000000000000e+01 1.975309567095226149e-01 2.818920840004166806e+01
2.000000000000000000e+01 1.791928370473020171e-01 3.095075636029999089e+01
2.100000000000000000e+01 9.674832126067388349e-02 5.165969368650115712e+01
2.200000000000000000e+01 3.846748443482097407e-02 9.278690682575933124e+01
2.300000000000000000e+01 nan nan
2.400000000000000000e+01 nan nan
2.500000000000000000e+01 1.169418981506780385e-02 1.609737950867593952e+02
2.600000000000000000e+01 8.226062167446479556e-02 5.803805989017577360e+01
2.700000000000000000e+01 1.282000972865110777e-01 4.150565197974113119e+01
2.800000000000000000e+01 7.039321807174571399e-02 6.451897101692276237e+01
2.900000000000000000e+01 9.195037677213099836e-02 5.361857834016748114e+01
3.000000000000000000e+01 5.785389060121713667e-02 7.316241565215653964e+01
3.100000000000000000e+01 6.159571490556040724e-02 7.034358349817962619e+01
3.200000000000000000e+01 6.025857138781625516e-02 7.132464450113947407e+01
3.300000000000000000e+01 7.391213439212940273e-02 6.245280176347414169e+01
3.400000000000000000e+01 1.659632392160076131e-01 3.322213380385142756e+01
3.500000000000000000e+01 2.016015420952645687e-01 2.762851215366911717e+01
3.600000000000000000e+01 1.845217652471102532e-01 3.010562780084422130e+01
3.700000000000000000e+01 2.265434916676880295e-01 2.453705689124209499e+01
3.800000000000000000e+01 3.139212084507297940e-01 1.690152753549465459e+01
3.900000000000000000e+01 3.363941789932404225e-01 1.546706599680295113e+01
4.000000000000000000e+01 5.197102187306164023e-01 7.798043755033656765e+00
4.100000000000000000e+01 7.485365701807205063e-01 2.968637427201468171e+00
4.200000000000000000e+01 7.125492850215535690e-01 3.545284093070550924e+00
4.300000000000000000e+01 8.273523280031618299e-01 1.863587776307004118e+00
4.400000000000000000e+01 nan nan
4.500000000000000000e+01 9.072591051442406851e-01 9.211452131823041345e-01
4.600000000000000000e+01 9.384762505672181732e-01 5.926112818730759901e-01
4.700000000000000000e+01 9.265243621182690514e-01 7.160201332082258840e-01
4.800000000000000000e+01 9.028643352938070521e-01 9.690489808434920027e-01
4.900000000000000000e+01 8.378332097793651512e-01 1.730752370070179680e+00
5.000000000000000000e+01 nan nan
5.100000000000000000e+01 5.998081170075799662e-01 5.741704497161690846e+00
5.200000000000000000e+01 nan nan
5.300000000000000000e+01 nan nan
5.400000000000000000e+01 7.533989317428596566e-01 2.894495782774617165e+00
5.500000000000000000e+01 8.023619795182467263e-01 2.192875056090317187e+00
5.600000000000000000e+01 6.809014592520730158e-01 4.096885931280533022e+00
5.700000000000000000e+01 7.792176049392305348e-01 2.514689688496838826e+00
5.800000000000000000e+01 8.633484377454299086e-01 1.419547045660598972e+00
5.900000000000000000e+01 8.771758581177017122e-01 1.257735803304950384e+00
6.000000000000000000e+01 7.391858424117228044e-01 3.113659645233220363e+00
6.100000000000000000e+01 8.152063642712572555e-01 2.021364460220695936e+00
6.200000000000000000e+01 8.258296840629525404e-01 1.883138136745522440e+00
6.300000000000000000e+01 8.767727729272675186e-01 1.262387500564736476e+00
6.400000000000000000e+01 9.149917857130923649e-01 8.378709960463236461e-01
6.500000000000000000e+01 8.546916968393145631e-01 1.523253337674007390e+00
6.600000000000000000e+01 9.104162376516978794e-01 8.869907329976055577e-01
6.700000000000000000e+01 nan nan
6.800000000000000000e+01 8.443210930458573404e-01 1.650013853967860822e+00
6.900000000000000000e+01 8.883220444759026835e-01 1.130619629367210610e+00
7.000000000000000000e+01 8.289471998874031744e-01 1.843179319373263736e+00
7.100000000000000000e+01 8.830173736572214382e-01 1.190754545547251464e+00
7.200000000000000000e+01 nan nan
7.300000000000000000e+01 9.366700531041525224e-01 6.110775508740546869e-01
7.400000000000000000e+01 nan nan
7.500000000000000000e+01 8.536505135795318111e-01 1.535854333058194854e+00
7.600000000000000000e+01 9.506093021329945492e-01 4.702198599876000196e-01
7.700000000000000000e+01 9.641189203204767466e-01 3.372438857996797879e-01
7.800000000000000000e+01 9.702857253922528846e-01 2.776653489770016248e-01
7.900000000000000000e+01 nan nan
8.000000000000000000e+01 9.741761507518069685e-01 2.404329803442235014e-01
8.100000000000000000e+01 9.790531679860434711e-01 1.941397878195200433e-01
8.200000000000000000e+01 9.796343432902413495e-01 1.886512334686955839e-01
8.300000000000000000e+01 9.779115366814160604e-01 2.049385420167797456e-01
8.400000000000000000e+01 9.663719558512757768e-01 3.153966352092913428e-01
8.500000000000000000e+01 nan nan
8.600000000000000000e+01 9.106211853235067766e-01 8.847809907418803244e-01
8.700000000000000000e+01 8.835532002958291775e-01 1.184650644785725460e+00
8.800000000000000000e+01 8.442293151060203948e-01 1.651148187753033625e+00
8.900000000000000000e+01 7.912535736706282075e-01 2.345228114262677188e+00
9.000000000000000000e+01 7.395346987590701859e-01 3.108190501931355154e+00
9.100000000000000000e+01 5.822487226845823871e-01 6.150314344386850429e+00
9.200000000000000000e+01 3.636108791171606680e-01 1.392658607574553820e+01
9.300000000000000000e+01 7.454419071338029834e-01 3.016274055299930978e+00
9.400000000000000000e+01 5.657404032486690326e-01 6.554529575438307276e+00
9.500000000000000000e+01 7.255021421118241776e-01 3.331872795408609367e+00
9.600000000000000000e+01 nan nan
9.700000000000000000e+01 7.345788606263122800e-01 3.186318685382473870e+00
9.800000000000000000e+01 8.283264386666243650e-01 1.851114361177892187e+00
9.900000000000000000e+01 8.730721637605556307e-01 1.305274764242236429e+00
1.000000000000000000e+02 8.409675177833533244e-01 1.691607336193910571e+00
