4.259142991685863078e-01
8.108371506313092780e+00
4.627450714277041754e+01
4.566328914708214626e+01
0.000000000000000000e+00
3.969731923118239724e-04
2.316640991892941770e+01
1.034760990014733295e+01
4.605922714048622879e+01
5.483753657568175566e-01
9.804599209307124141e+00
4.432205200951737112e+01
5.356066055954389071e+01
9.542880869078773287e+01
3.798616744092858067e-40
1.790291220594795263e+01
0.000000000000000000e+00
8.209440672106386216e+01
8.582206223794323907e-02
5.312065937776063894e-182
1.657727832049973307e-03
5.165552768083069290e-01
1.447376040316453465e-04
1.072925781194422265e-02
9.485559616040752781e-06
9.670491012154123573e-06
0.000000000000000000e+00
0.000000000000000000e+00
1.024379047223381649e-06
4.279656016292184353e-03
2.607804013179548847e-06
1.618115793047952833e-02
3.686091226103690444e-01
2.763937170162269422e-03
0.000000000000000000e+00
0.000000000000000000e+00
5.905310466389131108e+01
3.113301458357891779e-37
1.988839613165186790e+02
1.365692693852865756e-05
8.407818712950771101e+00
1.669816833409386447e+01
1.911061284423609408e+01
2.044943777920133599e+01
4.597310842428041155e+01
1.139689511528563486e+02
2.588147330258154852e+02
7.861337867356300535e+01
2.181695891887754044e+02
2.044286136420299158e+02
2.622429794271207726e+01
9.194998491225975457e+00
4.296325027225326920e+01
2.419925713361216424e+02
8.392310664963616773e+01
1.252940478310144323e+00
5.046238314246603096e+01
6.088211467658278764e+01
2.278629285922443515e+01
1.695737804731253817e+01
3.967600732557673382e+01
1.300406242757356168e+01
4.182119576081102963e+00
6.640900364317666060e+00
2.676799490011318519e-04
8.094867987947642973e+01
1.126122308632221447e+01
4.144702523810038956e-11
1.889710407317055285e+02
4.599989744662210001e+00
1.540052005268094248e+01
1.722680096493461122e+01
2.029403766459593328e+01
3.692711602143399574e+01
7.672481886396905537e+00
7.529283441382699671e+00
1.009992522824271077e+01
2.929367094533618854e+01
9.554040863000615502e+00
4.624663677398134354e+01
1.124669781485438236e+01
2.986120847637576148e+01
1.447486306631528485e+01
1.243338541046145806e+01
2.406439206796083496e+01
5.126460497547916439e+00
1.258148931213855235e+02
8.868056374899461563e-178
2.657597432584302838e-03
9.501374498895760468e+00
3.439680486886212751e+00
1.936918518054442018e+01
1.874827563248944529e+01
1.506199363736421759e+01
7.638300904184434330e+02
6.673680398964004112e+00
6.212704739991543157e+00
1.016299111649998999e+01
1.399826531378858263e+01
1.160112829089526976e+01
6.989089957520181429e+01
1.757751552483540181e+01
7.877332440598802776e+00
1.658164651816589696e+01
0.000000000000000000e+00
3.275972916392866807e+01
8.602768510207377872e+00
4.130628316652524745e+02
2.902712468547723468e+00
0.000000000000000000e+00
4.618200140987420355e+02
4.643715782817298532e+01
6.185835325975541821e+01
7.051265748199288907e+01
3.844192860606156752e-56
1.580549141935464030e+00
1.960777141952717102e+02
3.111693043988070784e+01
1.580844396795670193e+01
1.664331402535443143e-276
0.000000000000000000e+00
3.098424306315544996e+01
0.000000000000000000e+00
1.267568813052248678e-66
0.000000000000000000e+00
0.000000000000000000e+00
2.261326196278224378e-251
0.000000000000000000e+00
0.000000000000000000e+00
0.000000000000000000e+00
0.000000000000000000e+00
0.000000000000000000e+00
0.000000000000000000e+00
1.791040553449628533e+03
7.795372584495815715e+01
9.353368026399174084e+00
4.338221447211454439e-25
2.651750189490684306e+02
0.000000000000000000e+00
0.000000000000000000e+00
1.518198465837839649e+03
0.000000000000000000e+00
0.000000000000000000e+00
0.000000000000000000e+00
0.000000000000000000e+00
0.000000000000000000e+00
0.000000000000000000e+00
0.000000000000000000e+00
0.000000000000000000e+00
0.000000000000000000e+00
0.000000000000000000e+00
0.000000000000000000e+00
0.000000000000000000e+00
0.000000000000000000e+00
0.000000000000000000e+00
0.000000000000000000e+00
0.000000000000000000e+00
0.000000000000000000e+00
0.000000000000000000e+00
0.000000000000000000e+00
0.000000000000000000e+00
0.000000000000000000e+00
0.000000000000000000e+00
0.000000000000000000e+00
0.000000000000000000e+00
0.000000000000000000e+00
0.000000000000000000e+00
0.000000000000000000e+00
0.000000000000000000e+00
0.000000000000000000e+00
8.186076099607866889e-225
0.000000000000000000e+00
0.000000000000000000e+00
0.000000000000000000e+00
0.000000000000000000e+00
0.000000000000000000e+00
0.000000000000000000e+00
0.000000000000000000e+00
3.377235276570172183e-275
0.000000000000000000e+00
0.000000000000000000e+00
0.000000000000000000e+00
0.000000000000000000e+00
3.223791437484613214e-08
9.485567413592567020e-05
0.000000000000000000e+00
0.000000000000000000e+00
0.000000000000000000e+00
0.000000000000000000e+00
0.000000000000000000e+00
0.000000000000000000e+00
0.000000000000000000e+00
0.000000000000000000e+00
0.000000000000000000e+00
0.000000000000000000e+00
4.665102091133641604e-01
0.000000000000000000e+00
0.000000000000000000e+00
0.000000000000000000e+00
1.167685179585853032e-94
0.000000000000000000e+00
0.000000000000000000e+00
0.000000000000000000e+00
0.000000000000000000e+00
6.083310898145734085e-05
0.000000000000000000e+00
0.000000000000000000e+00
0.000000000000000000e+00
0.000000000000000000e+00
0.000000000000000000e+00
0.000000000000000000e+00
0.000000000000000000e+00
0.000000000000000000e+00
0.000000000000000000e+00
0.000000000000000000e+00
8.180748951663580456e-39
0.000000000000000000e+00
0.000000000000000000e+00
0.000000000000000000e+00
2.587099694808023938e-18
0.000000000000000000e+00
5.166338600665692837e+01
0.000000000000000000e+00
0.000000000000000000e+00
0.000000000000000000e+00
0.000000000000000000e+00
0.000000000000000000e+00
0.000000000000000000e+00
0.000000000000000000e+00
0.000000000000000000e+00
0.000000000000000000e+00
0.000000000000000000e+00
0.000000000000000000e+00
0.000000000000000000e+00
0.000000000000000000e+00
0.000000000000000000e+00
0.000000000000000000e+00
4.344637722921048996e-192
0.000000000000000000e+00
0.000000000000000000e+00
1.678339432004613981e-292
1.239355504713140965e-101
1.472765510953334886e-18
0.000000000000000000e+00
0.000000000000000000e+00
2.047298909381540568e+02
0.000000000000000000e+00
0.000000000000000000e+00
7.406866911773078073e+02
2.363418496335283976e+02
3.646885502257377425e+02
9.226544672567132466e+02
8.578159345710494676e+01
2.161224345168416860e+01
4.625189871144167242e+00
5.779165925444760177e+01
1.080067434309226471e+01
5.475334315860713019e+01
6.360189917378943392e+01
8.452546772287198110e+03
0.000000000000000000e+00
1.988467051653401778e-257
0.000000000000000000e+00
0.000000000000000000e+00
0.000000000000000000e+00
3.810214257446382362e+02
4.318062813267801299e-25
1.584833725290335906e+03
9.014100269785986443e-143
1.702376937281904929e+02
3.975104775043867278e+01
6.597854542015943480e+01
7.325425482445473424e-01
9.227221138250578747e+01
1.452565599956730466e+03
2.012365724872170488e-250
1.410195448095212134e+00
3.286675215379185033e+02
2.278456633260937906e+03
8.315531891499495032e+01
7.841710616726630860e+02
1.883719738482992341e+02
1.416579924081927722e+01
3.790301322025828302e-245
1.534191202642990266e-166
6.911025462020338637e+03
1.458832947085068326e+03
1.468590568281081588e+01
1.333894620130726253e+03
1.531885985384150979e-17
1.466354801468879714e+02
2.040814631849097602e-33
4.378402430888822799e-78
0.000000000000000000e+00
5.864046100975819487e-139
0.000000000000000000e+00
7.345982173380819269e+00
7.278301524983827449e+02
5.246832847068656623e-09
1.162443051324168318e-34
0.000000000000000000e+00
5.681672263763195028e-182
0.000000000000000000e+00
1.146654025360792559e+02
1.016815801194497482e+02
1.016746248060499180e+00
3.767790849619662085e-74
7.873944266224251663e-35
8.581619949039304740e-171
2.632379047855451049e+01
0.000000000000000000e+00
1.472680118964388923e-171
1.247867914585462586e+03
3.924234614384316501e+03
5.435091717140045351e-23
3.573867694508174887e-197
5.082432697052929143e+03
0.000000000000000000e+00
1.266339793165047567e-103
6.264657407677211722e+02
8.360118048798292989e+01
1.883941185230342796e+01
2.396318537206278846e-213
2.858965851083537927e+03
8.997122252644088764e-10
9.175642252163723356e+01
1.292221894491327709e-06
1.703209303618017740e-147
7.517980673831235094e+01
2.900022116104000958e+00
4.339714873825869290e+02
1.122927945108738612e+01
0.000000000000000000e+00
0.000000000000000000e+00
0.000000000000000000e+00
5.604343886301624099e-19
4.297958473632451128e-03
2.132961393617362421e-152
9.566588386344639730e+03
3.796558722802761565e+01
3.325357562732188399e+03
1.042953032782964956e-05
4.525731057034899862e+01
0.000000000000000000e+00
2.899041017639460758e-45
3.886802429494356659e+01
0.000000000000000000e+00
6.074113048608681132e-93
3.928754385483030647e-12
0.000000000000000000e+00
2.324661747208533313e+02
5.520165571329653594e-08
9.857465388879941537e-25
5.498341883408022120e-41
0.000000000000000000e+00
0.000000000000000000e+00
0.000000000000000000e+00
0.000000000000000000e+00
0.000000000000000000e+00
0.000000000000000000e+00
0.000000000000000000e+00
0.000000000000000000e+00
0.000000000000000000e+00
0.000000000000000000e+00
9.160467819122146049e-15
0.000000000000000000e+00
0.000000000000000000e+00
0.000000000000000000e+00
0.000000000000000000e+00
0.000000000000000000e+00
3.452302935369978652e-43
0.000000000000000000e+00
0.000000000000000000e+00
8.269168378838889286e-23
0.000000000000000000e+00
3.043442114721086909e+03
5.333941416888143028e-06
6.153270233139912904e+01
7.076803684534820168e-35
4.920290479543211470e-03
5.619632690927148566e+00
4.342811235185440921e+01
9.054949378989840625e+01
2.022738133945298042e-25
8.223682410937765752e+00
3.589156332706648960e-18
0.000000000000000000e+00
6.833789171096543452e-147
3.159451545625772799e-15
1.572164751692235768e+03
2.274441076498564881e-19
1.152179072169566831e+00
1.731691400090361821e+00
3.982668243189521462e+01
4.143222140519431207e+01
4.063544598209469427e+01
1.809344035634347847e+01
2.804775417102509039e+01
3.328008849240497824e+01
1.607723498819048658e+01
2.153267751772830696e+00
1.398756594395827699e-16
4.115147880201039499e+01
7.629654195201521993e+00
3.174231337685272658e-01
2.280870017053498771e+02
4.283433582955288443e+01
8.040551701096980253e+00
1.411769065286059911e-26
3.956867273547324970e+01
3.229671014696679988e-12
5.709723781552335176e+00
1.113314968084873691e+01
6.248959085573505943e-230
2.782694752766904853e-02
2.189301766932190291e-05
4.047787600791147078e+00
1.192252297034564812e+01
0.000000000000000000e+00
1.058548752145716239e-22
1.049133328952185640e-01
1.105738032727907338e+01
1.141967919704274692e+01
9.229011651673151562e+01
6.510828594509936451e+00
2.671185782319292338e-11
2.054247834321626698e+01
2.458966101986856057e+00
1.642049810784912012e+01
2.172732043993893214e+01
4.069786600807628218e+01
1.426431262075554862e+01
8.918719968297329714e+00
9.856590964731179838e+01
1.035799304471681559e+00
8.031485066117480187e+01
5.170999063889186509e+00
4.404426755335828858e+01
6.104881893012734650e-01
3.677069194510076500e+01
1.922264855544360174e+01
5.226264669118675954e+01
2.577321835272986732e+02
5.945333137451079608e+01
3.252307378589677569e+02
0.000000000000000000e+00
2.096799239866326161e+02
5.690507717908707264e+01
1.293188259346584676e-21
6.664748694575039600e+00
5.676134895808911551e+01
3.582050192597058258e-01
1.011367604352896521e+00
1.720200997375760821e+01
7.042630924137492920e-01
2.203776534392430619e+02
1.351648967821841012e-05
2.826685460875955869e+02
4.193717418037711475e+00
2.054310242211699725e-13
1.899845310235819817e-01
1.270535579904455062e+03
1.697880790167853604e+02
1.695004654437901763e+03
3.807597477296716271e+00
1.254725866815449109e+02
0.000000000000000000e+00
9.793786108869081605e-13
6.216488381289284604e+01
7.947026792503759929e-03
6.855611666164571716e+01
0.000000000000000000e+00
0.000000000000000000e+00
0.000000000000000000e+00
1.893875371136117115e-08
7.361413175069630486e-105
1.662836437185241006e-174
7.250642168170756337e-68
0.000000000000000000e+00
9.179725485092890116e-19
1.003244934786159547e+03
2.429692773234743797e+01
3.860017104094388742e+03
2.215760592094056847e+01
0.000000000000000000e+00
1.141929424039336871e-47
9.011196792242125958e-52
3.776808375482015201e+00
1.377683584308433344e-154
3.661129364413456528e+02
3.737584375989781802e-04
2.727020561266506888e+02
0.000000000000000000e+00
1.472648408091672252e+02
5.092345631241440742e+02
1.169174306740730351e+01
4.167384544034180180e+02
0.000000000000000000e+00
2.226541386094163499e+01
3.590898246685943036e+02
4.962213011879010664e-204
1.451314163058964823e+03
5.563183089431314758e-92
1.791951990302212607e+03
6.147425364657294267e+03
5.506724604990496097e+00
7.880674979777118949e+00
3.795410760433250991e-284
1.443164840249457235e-78
1.533362234185132706e+02
2.920802388212423994e-01
1.197404408131652190e+03
1.020507693894880674e+02
8.196076875861969313e+00
2.603169823177815800e+01
1.097122223090287818e+01
4.512789245908646762e+02
2.109689063899911901e+02
2.810858844241906951e+01
2.184404558351224424e+01
1.369826456987644292e+02
9.831370180862589336e+01
1.059331661338453934e+01
3.233936339107587088e+01
2.674331308871054080e+00
3.223754803990986488e+02
5.243224840754900242e+02
9.663640716430052180e+01
4.942402633030156949e+02
2.580195149091838447e-01
4.187963412429972720e+01
3.135367671720137562e-15
0.000000000000000000e+00
3.032814281788390730e-126
1.121934786048016264e+01
8.052232746800977448e-02
8.243536691773741154e+00
1.367170085465951104e+02
0.000000000000000000e+00
4.433285694446496006e-01
0.000000000000000000e+00
5.617281129974512766e+01
0.000000000000000000e+00
1.270014750004044402e+00
8.200446978920079744e+01
4.592981224634708148e+00
1.467931201215739634e+02
0.000000000000000000e+00
1.430916791835075230e+01
2.124030832748822206e+02
6.125089994153315587e+01
2.596710820406578080e+01
8.519450179297915327e+01
1.205848408203703670e+01
1.783777323948208107e+02
1.414277057732594217e-18
4.193195311664817450e-26
2.723429767261677303e-213
5.121531545136042496e+02
3.142632475062838271e+00
5.108372482327826702e+01
7.010181231728079609e+00
5.880109537909969042e+00
5.672456661264498479e+01
1.212784107553387827e+02
4.812976431811857481e+01
1.547290222851636088e+01
3.284655144062710974e+01
2.131666114423296232e-01
1.205755112902577508e+01
1.116288520246279813e-20
8.340110749191943285e+00
5.437628695148239988e-01
1.057809014218941428e+02
4.511542822434755067e+02
0.000000000000000000e+00
4.300603891619675210e+02
3.316380374642819788e+02
1.462489025349298144e+00
1.504691634544836276e+01
9.795462382940045565e-01
2.388799757371442212e+01
1.467388748620867602e+02
1.421739749410990328e+01
6.959758800959505720e+01
7.424180897761546305e+01
1.451309064370321700e+00
9.077909234072505384e+00
2.488463456790007911e+01
4.932494441069824376e+00
1.299426117163825722e+02
4.656746912352701173e+01
1.570421241398839243e+02
3.154359343101429758e+01
1.812614635587492362e+00
1.896576668109072372e+01
8.825761186388540125e+00
2.060350582161822430e+01
1.100969898108313032e+02
3.596497874878711431e-171
7.828543716440366040e+01
4.606280920727173749e-120
0.000000000000000000e+00
1.504646614325433442e-71
0.000000000000000000e+00
0.000000000000000000e+00
0.000000000000000000e+00
0.000000000000000000e+00
0.000000000000000000e+00
0.000000000000000000e+00
2.944788389247495388e+02
4.335397624665202351e-28
1.321639037584996572e+02
1.358303332411958941e-01
1.469964617747814918e+04
4.237714037602635386e+01
1.631817769066738322e+01
1.037988132389477388e-06
0.000000000000000000e+00
2.205852646126244849e+02
7.445539662154067173e+01
0.000000000000000000e+00
9.215364615732726250e-01
0.000000000000000000e+00
3.937685159248306816e-75
7.257630825823346754e+01
6.917296582925162862e-02
0.000000000000000000e+00
7.050602958700105228e-118
0.000000000000000000e+00
2.451675755489952646e+00
0.000000000000000000e+00
7.728934651215645538e-19
0.000000000000000000e+00
0.000000000000000000e+00
0.000000000000000000e+00
4.250761847445674313e+00
0.000000000000000000e+00
0.000000000000000000e+00
0.000000000000000000e+00
0.000000000000000000e+00
0.000000000000000000e+00
0.000000000000000000e+00
0.000000000000000000e+00
0.000000000000000000e+00
0.000000000000000000e+00
0.000000000000000000e+00
0.000000000000000000e+00
0.000000000000000000e+00
0.000000000000000000e+00
0.000000000000000000e+00
0.000000000000000000e+00
0.000000000000000000e+00
0.000000000000000000e+00
0.000000000000000000e+00
2.832176370251016806e+02
0.000000000000000000e+00
8.560020427258267501e-05
1.572532123286335946e+03
9.583344152231351629e-25
1.890966659312695697e+00
7.737586124156141665e+00
2.192202741240669062e-15
0.000000000000000000e+00
2.650692461727867754e-08
2.328098267066522580e-36
0.000000000000000000e+00
2.995172193938515007e-05
3.236984450715836203e+01
0.000000000000000000e+00
9.468083240046806873e-30
0.000000000000000000e+00
3.736159661667656250e-18
1.527498329349150730e+01
3.386852158114782990e-02
5.346365908928376633e-08
0.000000000000000000e+00
0.000000000000000000e+00
0.000000000000000000e+00
0.000000000000000000e+00
0.000000000000000000e+00
0.000000000000000000e+00
0.000000000000000000e+00
2.546636951304471541e+00
5.566654494160214028e+01
8.245138276194271043e+01
1.747266681850926671e-21
2.859110841162664940e+01
3.401167024823981677e+01
1.287656259278071369e+00
9.142365347908679718e-01
7.127637433291696623e-17
2.428212140908534309e+02
1.362530308334793873e-39
8.087908845234771833e-202
5.854621527461388063e-203
2.275065630634156605e+03
1.990582757950767549e-37
1.235580122686888405e-297
0.000000000000000000e+00
3.054294789156574407e-19
1.591051046932832946e+01
0.000000000000000000e+00
9.436196722729182085e+00
1.574213858518405706e-162
1.863936319301741640e-01
3.513408951190816509e+01
1.208539658850647878e-03
5.261000824086180640e-04
1.182604398621306530e+01
1.720926681513411438e+01
9.743469396076820388e+00
1.547463242091625801e+01
1.680540782584326598e+00
1.882219048181088983e+00
3.233528259523046700e+01
5.690163985884842290e+00
2.331643839620669922e+01
0.000000000000000000e+00
2.787968913577102278e-75
0.000000000000000000e+00
0.000000000000000000e+00
0.000000000000000000e+00
6.636123056065349840e-93
0.000000000000000000e+00
0.000000000000000000e+00
2.378249158779164003e-08
0.000000000000000000e+00
0.000000000000000000e+00
0.000000000000000000e+00
1.105023345926865019e+01
0.000000000000000000e+00
0.000000000000000000e+00
0.000000000000000000e+00
0.000000000000000000e+00
0.000000000000000000e+00
0.000000000000000000e+00
8.994696302139949483e-13
2.867375020007628095e+01
0.000000000000000000e+00
2.414177094092787712e+01
6.671864371198915895e-63
2.598866301499336284e+00
1.626234866342244322e-123
1.174262215104049075e-03
7.728522573109904314e+00
0.000000000000000000e+00
4.369904335297329467e+00
2.825536430265026587e-14
1.348549695103661537e-02
7.384375906418438884e-02
4.198677495783156039e-16
5.206835070323516884e-23
1.120355818299423589e+01
2.965497875901067726e+00
2.120688784541980354e+01
8.074737634250503504e+01
1.406402921927113248e+01
8.098804483728244463e+00
6.679768936458534867e+00
9.230252414013982332e+00
1.639723909739702634e+01
6.181327847262731545e+00
1.798754892681402850e+01
1.467605137575639844e+02
2.771045087634667059e+00
1.865231786624646304e+02
8.955774401035149879e+00
4.594297486929241359e+01
4.201342761142477400e+00
1.709705445609492713e+01
3.047423192312915319e+01
5.588969326235722512e+00
1.666799447076926555e+01
2.732990528126881813e+01
8.932585173803472500e+00
1.165491008237090256e+02
1.279611900682272996e+01
8.323309928474799335e+00
1.023985624521072602e+01
1.535100005447774585e+01
1.250937388443668929e+01
1.181166284188649485e+01
1.099945659513213911e+02
1.250331278968170601e+01
2.800527105575942244e+01
8.987344527034083796e+01
1.402679156241696319e+02
1.355286820363372779e+00
9.436443851723779517e+02
1.034833063444487422e+01
9.857601607477680261e+01
2.078988008654591013e+01
6.312145200767489683e+01
2.836829853637402010e+01
6.196989636118217959e+01
5.457486290442597010e+01
1.801679400573354517e+00
0.000000000000000000e+00
0.000000000000000000e+00
1.773349026848999088e+01
0.000000000000000000e+00
5.478232099415280242e-03
3.942277423906275318e-38
5.675113115841478262e+00
1.888629416167066211e+01
2.363568701585242238e+00
8.541620497482207974e-02
4.442029317932862043e+00
7.793839131555383825e-06
5.294749516712212056e+00
2.183816007964790273e+01
4.371258735958113506e-130
2.841371598639706904e-03
9.676944536160537249e-15
1.115452801532263311e-01
1.087210884020587365e+01
1.909369396834909027e+00
4.931809116526139292e+00
3.627666878476919976e+01
1.707874564478299462e+01
2.646743017149342236e+00
1.956353681503828046e+00
1.722393128953501884e-02
7.523280846601576144e+00
3.272882124192068254e+00
1.295345347456142449e+01
1.282594573198004007e+01
2.683845068722860461e+01
1.161447091277600840e+01
8.020531635337869147e+01
1.249905686847583519e+00
5.105999184503405530e+01
7.004044169814196152e+01
1.410826428291472112e+01
0.000000000000000000e+00
0.000000000000000000e+00
2.897845432630900859e+02
0.000000000000000000e+00
0.000000000000000000e+00
0.000000000000000000e+00
0.000000000000000000e+00
0.000000000000000000e+00
0.000000000000000000e+00
0.000000000000000000e+00
0.000000000000000000e+00
0.000000000000000000e+00
0.000000000000000000e+00
0.000000000000000000e+00
0.000000000000000000e+00
0.000000000000000000e+00
0.000000000000000000e+00
0.000000000000000000e+00
0.000000000000000000e+00
0.000000000000000000e+00
0.000000000000000000e+00
0.000000000000000000e+00
6.749272848585638940e+01
0.000000000000000000e+00
0.000000000000000000e+00
0.000000000000000000e+00
0.000000000000000000e+00
0.000000000000000000e+00
0.000000000000000000e+00
0.000000000000000000e+00
0.000000000000000000e+00
0.000000000000000000e+00
1.707288204981467175e+02
7.309140581481284649e+00
7.772760748884078907e+01
1.302584053228805033e+03
1.959100233956108673e-05
2.557119154438134672e+02
3.409310058326670401e+02
6.612864306593216668e+00
0.000000000000000000e+00
0.000000000000000000e+00
0.000000000000000000e+00
0.000000000000000000e+00
4.784972182177638227e-09
2.287639359575829648e-67
2.834258919464933513e+01
1.988870525382265697e+01
1.489189032803162860e+01
5.239521989728723739e+00
4.283996222717076918e+00
2.093372748168341513e+00
8.170168828886719581e+00
9.326252324830683449e+00
2.576731425094522798e+00
7.521473298738646918e+01
2.212477166484122737e+00
5.413049669730471436e+01
5.379084582650563107e+01
6.363048350116155660e+00
2.380654881000799961e+01
1.571544524789355002e+01
1.031002616242976444e+01
3.194220198976332359e+00
2.108298653040269244e+01
1.205721295414272198e+01
2.333319840878667151e+01
1.858541105256078296e+01
1.471748638685756383e+01
2.599254487732458330e+01
8.071795405087589970e+00
2.097724446349576333e+00
1.147124981747248285e+01
1.996459675199349082e+00
1.087103358363568617e+01
1.050000029749597985e+01
6.832958836774077227e+00
2.011703443040828887e+01
1.235403039222894783e+01
1.076527675542085305e+01
9.769379959511628186e+00
1.057507813343725722e+01
5.102446309449007344e+00
1.108573867577721828e+01
1.661818757770989752e-01
6.237959149009475457e-02
6.140737343685247041e+00
8.834828164577073650e+00
6.152055743513287211e+00
1.192662188483883767e+01
4.981357097741644147e+00
9.146504052972240117e+00
1.489357182061023899e+01
1.327336841350272145e+01
1.400584768623342313e+01
3.379465176371599000e+01
3.635635895485030034e+01
2.243385444940255979e+01
6.899520398396233212e+00
1.222068996286216169e+01
1.245418753907263287e+01
2.679309567277862403e+00
3.541967260562914444e+00
2.843571555579793397e+01
8.634268115860749049e+00
1.149534041532318973e+01
6.608506926985657337e+00
8.975870919000387360e+00
2.524349286977766127e+01
2.516672509783621781e+00
2.105215644637475236e+00
2.590642802787451515e+00
6.650982482437541421e+00
7.482154603496987875e+02
2.981762293546051268e+01
9.526037313429950506e-47
7.735556860575284190e+02
2.849117709878295045e+03
1.103435690603640040e+01
0.000000000000000000e+00
1.035806307822940880e+03
1.102610272226838970e+04
5.927225570336215242e+03
0.000000000000000000e+00
1.056540548155360026e+00
1.704853822403895732e-03
1.144508775705327906e-03
7.195770654186782838e-08
9.769031425669936935e-06
3.509483590963227297e-15
1.666085181978603343e-19
6.405258735162260741e+00
1.762673031737632733e-04
1.167010260910826563e-04
9.173178241863532388e-04
2.058045261032634377e-07
8.689666703876232079e-01
1.343034388895075150e-26
0.000000000000000000e+00
9.150439863015343178e+01
0.000000000000000000e+00
6.040526197001644429e-76
1.181728237028040382e+02
6.731500853593137990e+00
2.233937075038326852e-311
3.155858778595510561e+00
3.643273122616892401e-01
5.530748072082226408e+00
3.575454045538480674e+00
0.000000000000000000e+00
1.017935284349661432e-22
1.544610489539449993e+01
1.418313307507541365e+00
1.830234920551782807e+01
3.956282849509689640e+03
8.371276924372029526e+00
3.796325029191762290e+00
8.513543476524579035e+01
3.846217366712415384e-71
1.060143772830610454e+00
1.190334748223317529e+00
2.412190895657951029e-01
7.715499136306758210e+00
3.660298319026699110e-01
1.514413184396337613e+02
0.000000000000000000e+00
1.048521157661492562e-15
1.531609362242841041e-20
4.834831822549341496e+01
4.724970888877845937e+03
2.022158294249046069e-05
9.600421486683576956e-10
1.173258903917616358e+01
2.295370894710217075e-02
1.502575454896047233e+02
2.226791977250901766e+01
1.360828056396160522e-02
5.674673527361601799e+00
6.034541726973181142e+01
0.000000000000000000e+00
7.369207010881070773e-13
1.565282479256766305e-03
3.862220685362760086e+00
1.187741650025495144e+00
8.100507199665216262e+01
3.582234552118630688e+01
8.238871453185371367e-08
3.640848466543485928e-01
7.310416430877698475e-227
8.722348665652917906e-251
2.753840040949916967e-01
5.516005526744888954e+01
1.428033158950631765e-01
5.867921020392430620e+01
1.015572108711348610e-08
6.796915468282172412e+01
6.243978659352235859e-03
8.231312397334390231e-06
3.270032542489069343e-20
1.839951769345372412e+01
1.241943804685542396e+01
2.414032861369702285e-02
3.574274527628533643e-04
2.058171368072096996e+00
1.622107347899401017e-02
3.135744788349957179e+00
4.348727364221987679e-04
1.504289618918590277e-04
1.090574143455662113e-06
9.443635075257397760e-02
1.325149948317169328e-74
6.885202980131024313e-07
1.711458734792304925e+00
3.738475213218741774e-35
6.499492809034285905e-04
1.687318208796115945e-13
5.960864042413854943e-04
0.000000000000000000e+00
1.869432701878449565e-01
0.000000000000000000e+00
2.044235894173302981e+01
2.492745899725849149e-03
6.668809912977594068e-02
1.332117066036260243e-14
8.790769024789590481e-14
0.000000000000000000e+00
3.968857472521820084e-01
0.000000000000000000e+00
1.909166043924885798e+02
1.351993083669392490e+02
3.433370321458353747e+00
2.615571492735629278e+01
1.038283360263420973e-11
0.000000000000000000e+00
2.491049758312968388e-13
0.000000000000000000e+00
1.018428435012947067e-58
1.502603334586367197e-125
0.000000000000000000e+00
3.394658722663363903e+01
8.184571108306744236e+01
0.000000000000000000e+00
0.000000000000000000e+00
0.000000000000000000e+00
0.000000000000000000e+00
0.000000000000000000e+00
0.000000000000000000e+00
0.000000000000000000e+00
0.000000000000000000e+00
0.000000000000000000e+00
0.000000000000000000e+00
0.000000000000000000e+00
0.000000000000000000e+00
0.000000000000000000e+00
0.000000000000000000e+00
0.000000000000000000e+00
0.000000000000000000e+00
0.000000000000000000e+00
0.000000000000000000e+00
0.000000000000000000e+00
0.000000000000000000e+00
0.000000000000000000e+00
0.000000000000000000e+00
0.000000000000000000e+00
0.000000000000000000e+00
0.000000000000000000e+00
0.000000000000000000e+00
0.000000000000000000e+00
0.000000000000000000e+00
0.000000000000000000e+00
0.000000000000000000e+00
0.000000000000000000e+00
0.000000000000000000e+00
0.000000000000000000e+00
0.000000000000000000e+00
0.000000000000000000e+00
0.000000000000000000e+00
0.000000000000000000e+00
0.000000000000000000e+00
0.000000000000000000e+00
0.000000000000000000e+00
0.000000000000000000e+00
0.000000000000000000e+00
0.000000000000000000e+00
0.000000000000000000e+00
0.000000000000000000e+00
0.000000000000000000e+00
0.000000000000000000e+00
0.000000000000000000e+00
0.000000000000000000e+00
0.000000000000000000e+00
0.000000000000000000e+00
0.000000000000000000e+00
0.000000000000000000e+00
0.000000000000000000e+00
0.000000000000000000e+00
0.000000000000000000e+00
0.000000000000000000e+00
0.000000000000000000e+00
0.000000000000000000e+00
0.000000000000000000e+00
0.000000000000000000e+00
0.000000000000000000e+00
0.000000000000000000e+00
0.000000000000000000e+00
0.000000000000000000e+00
0.000000000000000000e+00
0.000000000000000000e+00
0.000000000000000000e+00
0.000000000000000000e+00
0.000000000000000000e+00
0.000000000000000000e+00
0.000000000000000000e+00
0.000000000000000000e+00
0.000000000000000000e+00
0.000000000000000000e+00
0.000000000000000000e+00
0.000000000000000000e+00
0.000000000000000000e+00
0.000000000000000000e+00
0.000000000000000000e+00
7.280252459630617810e-278
0.000000000000000000e+00
0.000000000000000000e+00
0.000000000000000000e+00
0.000000000000000000e+00
0.000000000000000000e+00
0.000000000000000000e+00
0.000000000000000000e+00
0.000000000000000000e+00
0.000000000000000000e+00
0.000000000000000000e+00
0.000000000000000000e+00
0.000000000000000000e+00
0.000000000000000000e+00
4.151631167995528813e+04
0.000000000000000000e+00
0.000000000000000000e+00
0.000000000000000000e+00
0.000000000000000000e+00
0.000000000000000000e+00
0.000000000000000000e+00
1.237306699843986543e-08
0.000000000000000000e+00
0.000000000000000000e+00
0.000000000000000000e+00
1.079238878531481465e-181
0.000000000000000000e+00
0.000000000000000000e+00
0.000000000000000000e+00
1.088690520238972001e-212
1.347898547180828387e-310
0.000000000000000000e+00
1.975001972735400636e-136
3.354591733511761031e-88
2.414422178835868444e-45
0.000000000000000000e+00
7.333489604151820629e+01
8.615380078771225691e-06
0.000000000000000000e+00
1.341073233833454442e-41
4.661688475396028550e-14
2.681988468040594212e-61
3.758404608430705007e+00
2.609784128056493502e-99
0.000000000000000000e+00
5.644172686390549387e+01
6.948268634268114852e+01
5.169781795531437751e+01
1.668997099511816984e+01
6.138799651526335287e-72
1.393725872941644717e+01
2.049051968258173062e+01
8.474828387831458087e+01
1.953050928688304566e+01
2.019006996883041083e+00
5.495458661969912839e+01
1.163402902843656328e+00
7.838253442552250524e-07
1.633351600869363907e+01
1.121878248711097292e+01
3.125983287890184426e-01
1.396404475177725679e+01
1.229913314983204486e+01
1.898912696094496155e+01
1.528591416460928443e+01
1.668236272994077041e+01
6.282509308209557553e+00
2.394850502054572416e+01
8.234376775522402170e+01
5.655522043752798567e+01
4.607441455693497723e+00
8.341150581953163723e+00
7.686276836923195788e+01
3.159839456894747514e+02
4.555551635317220160e+01
1.323113798893814774e+01
3.694885335983043717e+01
9.453699955866298410e+00
2.943347416022440299e+01
3.916240009938251632e+01
5.496531801850497345e+01
5.948296789650794381e+01
3.473615807196042571e+00
7.378189163658805505e+00
2.148014129322397636e+01
5.045121338654696252e+00
1.130096910571049840e+01
1.831791650685549167e+00
1.881964018313052378e+01
1.166067635685534576e+01
2.052358204217815896e+01
3.820742741156411171e+01
7.702303804450962410e+00
5.048694189583242675e+00
1.050546196558706527e+02
1.098751418692543922e+02
1.815527258263796639e+01
1.983566700131868998e+01
1.637468206337310761e+01
5.828308605703765022e-02
7.596782190771063092e-01
3.223847671921932595e-09
2.781710274485919854e+02
2.179117203079573812e+02
6.110422714176851459e-26
0.000000000000000000e+00
1.460013957487062315e-02
1.630133290064271705e+02
9.779974485501968502e+02
1.164625171879016307e-03
6.812382762022300753e+00
2.087216311412973937e+02
5.034971151023951563e+01
9.917902431084094417e+00
3.839900656145913693e+00
5.382988930605995925e+00
3.625569617924561072e+01
3.390217981582331674e+01
3.154365716802340458e+00
1.537752862455846980e+03
9.364757842696020873e+01
6.611081237766676388e-02
1.799147817976455244e+01
1.869459279486149228e+01
4.934571740558946651e+00
2.305905220150573598e+01
1.529853216410542132e+02
7.938899549927140420e+00
6.327933395357945301e-01
4.698177409722794629e+00
7.401703499689912746e+01
1.721022133446432889e+01
6.845900876042066763e+00
1.587320293199140586e+01
6.022057112891013197e+00
7.436257172201122811e-01
9.022986788603658326e+00
1.148179803111944564e+00
1.319897625364991001e+01
3.951365196286954529e+01
1.684794034203513746e+01
2.017987323809323286e+01
8.983736092284747343e+00
3.727020094230633873e+01
2.603546535325933320e+01
6.377525222948289496e+01
1.091806410310406079e+02
8.798162288438679621e-04
2.418912991367724030e-01
1.521213426733812923e+02
2.112348528609873100e+00
5.087427966714759719e+00
1.798002012479401657e+01
1.371835175156310704e+01
1.059407275733525466e+01
3.942800820212736035e+00
1.473759074214894937e+01
8.431363627156906659e+01
1.194983513161185407e+01
3.476982973082429453e+03
1.626473572171835258e+02
1.516487081592600081e-02
0.000000000000000000e+00
2.643286233218452888e-08
2.469258932992855478e+02
2.497205128036812766e+03
3.957829896558432381e+01
4.265553582159242865e+02
5.438472960871612827e+01
2.233014623392610432e+01
3.686657446960076800e+00
7.170761414653711086e+01
1.334027837156779661e-03
6.406720908799060510e+01
1.885718591904405628e+01
7.574549605957979104e+00
4.829498921978472303e+00
4.909573938956989791e-01
1.257860162121762215e+01
2.926841032811176024e+00
2.053737710609085809e+01
8.987161158814475082e-01
4.371867295149894694e+00
4.792563148482846813e+00
6.517552575418549488e+00
1.722918925388863798e+01
1.440450169813114190e-01
1.935843417968523994e+01
6.637386786639191882e+01
3.277257471575624237e+01
5.028326985222011558e+01
4.515548635582086234e+01
2.108275340837255740e+01
1.228866915825528672e+01
6.978599873023136979e+01
1.020035380476191023e+01
4.290398497239927167e+01
7.927067687776226945e-01
9.450344731520473829e+01
4.567756575909548644e+01
2.939093380818858918e+02
5.367435281039504957e+01
1.972172217787226600e+01
3.821980231644614179e+01
2.270318884247924700e+02
4.178216704164219664e+01
1.526621679571348523e+03
3.096057831564920093e+01
1.375465327621405365e+01
1.339530184944651408e-03
1.672947080865591474e+01
5.600465804778188783e+01
1.784781958058790963e+01
5.664659818900713617e+01
2.521449259301402535e+01
4.850915208516848054e+01
1.163077618349494813e+01
3.987420253919627555e+01
1.225362965183821373e+01
5.640965064181865785e+01
4.587735834654707645e+01
5.260449520366457676e+01
6.573580169675184948e+01
2.625268455390171596e+01
4.409595736639263311e-18
2.037661277532762583e+01
1.103485562520510115e+02
3.420745497577823357e+01
4.666503798944889780e+01
2.694661642545415958e+01
1.305779049803697056e+01
3.147366748981746909e+01
4.759452916125734845e+01
3.818691959438961447e+01
1.313993767215858384e+02
1.551709094363109638e-22
2.250480370752627266e+02
3.874458885341154257e+01
6.576016218338278918e+01
8.546332080765967731e+00
9.321768995865176066e+01
1.870235991795460961e+01
7.204841053988982935e+01
1.369200986685756902e+02
4.076549802064295136e+01
1.056281169047492858e-06
1.306677796760243655e+04
1.125498404501008054e+03
3.193497338682000645e+03
4.786537548958519261e-61
3.550296874347328533e-102
2.698836627239209633e+02
1.565159955355486243e+00
1.465108927404899362e+02
1.568644467705542134e+01
7.928255414088163811e+00
6.127524147886566652e+01
2.600768641139321602e+01
2.046668841080793300e+03
9.319748520006188528e+02
1.213308237286581637e+01
3.983289991954497111e+01
2.229106568505060011e+02
9.515071400934853955e+03
7.914114493789596736e+02
1.964154892509279989e+03
7.034813775934420846e+03
1.592514629080507973e+02
2.562557046442017139e+01
2.511721587410959557e+02
2.938369503876031104e+02
3.725701244198057793e+01
7.885083901405486984e+00
5.551915088502643414e+01
1.074885790322540391e+00
1.418681796713995595e+02
9.102150431707721623e+01
2.734950776892846420e+02
6.190935237780892919e+01
2.044127216998050121e-06
1.846413896356283146e+02
1.030198154769549221e-13
9.506478842146671937e+00
2.570937312713019551e+01
2.945990432101392571e+02
1.661607487623713583e-29
1.991444472096058149e+01
4.071434852924048897e+01
2.428371280833603407e+02
6.612236347537836991e+02
3.319192557477492209e-46
2.232810930881829847e+02
8.984615360289886610e+01
9.976429194934182476e+01
2.093555107164049787e+03
1.084466330407909481e+03
1.163638805596791599e+02
1.110057853429072026e+02
0.000000000000000000e+00
2.037319780058774024e-93
1.330674333852749896e+03
3.509111500603388833e+01
2.987496371808342133e+02
1.230653577721149486e+05
1.721212860850776849e+00
0.000000000000000000e+00
3.096458480217048148e+01
1.536659289638869950e+03
1.103563681343689922e+02
3.017219660783760027e+00
1.454392312532026832e+00
3.217945659308713235e+00
7.659452174027596705e+00
2.705418923879129522e+00
4.264637394110295787e+01
4.602803795161335643e+02
2.887419386160891008e+02
1.799471977991834080e-04
4.993458969576234097e+01
5.675030642358154154e+01
3.493633439217009595e+01
3.976533541488859669e+01
4.772875809399514679e+01
2.500639860470460718e+00
2.715953783074338190e+01
3.127627889651136073e+01
1.813301837783976111e+01
5.264120101260221674e+01
1.862670629374859743e+01
4.766581846803765643e+01
7.192989823184052511e+01
9.553526203478707401e+00
7.315271221043342820e+00
4.049117113275347890e+01
8.627502841039738257e+01
5.545192150054658953e+01
2.174970494865840749e+02
1.286297427891429557e+01
2.906260488847010937e+00
1.021904606177990971e+01
1.308720943327726971e+01
2.333576095946979478e+01
3.315873706281627165e+01
1.832413234277186476e+01
1.076911156873190656e+01
2.317005790933821459e+02
1.146927237685885181e+01
7.531380221826612598e+00
1.837596093192101137e+02
7.308544953641712638e+00
1.942111127517599956e+00
5.495882886670904778e-03
4.673714592373157188e+02
6.892848686721119833e+00
7.224670445986415501e+00
3.631895166596630986e+01
4.353921757976628726e+00
7.938023336997172663e+00
0.000000000000000000e+00
3.224450280177506670e-26
0.000000000000000000e+00
0.000000000000000000e+00
1.845112103238186082e-313
0.000000000000000000e+00
3.234368265682277344e-120
3.415719912085936344e-252
2.638873909303846913e-126
0.000000000000000000e+00
1.780113449443518919e-59
0.000000000000000000e+00
0.000000000000000000e+00
0.000000000000000000e+00
0.000000000000000000e+00
0.000000000000000000e+00
0.000000000000000000e+00
0.000000000000000000e+00
7.122276503649241749e-09
0.000000000000000000e+00
0.000000000000000000e+00
0.000000000000000000e+00
1.217058049715839766e-108
1.011788878675357850e+01
4.466699083037029894e+00
2.409601905695287982e+01
5.599708753470506650e+01
1.094040664907570282e+01
9.897130355246749889e-02
1.346731544960477223e+01
2.357475954555799547e+02
2.082187887362012102e+00
4.356247917218944942e-04
1.331961051006208367e-04
1.088062004667737170e+02
5.005281371841714417e+02
2.384526965805284817e+02
7.477366827701237639e+01
0.000000000000000000e+00
1.037224368347642134e+01
2.073672196707119042e+02
1.996351186747758888e+01
6.360590743608590669e-01
6.875653514606707972e+01
3.046655005615934542e+01
4.120273175965505352e-02
1.169441631126864678e+01
5.534175532131330399e+00
4.103862209477071219e-05
3.778051159132177190e+02
1.349710942355061283e+00
6.881357718493142858e-03
6.822515276083145785e+00
6.338633679689094080e-01
2.211573732869789310e+01
9.370060716231715103e-01
2.084127610969455535e+00
6.202703750392799531e-01
7.337044362481544291e-02
1.005889968745959928e+00
1.911325292812212862e+00
1.010303870973758933e+01
6.500258701339317428e-07
1.244550894331609286e-02
9.920140468599658590e-02
2.312731223052779672e-01
4.654232154600185245e-01
7.341597942226374407e+00
4.876599154232420830e+01
1.563979242485396409e-03
3.283766043329335105e+01
2.219123640388203922e-01
1.095228398641008832e-03
0.000000000000000000e+00
6.497531108871039685e+00
6.496267254012005237e-04
4.740899009180634793e-04
9.816958978117701351e-02
6.465232116606171530e-13
2.181067739837208705e+02
7.001155997901553282e-03
1.227656219367897344e-02
3.064804995187224781e-02
5.452495004558195746e-03
2.504451633697565853e+02
9.134763982400801297e+01
1.575822143416165133e+01
3.926619268722780776e-01
8.366567407327176298e+00
2.592153805518587433e+03
6.686259752374641607e+01
3.551657869873670048e+00
4.012388383527948355e-02
3.677919962975760848e-01
1.473390000340588149e-21
1.160349040638693236e-05
1.109331721894365960e-07
3.479747219718378233e+02
1.869802387722930916e+02
3.764378309221374933e-04
6.209080505595460965e-03
4.184524733454018329e-69
4.792912741194462534e+00
4.988978509972258130e-137
2.203978601929315953e-03
1.478939397688785018e+00
7.616999202150915964e-03
1.845644145166012162e+00
8.635379091636588456e+00
5.176711222270632502e-101
0.000000000000000000e+00
1.178224334565640685e-01
2.932597124442539727e+00
1.483059384483596205e+03
9.474338320888776366e+01
2.460910832513927460e+01
2.846071592599849609e+01
3.548651863176732562e-07
5.543903541322685413e+01
8.239875842608245904e+00
1.573104746917754255e+02
1.775969282287001079e+02
9.275619582611808347e-188
9.813424759802897915e-124
2.021417999461306749e+02
1.995193423501160496e-03
5.222284102008125473e+01
2.575380516600357694e+01
5.668927319449336721e+01
1.195215956472015080e+02
1.434513856284552844e+02
6.542941641894479687e+01
1.157250174194201797e+01
2.709851703900606523e+01
9.857248783981100715e+00
9.936246246387452682e-04
3.041883299233578342e+01
1.027706775693053629e+02
8.682148170286989597e+00
2.141702902583420709e+01
1.442860377671387972e+01
7.983626255977119279e-02
3.159792569694641884e+02
1.863740503374617674e+01
2.979363638185859742e+01
1.152414514577296245e+02
1.440200107482237968e+01
1.250180692422276962e+02
1.101106218741797989e+02
0.000000000000000000e+00
9.205760426288404688e+02
2.035039231910439383e+01
1.159496102084503732e+01
8.477364438615583439e-49
1.064477594915540806e+02
4.917165840619202299e+01
4.321826890088215833e+01
9.277119512584374661e+01
0.000000000000000000e+00
1.543803307796289088e-140
6.278314025211433698e-05
2.394967512262100584e-01
1.404852573793971532e-23
5.810567082216133272e+00
2.803532745075491661e+00
3.532502036761018704e+00
3.911049702056454525e+00
5.800124006533610377e+00
8.242757033787745158e+00
1.450961670788320212e+01
2.562509134228186269e+00
1.787592522239431769e+00
3.507632452424595648e+00
2.984872647835382509e+01
6.704427509155731713e+00
2.459997798003147551e+00
7.937337021521051028e+00
6.679282207998006982e+00
5.273968484513531507e-01
1.198670269208513517e+01
5.836219287643219289e+00
8.913131342940031843e+00
4.598637762680550800e-01
8.458075036457148033e-02
6.069486965625683705e-151
4.310014460901034461e+00
4.503038563483055157e+01
2.638165836850690482e+01
1.355660681002941637e+01
8.354611139765999894e+00
2.263338141406868331e+01
1.868598187293540391e+01
1.213122736052092421e+01
4.738320173205193697e+01
1.156068533253930752e+01
1.092115161613928365e+01
1.506743892030504206e+01
1.543457192521833754e+01
2.512097273157422705e+01
1.250130748391199420e+00
4.783251522753727336e+00
4.383391134276952528e+01
4.468361830424665726e+01
4.363621216200926772e-03
1.285881397529558565e-16
1.646901446730404928e+01
8.594047840203694477e+01
1.705685204752764506e+01
7.243073766416368642e+01
1.854653640256183778e+01
5.997851730471489162e+01
1.358122976691179247e+02
2.196546405779764448e-271
4.272914719639417171e+02
2.734240722152845393e+01
1.766178561648338174e+01
2.361896887562938829e+01
1.292083318131834702e+01
2.526510975276074689e+01
7.850598129499866218e+02
4.037303826949725050e+01
2.953346034323366780e+02
3.480484328133910843e+00
8.182669514270371280e+01
1.549987183972218929e+02
2.512428939226455071e+01
4.186075753434311508e+01
6.630447088239165510e+01
2.715355131919794118e+01
6.546050935331519689e-06
1.593644374554137461e-95
2.970120725361017122e+01
1.302874130748843673e-62
5.662158684292417437e-22
0.000000000000000000e+00
3.634098133178723817e-10
5.628171519874465645e+01
1.733559871109256534e+01
1.134177388671507991e+01
4.061583111908072752e+00
1.445320899295825257e+01
1.206243082758086871e+02
3.906141345689761835e+01
3.681306753095547180e+01
3.197094843794397434e+02
2.162680483706292733e+01
2.023840918445969095e+01
3.997499493055664743e+01
5.191380731408601434e+01
1.227627337481699143e+01
4.665495101886570950e+01
2.736582582393009488e+01
1.382463366391317194e+01
1.275027809050352978e+01
3.084827482191236214e+01
6.833785729340331905e+00
1.731054477516898160e+01
6.447002715444467924e+01
6.195781180422346068e+01
8.412936225923424161e+01
5.455042946704682549e+01
1.631504630545649093e+01
2.979066117912200795e+01
7.416389528218471128e+01
1.946177282052545010e+01
7.219348387959297497e+01
5.772930252233057224e-01
5.432360329468804139e+01
1.203402821655574684e+02
1.463990827522555804e+01
6.565486020902455699e+00
4.419052966588148479e+01
3.343855207493886894e+01
1.384198755699421213e+01
1.359379701137382845e+01
1.070122390747894592e+01
1.019810291938019375e+01
8.223006492520532618e+00
2.734713868818798943e+01
6.703283661197257715e+00
8.534927120821268431e+01
1.389089221057049599e+02
6.841912087924934838e+01
2.529947839085363270e+01
2.355505802168507046e+01
3.458939588661760922e+01
9.434533620688341671e+01
9.754092091368725903e+00
9.477412655794676510e+00
3.216539941918792067e+01
1.823045307109045510e+01
1.957823883245948693e+01
4.087410936620244684e+01
6.288556017091514860e+01
2.166433877670849029e+01
8.723979788553265280e+00
1.110895725974057235e+01
1.094293769259469506e+01
1.648711033333772491e+01
6.092055756248702103e+00
9.813515286240717117e+00
1.650089928969345721e+01
2.309225591257938106e+02
1.566482549343838926e+01
2.046724960439076568e+01
2.562745349470685596e+01
1.008665805329117546e+02
2.176612508495909537e-01
1.531088209854037174e+01
1.461469017635322665e+01
2.794226584185825146e+01
1.592782723767696318e+01
8.583759937804929407e+00
1.973639188213126872e+01
2.701255489497063067e+01
1.987150967851778560e+01
4.950252699402056145e+00
8.829860078598013473e+00
3.637272270923948975e-02
5.253012611628946615e+02
8.183468151964595449e+01
7.135551505720657417e+01
0.000000000000000000e+00
7.453947307352933532e-57
3.798879745756049431e+01
8.086504228060880450e+01
1.063694281804346531e+02
1.923829474670170738e-03
3.810889200069225780e+01
1.712290915612531350e+01
3.044092480771775300e+01
1.419534302959677916e+02
8.375735024669115347e+00
6.659797746479035219e+00
6.710687913096889723e+00
3.968077622123777815e+01
5.721464452260658362e+00
7.340577563019461405e-01
2.049396076462879535e+01
8.377719697607288740e-02
2.447398791455384526e+01
1.195066245211602159e-24
1.243554876176560908e+00
4.177876290465530218e+01
2.940810082579602280e+01
7.385937887016146419e+01
6.191417154903943754e+01
3.615247296323876469e+01
5.862852483117272584e+01
1.409572140856127298e+01
5.200111394111731755e+01
1.447286212640877636e+02
1.002097902505298777e+01
7.009779085159067336e+00
2.904960265999420699e+02
8.291694418946877931e+01
4.337337671997160804e+00
1.785140451437427700e+01
3.072267489146336317e+01
1.660260187379287444e+01
2.916880150886572154e-01
3.062800361705844058e-04
4.108897130756884453e-01
5.871969431913869331e-01
4.417888944247379962e-02
1.014523802527918517e-01
8.916701195238391220e-02
1.296378612147111760e-02
7.010300562556321946e-01
1.185631757543633480e+00
8.648868891657514324e-02
2.892807467731723747e-04
4.393385446373951342e-01
6.272801501588602946e-01
3.561940186974432015e-02
1.847987019916460388e-02
3.451394183678702012e-03
1.247497920012860639e+00
4.482920093255832877e-02
1.903756835444622708e-01
8.107347465206284076e-03
9.548430629569287786e-01
3.576220283784023457e-01
2.138339282006097852e-01
7.919784150310393844e-02
9.989428986457657422e-02
3.313202945298938940e-02
3.531278757014146702e-02
5.490676434615526791e-02
3.355595260938270402e-02
4.231536886438302392e-01
8.000895911918015635e-02
1.365460359610677589e-04
6.279711669923554451e-02
4.193628200399645255e-03
6.585001991242513120e-02
3.702201104101306428e-01
2.933821250388792379e+01
8.691317821942361022e+00
2.611549539884103766e+00
8.120175073272891453e+00
4.438883097300980296e+00
5.404701036750904564e+01
1.075217348011518510e+02
5.681537134426297797e+01
1.342111033903845119e+01
2.076303536319087328e+01
9.585637522326943838e+01
9.471165977816863091e+00
1.848955990121182325e+01
5.168130644752306324e+01
1.018076393520372380e-01
5.943869444440749703e+02
1.292558418578828423e+02
1.122432299808943554e+02
7.748165858279250452e-55
5.728772763562219276e-24
2.329200591021317548e-09
7.251637614953909861e+01
1.962769570444609428e+02
2.678464762340354355e+02
0.000000000000000000e+00
4.718265837068229303e+02
8.339578591310148781e+00
2.183922596976251640e+01
9.083395238686478024e+00
1.716177098213993801e+01
1.052225853377078835e+01
9.057611706909707294e+00
3.531678394030150514e+01
3.382371911327447833e+01
2.049400032568489394e+01
2.814622532328466775e+01
1.653319868431779938e+01
8.101264430853335696e+00
5.096490837210405189e+00
1.813350918410197821e+01
1.656998041818084744e+01
1.346548399681467423e+01
5.220169730546616371e+00
4.437985247661756283e+00
4.898013363233003048e+01
1.611764844150608056e+00
1.198359700031273789e+01
7.166544647674351509e+00
2.764264922571953331e+00
3.384939128862015423e+00
1.196378355212615752e+01
1.256069167353160410e+01
9.643414337617741694e+00
1.604533570505083162e+01
6.681764268214541502e+00
4.693273282583798789e+01
2.337542896838427708e+01
2.405289680012001341e+01
6.157870026581042566e+01
7.310277068683436852e+00
2.989469511695097026e+01
4.368704960214135902e+00
7.960390674660143873e+01
7.485546920876275934e+00
1.417754178846492508e+01
1.367305806891110898e+01
2.245309701137358971e+01
1.104598711492276486e+01
5.194202330163790293e+00
1.192190779833174297e+01
4.484472536936005227e+00
2.150229610477699893e+01
7.985316798290745588e+00
1.408044887476966522e+01
2.890296491493207753e+01
1.919147603032839555e+01
1.088856086021137592e+01
2.984509313793721930e+01
2.488954163303825240e+01
1.649930633192193241e+01
1.261052020148764186e+01
3.660944542327552398e+01
1.540276455417055601e+01
2.229379707775357033e+01
3.883099808735870084e+01
3.667889856468190857e+01
2.716126127118876916e-20
5.629807096129079369e+00
2.364463262508158437e+01
1.386847886870448043e+01
