1.381591244566377270e+02
5.548706606607836100e+00
2.880486142849735742e+01
1.236716474526876226e+02
0.000000000000000000e+00
7.413341092105678598e+00
6.826970481245683509e+00
9.381800920196327809e+01
3.687004997239526460e+01
8.104223172483802529e+00
2.154789868616630599e+01
3.623422472982781972e+00
4.312078609557988074e+01
2.429281358145253122e+01
2.982985654258704500e+01
1.305053365668201515e+01
2.085203858212990369e+01
2.615624752952460597e+01
1.520241294247149710e+00
1.209715684070488493e+02
2.560412221798756605e+00
5.843824060199618486e+01
2.131064305715138474e+01
8.366940034277580196e+01
7.230427564136389373e-02
3.214019918598901709e-02
5.673873362631389305e+00
2.396416000903900567e+02
2.149904043340407226e-04
1.277817254647833467e+00
2.643496443970690390e-01
3.644993441245356243e-03
3.197445996207188071e-03
0.000000000000000000e+00
4.518007711373036805e+00
3.155337380088461482e-08
1.167138787865849014e+00
7.103056643181081264e-02
4.514791157352042081e-04
4.066984118370465498e-05
4.677516001040255000e-01
3.558728530505311273e-03
1.897282764170571401e-01
6.121753916693602193e-02
1.895514465906078094e-03
6.377554904509629683e-17
1.384672173230074717e-17
0.000000000000000000e+00
7.464046218738201509e-24
5.672482560161690487e-11
5.426542279903225291e-04
4.722466130356565989e-06
2.541114965963649913e-03
9.955280343105480588e-61
7.130415512764620985e-109
5.610423597131967535e-174
1.305923904300887728e-01
3.556475981142698251e-01
5.097780303096384191e-01
3.205357157056642592e+00
3.298531696207896435e-01
2.210715539625292270e-02
5.450041542649727679e-09
1.653516814133873872e-03
4.850673678483056549e-06
3.766242640640333206e-01
2.464448414431763670e-05
8.060782936014180278e-01
2.993839445895672344e-02
3.547657880551586954e-05
3.085354527805826003e-02
6.140240590830003953e-01
2.205444969543366884e+00
2.906633726119074446e+00
3.491792476051231997e-01
3.369365499872399583e-02
6.230765685211010763e-02
3.509173502885297502e+00
2.326220653835664898e+00
1.102508962405142599e-08
7.892195541954925234e-04
2.092683649412028779e-01
1.057822329432503124e-03
1.778332439784476582e-01
1.268425989721050189e-02
1.927096613315817074e-03
1.981935236655349986e+00
1.658342928720595803e-03
2.161767671338344243e+00
1.357450638757055016e-05
1.262096004499870805e+00
2.686245418014259201e-01
6.443609921843527211e-01
1.399611859462787308e-02
3.727793218254858709e-02
4.571079516738701942e-02
1.624417455072297081e-02
7.786067270171926680e+00
5.965295458567431375e+00
8.116838029375593780e-05
3.535418813431655760e+00
2.974575665413474457e-02
2.102860113599039238e+00
7.655340713357099425e+00
9.893297851692761657e-01
1.281081961119576285e+00
1.339041369256548271e-02
7.139305148923276792e-03
1.399151089324578330e-02
4.346128854716009571e-02
8.282348438230849319e-02
8.444266576259128187e-02
3.377800356884646431e-04
3.983645152814205802e-03
1.036964895863775560e+01
1.080478149675907253e-02
1.304208278453459213e+00
1.854464811232316157e-01
3.535734325441253767e-01
6.001900111521085886e-03
8.808939971826382918e-08
7.552225919670180199e-02
4.079772907967885859e-02
2.126435607040175757e-01
5.902586615617914090e-01
2.677852124519424627e-07
7.422188307663062090e-02
3.221288150942791572e-04
1.189269192742695764e-10
9.847873082744588169e-01
8.538066638924966725e-04
1.943992822511228253e-03
7.538736392343234338e-02
1.886621053684335025e-01
3.791275712055013791e+00
1.531535489542535489e+00
1.810843967692239431e-01
2.271141274118528841e+00
7.246799318354193442e-01
3.155438096722012808e+00
1.122971100862774629e-01
2.448698550816528056e-05
4.287887533128971751e-01
1.145640167349252364e-02
4.513683728668021367e+00
5.288900578497626626e+00
1.604485489129218623e+00
3.649625658973528752e-01
6.575701055437134512e-02
6.226589839207604055e-04
4.618923040919256096e-01
2.692565336896686132e-02
5.921116101804408793e-04
4.831745068213065897e-07
5.736598686889984286e-102
1.312701084399383035e-183
4.660773019145737946e-03
3.541736746044373052e-23
5.831601041562997748e-50
1.496978737801672992e+02
1.858379668101057557e-152
0.000000000000000000e+00
9.624760988372461412e+00
0.000000000000000000e+00
0.000000000000000000e+00
0.000000000000000000e+00
0.000000000000000000e+00
5.457001605241097566e-07
2.030587926017562239e+01
1.353725621493659048e+01
8.596964767161999532e+00
5.735130328288665424e+00
4.245257997943058825e+01
6.008073468663883254e+00
4.877850747837669587e+00
2.859179629180789206e+01
1.156843216567465404e+01
1.298918147883273644e+00
1.014857965775956927e+01
7.841732700632853437e+00
1.390229833912359148e+01
5.508421198664509078e+00
2.711355971150952282e+00
9.094492588827089108e+00
1.414374781297453865e+01
1.729233924816027113e+01
4.882138272706966764e-01
1.666919257814194033e+00
1.029715097019038872e+01
4.133935321331078327e+00
1.106662774505694724e+00
4.891640485321825160e+00
3.114140500899484021e+00
1.421618982252947916e-02
7.378721834023282966e+00
9.392337660686656875e+00
1.335811458155538034e+00
3.947295745006100293e-04
2.859471170148194228e-92
0.000000000000000000e+00
7.646044830933964051e-10
0.000000000000000000e+00
0.000000000000000000e+00
3.620316705102644362e-23
0.000000000000000000e+00
8.061253243003748353e-51
5.269172699286097824e-64
1.536884226074364033e-174
3.809692935893706602e-05
2.874475901962829584e-36
2.079705732158422063e-05
2.317747947305762241e-11
5.123963545111103878e-17
2.410225986914848461e-96
1.142045699125516323e-40
0.000000000000000000e+00
1.767760633505321699e-01
7.790014615730794606e-51
5.741409027850771591e-18
1.183910782580454644e-154
1.877995717820297065e-113
0.000000000000000000e+00
2.133835431891369308e-17
5.008597112099235690e-43
4.440044315283657029e-288
2.086134352064867613e-59
7.675339436720529855e-30
4.498768435469414168e-227
2.313924223906836512e-04
9.699188222558215969e-06
2.448076946609930559e-06
1.191904680677675215e-53
0.000000000000000000e+00
2.524049776768693845e-18
0.000000000000000000e+00
1.904848858538590559e-81
1.065351632542967088e-13
1.129983843391275692e-197
3.393016633368365695e-64
0.000000000000000000e+00
0.000000000000000000e+00
3.967151172700573739e-08
1.474651381325913362e-77
0.000000000000000000e+00
7.452001906399050760e-11
1.594124883511557345e+00
9.090206990772117080e-06
1.504537437987775944e-80
0.000000000000000000e+00
3.808461677478687814e-54
0.000000000000000000e+00
7.131291032504261060e-13
4.540994817688630616e-155
1.008821766880854013e-184
7.511726454810471663e-06
3.070294233138916087e-90
3.542622987321822423e-154
5.516244015815028962e-133
1.061206677427192575e-143
1.351423193568837413e-25
0.000000000000000000e+00
1.303917389216215448e-05
6.658533265082807736e-11
3.249776185117356208e-07
8.812566489675877150e-17
6.008057076923974614e-101
4.407170238888862869e-03
1.991856024542272974e-98
7.471989182769775070e-03
1.069364307356962043e-282
0.000000000000000000e+00
0.000000000000000000e+00
1.868390061615695255e-74
3.622123846491166971e-04
5.249574084231571735e-14
4.637329658111500469e-02
2.104136143220371264e-129
0.000000000000000000e+00
9.127056285760887233e-02
0.000000000000000000e+00
4.422346126046087209e-37
0.000000000000000000e+00
2.032892383582905722e-14
9.520355172848592567e-12
9.225464660205524858e-03
0.000000000000000000e+00
0.000000000000000000e+00
6.234686721447275349e-26
2.095876630309897859e-06
9.096799996312755385e-67
4.295253448486871172e-10
2.835908948104061228e-71
1.831092294427048936e-222
9.868676295023623951e-15
1.411020435223913361e-150
2.337159050845823339e-16
6.928701959038900082e-132
2.117672219591537195e-12
2.747611623562322392e-07
2.049417963490600835e-130
9.268551725659281340e-74
2.061170288587358540e-02
1.377646012368352362e-124
1.080450924957882673e-52
0.000000000000000000e+00
7.355648671937660701e-49
6.830779102029953889e-38
6.677791306222568558e-198
8.342391026317459589e-52
1.695142848325814100e+01
0.000000000000000000e+00
6.790373098861664403e+01
6.010400288125353541e+00
1.553938369383334930e+02
1.922944948175782883e-06
0.000000000000000000e+00
0.000000000000000000e+00
0.000000000000000000e+00
2.802401314576716050e-100
0.000000000000000000e+00
3.508578426274635831e+01
1.259783250732378512e+01
1.503297663378639726e+01
1.792990438745931892e+00
9.105543984065711527e+00
1.446477731229811070e+01
3.159467654976227990e+01
0.000000000000000000e+00
0.000000000000000000e+00
1.012695055930503685e+00
8.424647835245695493e-01
5.837393724581515642e+01
0.000000000000000000e+00
2.438373760528190246e+02
4.046650887418836362e+01
1.233858473451482318e+01
1.407227124400043827e+01
3.673633877993864427e+00
2.052603371842206315e+01
4.386234007962415582e+00
7.894114527950907068e+00
2.722767305051455811e+00
1.707310420817578667e+00
0.000000000000000000e+00
0.000000000000000000e+00
0.000000000000000000e+00
2.083175633755816136e+01
0.000000000000000000e+00
1.660717389402973154e+01
9.015445209749105970e+01
0.000000000000000000e+00
0.000000000000000000e+00
0.000000000000000000e+00
2.038537346308023412e+00
6.590405542299330576e-04
1.523549859382246907e-01
8.536556485419826146e+00
1.233851741770393886e+02
4.077475990922458493e+00
9.296614753989481983e+01
1.651592879464655539e+01
8.803089389166720125e+00
5.162304595307727340e+00
3.668619905890077249e+00
7.316610585431104141e+01
1.174614853678012167e+02
2.191509919472997581e+01
2.256702545763854729e-31
1.897128725055602771e+01
1.255723450624630857e+02
5.720992557417836366e+01
2.758545572071304843e-29
5.963073368561609043e-19
0.000000000000000000e+00
6.950542093071879535e+00
3.129056091345509927e+01
6.668850511225844002e+02
0.000000000000000000e+00
1.336457082698951915e+01
8.220599762894414012e-102
4.951100648493293193e+03
1.914160528668021243e+03
1.858148450433716334e+02
3.104049295600600544e+02
3.165708250649159207e-30
0.000000000000000000e+00
3.133274436337519197e-238
4.028277161713367605e+03
2.417565493993372883e+01
1.635817218845570866e-12
6.431827592074004940e+01
1.526394183350335744e-08
2.483306190245768600e-21
0.000000000000000000e+00
2.024272750763274686e+01
1.005796479479161770e-55
1.598021950602915240e+03
7.465773201903020073e+00
6.350385746141948857e+02
7.106834215910507169e+01
6.150455459399045921e+00
8.085686100568910462e+00
0.000000000000000000e+00
1.607688618879050901e+00
5.177032853322400285e+01
1.916672973791907225e+03
2.406117852036338789e+01
3.702672149006133695e-28
0.000000000000000000e+00
0.000000000000000000e+00
1.720216373336101583e+02
0.000000000000000000e+00
4.293492296918146305e-120
3.001062862681334309e+02
1.980774156372126527e+01
1.728932867275030105e+02
3.101171057768750577e-06
1.276324291151302057e-12
1.117812403335411292e-33
5.080532367321883669e+01
3.512395689972104407e+01
2.476470171371822104e+01
1.105719776479933181e+01
2.965430336448689630e+01
1.105753854817000410e-14
1.036753310714207373e+03
1.269843513307382921e+01
5.747081352908729728e-146
3.862909532300576210e+00
1.733637882629895407e-48
2.311909340641751101e+02
3.897286903959126976e-03
0.000000000000000000e+00
1.222052131575208733e+01
3.179317823721949594e+02
1.385695823621796876e+02
4.369380733561030752e+02
1.398564619835858391e-01
5.446867273008192001e+01
1.981225019366066533e+02
1.519897701169648130e+01
6.770966281184890967e+00
1.477713474839740115e+01
2.571516098622982138e+00
4.992171088198574580e+01
8.291453885984026329e+01
9.211739074463315546e+01
3.013847858966488502e+01
7.829708582814096651e+00
1.404971464484221144e+02
7.160212617530142154e+00
2.659650771582401063e+01
1.296302097035275835e+02
6.260610512521752824e+00
1.867549365344446599e+01
6.883147459911289029e-08
7.223010923288252487e-69
9.873961425520687385e+01
6.633131685012688195e+01
2.323118737682763424e+01
6.553424504993344613e+00
4.569801699275338053e-02
5.159166023922608701e+00
6.955178054108380081e+01
4.671266166435108147e+01
4.646126068671151188e+00
4.430184448139375952e+00
2.696278166797823598e-41
1.341416589328823905e+00
2.306666482198737071e+02
6.582461720921291004e+00
2.543948311893849609e-46
7.745774619180409672e+02
1.467180504052038259e+02
7.342643643921428884e+04
5.771851221210053154e+03
1.695833985030610691e+01
9.097735697124369835e+03
4.218784780552341934e-02
1.610376109920820795e+02
0.000000000000000000e+00
3.626990074249275864e+01
4.156617778409708031e+00
4.575013254282062917e+03
1.055998088120406564e+01
3.379016825588512241e-01
1.608088095509833948e-01
3.304211543214923719e+00
7.933883878050954763e+01
1.929602303599904213e-07
1.882236467218145037e+02
3.291732590473869635e+01
1.535877612100801197e-02
9.766348575578176039e+00
7.788489118781198450e-202
1.516422897016927680e-133
4.602567792384460062e-87
4.448385956592261437e+02
4.404337636245329790e-105
6.555795271479568991e-146
2.317967780898113688e+02
3.782103124117249731e-256
1.717691669997431576e-149
2.049456808477682706e-04
3.002779532818198619e-109
4.489290008605111382e+01
6.623097430497003939e-110
3.749541846871242257e+01
1.303414692439412747e-04
2.104759079113455153e-225
3.567268777932430803e-09
9.563349164890682011e-08
8.746317047402924193e-15
0.000000000000000000e+00
2.179238945850321685e-02
2.558240864368266130e-07
5.269947736218543932e-151
0.000000000000000000e+00
6.384312249613356520e-04
0.000000000000000000e+00
3.748416249460338488e-09
1.722406091470178542e-53
1.074648627647836020e-78
0.000000000000000000e+00
2.864963245632968711e-03
0.000000000000000000e+00
1.152437562008497937e-15
4.577786207559830469e-09
1.001079873268359092e-37
1.336608245485500746e+01
2.367348079796347982e+00
1.615369710988741048e+00
3.358037683475854074e+00
1.246678188692184790e+02
7.587047751141127422e-141
4.748569611418405879e-10
2.222255337703845271e+03
2.816906495683033285e+01
2.852416693919683439e+02
5.592546103834033602e+02
1.942892253348647387e+02
1.845708633287423766e+02
4.519360269361536098e+01
3.496905679906019060e+01
5.106796873983613239e+01
1.790077096179891925e+01
1.437445842073974234e+02
7.664469211695614348e+00
7.700762529717549398e+01
3.796891315586752569e+01
1.013072935040634377e+02
3.130737577404766370e+01
1.147467804851528399e+03
9.946435078177350988e+02
0.000000000000000000e+00
1.316584084788688870e+03
1.434270186515668001e+03
6.050590968668566347e+02
7.097693979179267587e-02
8.571637662488440050e-52
2.271136419874251260e+03
5.344076060475238137e+02
3.073497067204826089e+04
7.507236575427636126e+03
4.268211202656481618e+01
6.008966944545814926e+00
5.907006526662609502e+01
1.992060781767398581e+01
7.017628530465165682e+01
0.000000000000000000e+00
3.961494838422874469e-39
3.862096079008642377e-04
2.334716511632629192e+02
1.130249968948289876e+02
9.465626640771920108e+01
1.499469185410978014e+02
1.311868959687455261e-01
5.273083631010569405e+01
8.751516484318495159e+00
1.038246033259028030e-28
1.010443108896954580e-02
4.858478371374481041e-07
1.861518148607282708e+00
4.400216669119537804e-39
7.485944611736904335e+02
1.237349646326738934e+02
1.227355448811050742e+01
3.029267873079923135e+01
1.533420291960768225e+02
1.419351037893001717e+02
5.477968794048345025e+00
4.445936586337126073e+01
7.785956020549509731e+02
4.688195807410028237e+02
6.362931095666693226e-18
1.845689000034625238e+01
6.680619780389515938e+01
1.188008646138463220e+01
2.241820123737973631e+02
2.941714110100979163e-01
5.264095993076529893e-109
9.875008207594485150e-11
6.044387334131841295e-15
3.102784133988270696e+03
3.456894574911870212e-96
2.791993151986475047e-02
1.854720547159458613e-48
6.708424944253993161e+00
3.670368022524175444e+01
7.451398003906037775e+04
4.487181929129808293e-32
8.296416831220053702e-228
1.044261589811246959e+05
0.000000000000000000e+00
0.000000000000000000e+00
0.000000000000000000e+00
1.536593565130860877e-319
0.000000000000000000e+00
0.000000000000000000e+00
0.000000000000000000e+00
0.000000000000000000e+00
0.000000000000000000e+00
7.912921830604819037e-208
9.043456841298591129e-32
0.000000000000000000e+00
4.367612022424358981e-81
0.000000000000000000e+00
0.000000000000000000e+00
1.181408870804006922e-03
0.000000000000000000e+00
1.440829302975059887e-05
1.135610719223925287e+02
8.529911089877617769e+02
0.000000000000000000e+00
0.000000000000000000e+00
0.000000000000000000e+00
1.203405386131693543e-04
0.000000000000000000e+00
0.000000000000000000e+00
2.771111226024578968e+02
0.000000000000000000e+00
1.802669716997398064e+04
3.057289125399826715e-22
2.315526609616374481e+05
7.221760937383716339e+01
2.235037765086777029e+01
1.045451800202679806e+04
1.768273394196901791e+04
2.749522673266788479e+04
1.207394781765822739e-01
1.191159802382220221e+02
2.775348042667002574e+03
1.136156132644401850e+03
1.362789587051051399e+02
7.276201554933903637e+00
8.980504932400822327e+01
1.041825578005062880e+02
6.700672396588300899e+02
1.238529034680795849e+04
3.854318195685459068e+04
1.862031280103647532e+03
1.419660041709489633e+04
3.043466803595231340e+03
2.922348969753773417e+03
1.039887003023655961e+04
2.615373753752617631e+03
1.572679973218513078e+04
9.689949330686777103e+03
5.347031394459401204e-11
3.064719694417582474e+01
1.602106036301258385e+01
1.465791225909306377e+03
2.891565897393524764e+01
1.754801051453835825e+01
3.194000840786360484e+00
2.671631933215836696e+01
3.738595946726456987e+01
4.300432988846410609e+01
7.447219338553664691e+00
1.459318331642198814e+02
9.523187868658223465e+01
3.770299716624141695e+01
1.988760666573140545e+00
1.021205600364458377e+01
2.676758061969708447e-03
4.386835586142835197e+00
2.812845137281619827e+02
1.238157048006091259e+02
1.352782309854800191e+00
1.989013819130870183e-23
5.758404444088744611e+01
1.379323080788255787e-10
0.000000000000000000e+00
1.745349379137754511e+02
7.785694353271018997e+01
1.894807185892605217e-01
2.406702222906782929e+00
0.000000000000000000e+00
2.554551801509954775e-71
0.000000000000000000e+00
0.000000000000000000e+00
3.966556670515842056e-03
0.000000000000000000e+00
0.000000000000000000e+00
0.000000000000000000e+00
0.000000000000000000e+00
0.000000000000000000e+00
0.000000000000000000e+00
0.000000000000000000e+00
0.000000000000000000e+00
0.000000000000000000e+00
0.000000000000000000e+00
0.000000000000000000e+00
0.000000000000000000e+00
1.589626694705758096e-66
6.919033047280665372e+00
0.000000000000000000e+00
0.000000000000000000e+00
4.536559139704760770e-290
0.000000000000000000e+00
4.030780757458090815e-32
9.770907864954997990e+01
0.000000000000000000e+00
4.851047192163954644e-129
4.958797781562460094e-01
1.135077828810820790e+02
1.791016925774263257e-06
3.123812510787938024e+01
1.455764394261748684e+01
2.008757902301155382e-273
1.739870605373504603e-185
2.178127855701618046e+03
1.342124727825593254e+03
2.152598515159773029e+01
8.181183384671454405e+03
5.300245059343893672e+01
1.510047440673265839e+02
3.565063958366597063e+01
2.815595189406189434e+02
8.633319709131909576e+02
2.171239273883372789e+01
3.059609041049136444e-10
1.178294567189237227e+02
4.538956480993999065e+01
6.887682495982776345e+02
6.742576223375996847e+01
1.014788095298953685e+01
2.373880466314613386e+03
9.619136103824198258e+00
7.523518963124647740e+00
7.113154260704785514e+00
2.967284221884375839e+01
1.110776699622151966e+02
3.426133834554886323e-199
1.782362598667025511e+00
0.000000000000000000e+00
0.000000000000000000e+00
0.000000000000000000e+00
6.511927665205920448e+02
0.000000000000000000e+00
7.367261596582606217e+03
2.995717414151601332e+01
0.000000000000000000e+00
4.425210403846919007e+02
8.742511129790291324e-01
7.412850527832918488e+03
3.977705482090528877e-01
2.638405790295846910e-04
7.167106414124453373e+00
3.437938699634777606e+00
2.199182628000616830e+02
4.950686353576546139e+02
2.536004438426466123e+01
2.510778012737890208e+01
5.025478143211533855e+00
4.213508448363311593e-02
2.011884015447232343e+02
1.965419557587280508e+02
0.000000000000000000e+00
1.075073351141839453e+02
1.676680812783679642e+00
1.942342574762947720e+02
1.717556555119169388e+03
3.930120521599040018e+00
4.995241684528661796e-01
1.923434658086299720e+01
2.047906868054803819e+00
1.604197003068978233e+01
3.263942664517367689e+02
1.020540216646398829e-51
4.617383014803935453e+02
3.447870820640352463e+01
0.000000000000000000e+00
0.000000000000000000e+00
0.000000000000000000e+00
0.000000000000000000e+00
0.000000000000000000e+00
0.000000000000000000e+00
1.128411540278762843e-107
0.000000000000000000e+00
0.000000000000000000e+00
5.639362239750360920e-55
0.000000000000000000e+00
0.000000000000000000e+00
0.000000000000000000e+00
0.000000000000000000e+00
0.000000000000000000e+00
0.000000000000000000e+00
0.000000000000000000e+00
0.000000000000000000e+00
0.000000000000000000e+00
7.459329216889719129e-275
0.000000000000000000e+00
0.000000000000000000e+00
0.000000000000000000e+00
0.000000000000000000e+00
0.000000000000000000e+00
0.000000000000000000e+00
0.000000000000000000e+00
0.000000000000000000e+00
0.000000000000000000e+00
0.000000000000000000e+00
0.000000000000000000e+00
0.000000000000000000e+00
0.000000000000000000e+00
0.000000000000000000e+00
0.000000000000000000e+00
0.000000000000000000e+00
0.000000000000000000e+00
0.000000000000000000e+00
0.000000000000000000e+00
0.000000000000000000e+00
0.000000000000000000e+00
0.000000000000000000e+00
0.000000000000000000e+00
0.000000000000000000e+00
0.000000000000000000e+00
0.000000000000000000e+00
0.000000000000000000e+00
0.000000000000000000e+00
0.000000000000000000e+00
0.000000000000000000e+00
0.000000000000000000e+00
0.000000000000000000e+00
0.000000000000000000e+00
0.000000000000000000e+00
0.000000000000000000e+00
0.000000000000000000e+00
0.000000000000000000e+00
0.000000000000000000e+00
1.248346395071142345e-28
2.508056385856778192e+01
1.417864733023820989e+01
2.968497038308875347e+01
0.000000000000000000e+00
0.000000000000000000e+00
0.000000000000000000e+00
0.000000000000000000e+00
0.000000000000000000e+00
0.000000000000000000e+00
0.000000000000000000e+00
1.715178157138247591e-08
0.000000000000000000e+00
0.000000000000000000e+00
0.000000000000000000e+00
0.000000000000000000e+00
0.000000000000000000e+00
0.000000000000000000e+00
0.000000000000000000e+00
0.000000000000000000e+00
0.000000000000000000e+00
0.000000000000000000e+00
0.000000000000000000e+00
0.000000000000000000e+00
0.000000000000000000e+00
0.000000000000000000e+00
0.000000000000000000e+00
0.000000000000000000e+00
0.000000000000000000e+00
0.000000000000000000e+00
0.000000000000000000e+00
0.000000000000000000e+00
0.000000000000000000e+00
0.000000000000000000e+00
0.000000000000000000e+00
0.000000000000000000e+00
0.000000000000000000e+00
0.000000000000000000e+00
0.000000000000000000e+00
0.000000000000000000e+00
0.000000000000000000e+00
0.000000000000000000e+00
0.000000000000000000e+00
0.000000000000000000e+00
0.000000000000000000e+00
0.000000000000000000e+00
0.000000000000000000e+00
0.000000000000000000e+00
0.000000000000000000e+00
6.189728032480043304e-177
0.000000000000000000e+00
0.000000000000000000e+00
0.000000000000000000e+00
0.000000000000000000e+00
0.000000000000000000e+00
0.000000000000000000e+00
0.000000000000000000e+00
0.000000000000000000e+00
0.000000000000000000e+00
7.465939503367984443e-05
0.000000000000000000e+00
0.000000000000000000e+00
0.000000000000000000e+00
6.530449308512143602e+01
3.303207178367302532e+01
7.615723538200160903e+00
1.232447166447947851e+01
1.126631481723399730e+01
2.110927344515578952e+01
1.324567889611502025e+01
1.756388237271854891e+01
9.918315319570565691e+01
2.188700294625288336e+02
2.585878115738343721e-43
1.733566538495304599e+01
1.479004347786765834e+02
1.220159000395505985e-205
0.000000000000000000e+00
6.487318237095690903e-07
2.743796350563918171e-104
2.478591738041474310e-128
0.000000000000000000e+00
7.251122321604592003e+01
7.959208604076128722e+03
3.407202470143519690e+01
1.613923626662735273e+02
9.739698423188453136e-02
5.305615134371671502e+02
4.163722324149815785e-05
1.556947358436709976e+02
1.152602032356698747e-34
0.000000000000000000e+00
1.218740374467419392e-128
2.032860188403565799e-32
1.279940382752430494e+01
5.850591001910081559e+02
6.210782835358611464e+01
1.473392194285523260e-01
8.893425699108203162e+02
2.141785805064731463e+01
5.308128411111722178e-01
3.686901253966788516e+01
8.251698408039550570e-01
5.692288582008481868e+00
1.389026952271315849e+03
0.000000000000000000e+00
5.530964358254766289e+00
1.500626332957933471e+02
3.029088041892416072e+01
1.310339527570611153e+02
2.047241848280021713e+03
6.153472453968069544e+01
2.878914428418860325e+02
4.653482043197347906e+01
3.254592689217958030e-08
0.000000000000000000e+00
0.000000000000000000e+00
2.766733464645621276e-25
2.147877405079462211e-195
0.000000000000000000e+00
8.648203549985936656e-01
4.116729276129429724e-50
1.377859910553456189e+02
6.052189643202206197e-78
0.000000000000000000e+00
1.971518080717861308e-07
0.000000000000000000e+00
0.000000000000000000e+00
0.000000000000000000e+00
8.643966003506551488e+01
3.283748829580581862e-276
1.043800396819933906e-173
6.319137135794411551e-124
0.000000000000000000e+00
0.000000000000000000e+00
0.000000000000000000e+00
0.000000000000000000e+00
0.000000000000000000e+00
0.000000000000000000e+00
0.000000000000000000e+00
0.000000000000000000e+00
0.000000000000000000e+00
0.000000000000000000e+00
0.000000000000000000e+00
0.000000000000000000e+00
0.000000000000000000e+00
0.000000000000000000e+00
0.000000000000000000e+00
0.000000000000000000e+00
0.000000000000000000e+00
0.000000000000000000e+00
0.000000000000000000e+00
0.000000000000000000e+00
0.000000000000000000e+00
0.000000000000000000e+00
0.000000000000000000e+00
0.000000000000000000e+00
0.000000000000000000e+00
0.000000000000000000e+00
0.000000000000000000e+00
0.000000000000000000e+00
0.000000000000000000e+00
0.000000000000000000e+00
0.000000000000000000e+00
0.000000000000000000e+00
0.000000000000000000e+00
0.000000000000000000e+00
0.000000000000000000e+00
0.000000000000000000e+00
0.000000000000000000e+00
0.000000000000000000e+00
0.000000000000000000e+00
0.000000000000000000e+00
0.000000000000000000e+00
0.000000000000000000e+00
0.000000000000000000e+00
0.000000000000000000e+00
0.000000000000000000e+00
0.000000000000000000e+00
0.000000000000000000e+00
0.000000000000000000e+00
0.000000000000000000e+00
0.000000000000000000e+00
3.179189499800350812e-238
0.000000000000000000e+00
0.000000000000000000e+00
0.000000000000000000e+00
0.000000000000000000e+00
0.000000000000000000e+00
0.000000000000000000e+00
0.000000000000000000e+00
0.000000000000000000e+00
0.000000000000000000e+00
0.000000000000000000e+00
0.000000000000000000e+00
0.000000000000000000e+00
0.000000000000000000e+00
0.000000000000000000e+00
0.000000000000000000e+00
0.000000000000000000e+00
0.000000000000000000e+00
0.000000000000000000e+00
0.000000000000000000e+00
0.000000000000000000e+00
0.000000000000000000e+00
0.000000000000000000e+00
0.000000000000000000e+00
0.000000000000000000e+00
0.000000000000000000e+00
0.000000000000000000e+00
0.000000000000000000e+00
0.000000000000000000e+00
0.000000000000000000e+00
0.000000000000000000e+00
0.000000000000000000e+00
0.000000000000000000e+00
0.000000000000000000e+00
0.000000000000000000e+00
0.000000000000000000e+00
0.000000000000000000e+00
0.000000000000000000e+00
0.000000000000000000e+00
0.000000000000000000e+00
0.000000000000000000e+00
0.000000000000000000e+00
0.000000000000000000e+00
0.000000000000000000e+00
0.000000000000000000e+00
0.000000000000000000e+00
1.134243253811643193e-13
0.000000000000000000e+00
0.000000000000000000e+00
0.000000000000000000e+00
0.000000000000000000e+00
0.000000000000000000e+00
0.000000000000000000e+00
0.000000000000000000e+00
0.000000000000000000e+00
0.000000000000000000e+00
0.000000000000000000e+00
0.000000000000000000e+00
0.000000000000000000e+00
0.000000000000000000e+00
0.000000000000000000e+00
0.000000000000000000e+00
0.000000000000000000e+00
0.000000000000000000e+00
0.000000000000000000e+00
0.000000000000000000e+00
0.000000000000000000e+00
0.000000000000000000e+00
0.000000000000000000e+00
0.000000000000000000e+00
0.000000000000000000e+00
0.000000000000000000e+00
0.000000000000000000e+00
0.000000000000000000e+00
0.000000000000000000e+00
0.000000000000000000e+00
0.000000000000000000e+00
0.000000000000000000e+00
0.000000000000000000e+00
0.000000000000000000e+00
0.000000000000000000e+00
0.000000000000000000e+00
0.000000000000000000e+00
0.000000000000000000e+00
0.000000000000000000e+00
0.000000000000000000e+00
0.000000000000000000e+00
0.000000000000000000e+00
0.000000000000000000e+00
0.000000000000000000e+00
0.000000000000000000e+00
0.000000000000000000e+00
0.000000000000000000e+00
0.000000000000000000e+00
0.000000000000000000e+00
0.000000000000000000e+00
0.000000000000000000e+00
0.000000000000000000e+00
0.000000000000000000e+00
0.000000000000000000e+00
2.267925861301188375e-120
0.000000000000000000e+00
0.000000000000000000e+00
0.000000000000000000e+00
0.000000000000000000e+00
0.000000000000000000e+00
0.000000000000000000e+00
0.000000000000000000e+00
0.000000000000000000e+00
0.000000000000000000e+00
0.000000000000000000e+00
2.611192657976465341e-282
0.000000000000000000e+00
0.000000000000000000e+00
0.000000000000000000e+00
0.000000000000000000e+00
0.000000000000000000e+00
0.000000000000000000e+00
0.000000000000000000e+00
0.000000000000000000e+00
0.000000000000000000e+00
0.000000000000000000e+00
0.000000000000000000e+00
0.000000000000000000e+00
0.000000000000000000e+00
0.000000000000000000e+00
0.000000000000000000e+00
0.000000000000000000e+00
0.000000000000000000e+00
0.000000000000000000e+00
0.000000000000000000e+00
0.000000000000000000e+00
0.000000000000000000e+00
0.000000000000000000e+00
0.000000000000000000e+00
0.000000000000000000e+00
0.000000000000000000e+00
1.093241570119184561e-15
0.000000000000000000e+00
5.419589825649573050e-06
2.432757206192514663e-53
0.000000000000000000e+00
0.000000000000000000e+00
0.000000000000000000e+00
0.000000000000000000e+00
0.000000000000000000e+00
0.000000000000000000e+00
0.000000000000000000e+00
0.000000000000000000e+00
0.000000000000000000e+00
0.000000000000000000e+00
0.000000000000000000e+00
0.000000000000000000e+00
0.000000000000000000e+00
0.000000000000000000e+00
0.000000000000000000e+00
0.000000000000000000e+00
0.000000000000000000e+00
0.000000000000000000e+00
0.000000000000000000e+00
0.000000000000000000e+00
0.000000000000000000e+00
0.000000000000000000e+00
0.000000000000000000e+00
0.000000000000000000e+00
0.000000000000000000e+00
0.000000000000000000e+00
0.000000000000000000e+00
0.000000000000000000e+00
0.000000000000000000e+00
0.000000000000000000e+00
0.000000000000000000e+00
0.000000000000000000e+00
0.000000000000000000e+00
0.000000000000000000e+00
0.000000000000000000e+00
0.000000000000000000e+00
0.000000000000000000e+00
0.000000000000000000e+00
0.000000000000000000e+00
0.000000000000000000e+00
0.000000000000000000e+00
0.000000000000000000e+00
0.000000000000000000e+00
0.000000000000000000e+00
0.000000000000000000e+00
0.000000000000000000e+00
0.000000000000000000e+00
0.000000000000000000e+00
0.000000000000000000e+00
0.000000000000000000e+00
0.000000000000000000e+00
0.000000000000000000e+00
0.000000000000000000e+00
0.000000000000000000e+00
0.000000000000000000e+00
0.000000000000000000e+00
0.000000000000000000e+00
7.732127357415508416e-320
0.000000000000000000e+00
0.000000000000000000e+00
3.137621292019999331e-62
0.000000000000000000e+00
0.000000000000000000e+00
0.000000000000000000e+00
0.000000000000000000e+00
0.000000000000000000e+00
0.000000000000000000e+00
0.000000000000000000e+00
0.000000000000000000e+00
0.000000000000000000e+00
0.000000000000000000e+00
0.000000000000000000e+00
0.000000000000000000e+00
0.000000000000000000e+00
1.289193751530431427e+03
0.000000000000000000e+00
0.000000000000000000e+00
5.557398326391776053e-158
7.952472545079112365e+01
7.064516514494927151e+02
0.000000000000000000e+00
1.957853852078797274e+02
0.000000000000000000e+00
0.000000000000000000e+00
7.356498445828617122e-22
0.000000000000000000e+00
0.000000000000000000e+00
4.815679904249379160e-03
2.627457648329667791e+03
1.827826908432346329e+02
1.331998243204911319e+02
2.666777053259199874e+02
1.020515975897923369e+02
3.800498301307833026e+04
1.529134864320659290e+03
1.175934469022804237e-29
7.802465330564810131e+01
4.907270159742896709e+01
1.602977116934956925e+01
1.379512939002763616e+00
1.072833274798499730e+02
9.326834254370558597e+01
1.020553434338846799e+01
1.663995952537634437e+01
5.290790463583304870e+01
2.462594108022851103e+01
6.816789929406844806e+01
1.770949461827506610e+01
7.677535744336086054e+01
3.643339511230854555e+01
4.254130579094499467e+02
2.817994583978928436e+00
1.014665188346869940e+01
9.535840692748209335e+01
3.627416137489279180e+01
1.941700315248779063e+01
1.577294876525543732e-01
2.877447077083575877e+01
2.196436862168379989e+01
1.314169791664592601e+01
2.967839494403197520e+01
2.479369038841877071e+01
1.329861993729464054e+01
1.298038158271729614e+01
0.000000000000000000e+00
1.140893907909671690e+01
0.000000000000000000e+00
1.856715812428015644e+00
0.000000000000000000e+00
0.000000000000000000e+00
0.000000000000000000e+00
0.000000000000000000e+00
1.831187231865945364e+02
2.375976325005712156e-41
1.429353837856295399e+02
0.000000000000000000e+00
6.899166424175215298e+02
2.945181597330263301e+01
0.000000000000000000e+00
7.206630952196739770e+01
1.371007530913449727e+03
1.557233997826435612e+01
2.161373492332374724e+01
2.409681731820523254e+01
0.000000000000000000e+00
0.000000000000000000e+00
3.555242605259039124e+02
0.000000000000000000e+00
2.994206322379596585e+01
8.132105774006203092e+01
1.149568326609482028e+03
1.588524720724744157e+03
1.069519973654993464e+03
5.820959886370110326e+02
1.056979057341228781e+03
2.766145691733096896e+02
9.346728980797198005e+01
7.083356738752857495e+01
1.799422720228496928e+02
1.230687568179215674e+01
1.158806252582451464e+02
7.660724590385082244e+00
1.213369669119062110e+03
6.175492517391560909e+01
8.953440639250149502e+01
2.198549198607284723e+02
1.745537706312168439e+03
0.000000000000000000e+00
5.270223363817444806e+02
4.508313910909580881e-07
1.438778096307126191e+02
7.251523732500194228e+02
1.355513188213212095e-01
2.875465404897490274e+01
6.996170328722535032e+02
6.120127939704246955e+02
7.602927807572123129e+02
3.699335194143974377e+02
3.570328827607847089e+00
1.889233183339634365e+02
7.176794749093119208e+01
5.059792928056123884e+01
8.037812740658756292e-15
0.000000000000000000e+00
8.559414416745663345e+01
3.322446806460190146e+03
6.479521564289302660e+01
1.536169856972117616e-06
7.275003691817224194e+01
4.665537303258374777e+02
0.000000000000000000e+00
0.000000000000000000e+00
0.000000000000000000e+00
2.989059982379445552e-33
0.000000000000000000e+00
1.520086198355208467e+02
2.292783028966169923e+01
5.922367830509929263e+02
2.557602524129871970e-05
1.206276049939882427e+02
2.851472801226804421e+01
1.024529363218866109e+02
1.248382714323124247e+02
8.811689335310326499e+01
2.103874174894625924e+02
1.287252214928094190e+03
3.880378599998763016e-10
5.540915958140681141e+01
4.308840333534756724e+02
3.710122621233697515e+01
0.000000000000000000e+00
1.147860047198390854e+00
0.000000000000000000e+00
0.000000000000000000e+00
0.000000000000000000e+00
0.000000000000000000e+00
6.889813784007676745e+00
1.439377495718701709e+02
9.923813734152504274e-20
6.358399049379628565e+01
5.506921950807627026e-36
8.862201545608728442e-04
4.096053623199924942e+01
2.824556251146239032e-278
0.000000000000000000e+00
3.035078670300476761e-151
2.033696530980703301e+02
1.144829301213970211e+03
8.208390686033742156e+01
1.740543884813307614e+02
2.647903018070788903e+02
1.492061593675365430e+02
1.189069582554478075e+03
9.000688699810172011e+01
6.863266371939830606e+02
0.000000000000000000e+00
4.293372257772826404e-40
0.000000000000000000e+00
0.000000000000000000e+00
0.000000000000000000e+00
7.274979903643150614e-01
2.517586862254380109e-01
4.699200398091730904e+02
1.319749318962437883e+02
2.714229716931144139e+03
1.156453172805759095e+02
3.099939417442810208e-01
1.157032244582772940e+01
0.000000000000000000e+00
4.286372065629515760e+01
0.000000000000000000e+00
2.757518102336250649e+02
1.241683878684919140e+00
7.913784436360024165e-04
3.852582802784210685e+02
2.248102300988461593e+03
2.824203773538304176e+02
2.888128484511104034e+03
1.173242178028592875e+01
5.923166853768655074e+02
4.970330180417603974e-42
0.000000000000000000e+00
0.000000000000000000e+00
1.195964635578280327e-185
0.000000000000000000e+00
0.000000000000000000e+00
0.000000000000000000e+00
0.000000000000000000e+00
6.170815340401571397e-43
0.000000000000000000e+00
3.026785279107469445e-64
0.000000000000000000e+00
0.000000000000000000e+00
0.000000000000000000e+00
0.000000000000000000e+00
0.000000000000000000e+00
0.000000000000000000e+00
0.000000000000000000e+00
0.000000000000000000e+00
0.000000000000000000e+00
0.000000000000000000e+00
0.000000000000000000e+00
0.000000000000000000e+00
0.000000000000000000e+00
0.000000000000000000e+00
0.000000000000000000e+00
0.000000000000000000e+00
0.000000000000000000e+00
0.000000000000000000e+00
0.000000000000000000e+00
0.000000000000000000e+00
0.000000000000000000e+00
0.000000000000000000e+00
0.000000000000000000e+00
0.000000000000000000e+00
0.000000000000000000e+00
0.000000000000000000e+00
0.000000000000000000e+00
0.000000000000000000e+00
0.000000000000000000e+00
0.000000000000000000e+00
0.000000000000000000e+00
0.000000000000000000e+00
0.000000000000000000e+00
0.000000000000000000e+00
0.000000000000000000e+00
0.000000000000000000e+00
0.000000000000000000e+00
0.000000000000000000e+00
0.000000000000000000e+00
0.000000000000000000e+00
0.000000000000000000e+00
0.000000000000000000e+00
0.000000000000000000e+00
0.000000000000000000e+00
0.000000000000000000e+00
9.444336882423536063e-06
5.633651734871701819e+02
4.343590477032551078e+00
1.493279295631069559e+01
4.214613146092496311e-06
3.026408814621761589e+00
1.268815501344570507e+01
2.923706973650883056e-01
1.133956157620143248e-12
0.000000000000000000e+00
1.704642675727120471e+00
5.348153985052713999e+00
4.747078943092998493e+00
1.637170502258816107e+00
3.707718896048358410e-07
5.215193508636543811e+02
1.769694393448122627e+00
1.792309775855425178e-10
1.612385127375025151e+00
1.374782007916364845e+00
6.584256763307173799e+01
5.190895432540845213e-03
3.310075800867932116e+01
1.523496422984944310e-01
1.709828528067566253e+02
4.656327835884197519e+00
1.504177783091624860e+02
3.951719503484711282e+01
3.379214080120446511e+02
5.052371645859673777e+01
1.303466370660826215e+03
3.925558802026342420e+01
4.066162521347943652e+02
1.916525898467479616e-01
2.443249780469145662e+03
3.028013267188059996e-148
4.318820061074334262e+02
1.026636089446507043e+02
1.494549862555048207e+02
3.446013407334701242e+03
4.193151695152548797e+01
1.837844365051848072e+01
2.499949322715452382e+01
1.099690900289513138e+03
4.457046806221546262e+02
1.125393201816927258e+00
2.521403178873840289e+01
7.480638944766387510e+01
3.900649127410479311e-01
1.366018318401241081e-05
2.924468900788019710e+02
3.109789818871339382e-06
1.354547190916484567e+01
2.562017648367361122e+00
4.094467848007652400e+00
3.364326174447077022e+01
1.314588272515215817e+00
2.507573934371516700e+01
6.808919902300112881e+03
7.608170737271173511e-05
1.701637739343462297e+00
6.330348959640655266e+02
1.766363697963571319e-23
3.049610203811646159e+01
2.370760895554356580e+02
9.463010353915834116e+01
4.206190571060662364e+01
2.569562941095573549e+01
6.082086694166506646e+01
1.018508605588335642e-01
2.552420506968815950e+00
1.786872336053694443e+00
2.718829409352147675e+00
3.010246133007405511e+00
4.181785142378974029e+00
6.087775513890489951e-06
8.396903481263734800e-62
0.000000000000000000e+00
2.146645016540559587e-07
9.627888457210115547e+00
2.979959342921608823e+02
1.181538292953756120e+00
4.398560507269647957e+01
1.844017781144236201e+00
5.053905617367818763e+02
4.968702271343762789e+01
7.506021329683980525e+01
1.239225364928493747e+02
7.299259267615973840e+03
2.647124310221579435e+02
0.000000000000000000e+00
0.000000000000000000e+00
0.000000000000000000e+00
0.000000000000000000e+00
0.000000000000000000e+00
2.315904704751959256e-289
0.000000000000000000e+00
0.000000000000000000e+00
0.000000000000000000e+00
0.000000000000000000e+00
4.161518442696533412e-03
0.000000000000000000e+00
3.415059632750229694e-43
0.000000000000000000e+00
0.000000000000000000e+00
0.000000000000000000e+00
5.434722104253711986e-323
0.000000000000000000e+00
0.000000000000000000e+00
7.496473655622164476e-39
4.856332680900828924e-01
2.323987172827287395e+00
1.330443750660129965e+01
1.534315535353117654e-01
7.338421899405547677e+00
2.597317215801441392e+01
2.908367371981834282e+01
1.232156318546898748e-49
8.914322998803859477e+00
5.622471345354862393e+01
1.346159944126121673e+02
6.962043814258225716e+00
1.587121340750648812e+01
1.913147250701802804e+01
2.137539129889889331e-05
1.572159703245586580e-147
0.000000000000000000e+00
0.000000000000000000e+00
2.048225338024236919e+02
4.147891185796107050e-01
2.321707155350198263e+03
7.975745510337078770e+01
5.644719732542564998e+03
1.337010493934961960e+04
1.229266468676277555e+03
2.551123668737103344e+03
6.292759931835441123e-58
1.077557106324050332e-75
0.000000000000000000e+00
1.986544406930734143e-08
8.091460886220625098e-36
4.007524380871599901e-01
1.684155730541927767e+02
1.621551523274012696e-01
3.432163897768842276e+02
8.041243607981819744e-22
0.000000000000000000e+00
8.353616577234279816e+01
9.175730378920525066e-228
0.000000000000000000e+00
9.949681126191738847e-40
0.000000000000000000e+00
0.000000000000000000e+00
0.000000000000000000e+00
0.000000000000000000e+00
0.000000000000000000e+00
0.000000000000000000e+00
0.000000000000000000e+00
0.000000000000000000e+00
0.000000000000000000e+00
0.000000000000000000e+00
0.000000000000000000e+00
4.017360840348183153e-190
0.000000000000000000e+00
0.000000000000000000e+00
0.000000000000000000e+00
0.000000000000000000e+00
0.000000000000000000e+00
0.000000000000000000e+00
0.000000000000000000e+00
0.000000000000000000e+00
0.000000000000000000e+00
0.000000000000000000e+00
0.000000000000000000e+00
0.000000000000000000e+00
0.000000000000000000e+00
0.000000000000000000e+00
0.000000000000000000e+00
0.000000000000000000e+00
0.000000000000000000e+00
0.000000000000000000e+00
0.000000000000000000e+00
0.000000000000000000e+00
0.000000000000000000e+00
0.000000000000000000e+00
0.000000000000000000e+00
0.000000000000000000e+00
0.000000000000000000e+00
0.000000000000000000e+00
0.000000000000000000e+00
0.000000000000000000e+00
0.000000000000000000e+00
0.000000000000000000e+00
0.000000000000000000e+00
0.000000000000000000e+00
0.000000000000000000e+00
0.000000000000000000e+00
0.000000000000000000e+00
0.000000000000000000e+00
0.000000000000000000e+00
4.483462810331736250e+02
0.000000000000000000e+00
7.672279446540080188e-13
1.274983964222071949e-33
5.529280562418463774e+01
2.335089593204619973e+01
8.940805768318378455e+01
1.449487460938485116e-98
9.524349536937773203e-04
5.816920822107232687e-05
5.711482612773829715e+01
0.000000000000000000e+00
7.454130817663604525e-01
2.977166336139257782e-08
1.283277843631345263e+02
4.293059824573155936e+00
5.393520580232637828e-08
5.089442616704147056e-83
1.021357156706787919e+02
0.000000000000000000e+00
8.470253127670416761e-120
0.000000000000000000e+00
0.000000000000000000e+00
0.000000000000000000e+00
0.000000000000000000e+00
0.000000000000000000e+00
0.000000000000000000e+00
1.662591330700493990e-67
0.000000000000000000e+00
0.000000000000000000e+00
0.000000000000000000e+00
0.000000000000000000e+00
0.000000000000000000e+00
0.000000000000000000e+00
0.000000000000000000e+00
0.000000000000000000e+00
0.000000000000000000e+00
0.000000000000000000e+00
0.000000000000000000e+00
0.000000000000000000e+00
0.000000000000000000e+00
0.000000000000000000e+00
0.000000000000000000e+00
0.000000000000000000e+00
1.619266895905832008e-03
3.532540683118635449e+00
9.952648700795190706e+00
6.030745000302016412e-32
6.107700283915087172e-27
3.039121236660839736e-122
1.595291489046472045e-10
1.558376591629677677e+00
2.006908479061647390e-05
2.313574323527416558e-05
2.975419515222409508e-02
1.030158213651166648e+02
1.927657040053605941e+00
2.851658430120474389e-66
7.550245167180591363e-196
3.888918583082430587e+02
2.895792028306885868e+02
1.429968183209842474e-02
1.962945090835451802e-03
5.256220233649128160e-01
1.231794183631527417e+01
3.556641863344569288e+01
1.456091667210676621e-01
3.614707950206953768e+01
6.228652438537069713e+01
4.850769800499442397e+01
1.358261788026423744e+02
1.046006873777950432e+03
4.622166358883974908e+02
5.529186969503983917e+00
5.101151693497918416e+00
2.781290981916975511e+02
5.022337634664181039e+00
1.090982987151964920e+02
1.600939518060418010e+01
6.943182483105396159e+02
1.517753814672988710e+01
6.274272400901510949e+00
2.878712065832622358e+01
5.671544169006781999e+01
7.941840444790207698e+01
8.956237557777949609e-01
2.534271140861256981e+02
1.879724531125616238e+01
6.721649937110773863e+03
6.055314065616087760e+00
1.938451725014411053e+01
1.355547253373238503e-01
2.804753268304838798e+02
1.886608981787809114e+01
7.799345208753935310e+01
1.884393518913920786e+02
6.309028706653512018e+02
1.312283314139838453e+01
5.266545836769150668e+00
2.071941065049457848e+03
7.983515836769379348e+01
1.282808169161967271e+02
5.412438797973536708e+01
6.883908394962738623e-08
5.483818686702239376e+00
3.338253103038240632e-01
1.655392228778644608e+02
7.865243004576059604e+01
1.315072389325552535e+02
2.946178052559802154e+02
5.376854481092635529e-01
5.224717706304377463e-57
1.781397393767758501e+02
4.939332969948132016e-46
1.242564956598412891e+03
4.090895409979953268e-01
5.403819835818551383e+02
1.467152377669080909e+00
2.832753477325139556e+03
1.069587536009104696e+02
6.998642664726514795e+01
1.467504299971741766e+01
8.544153651699836871e+01
5.269461928514757432e+01
1.292472296433495416e+01
1.068637119855065620e+01
1.097969808045134954e+01
1.627851535391160724e+03
2.988977896648723487e+01
8.351566811585117378e+00
1.058435343261692196e+01
5.630748659878062057e+01
1.742405837840099423e+02
5.575511264484215523e+00
4.873244606480747976e+00
3.479363190631585390e+00
1.926734962915933735e+01
1.876680024676886305e+01
3.066733514526114135e+01
2.921292354080031295e+00
4.048376990644749540e+00
2.457268818529844623e+01
9.755175173327411642e+01
5.409452091453641920e+00
0.000000000000000000e+00
0.000000000000000000e+00
0.000000000000000000e+00
0.000000000000000000e+00
0.000000000000000000e+00
3.938740142120025212e+01
2.137432488315616652e+01
0.000000000000000000e+00
0.000000000000000000e+00
2.113163048191098232e-141
0.000000000000000000e+00
4.508071034845323984e-90
1.224506460432984021e-204
0.000000000000000000e+00
0.000000000000000000e+00
0.000000000000000000e+00
0.000000000000000000e+00
0.000000000000000000e+00
0.000000000000000000e+00
0.000000000000000000e+00
0.000000000000000000e+00
0.000000000000000000e+00
0.000000000000000000e+00
0.000000000000000000e+00
0.000000000000000000e+00
0.000000000000000000e+00
0.000000000000000000e+00
0.000000000000000000e+00
0.000000000000000000e+00
0.000000000000000000e+00
0.000000000000000000e+00
0.000000000000000000e+00
0.000000000000000000e+00
0.000000000000000000e+00
0.000000000000000000e+00
0.000000000000000000e+00
0.000000000000000000e+00
0.000000000000000000e+00
2.632407629512979512e-193
1.111014601865777533e-51
7.791626327733935931e+00
1.257089808363810309e-05
3.473843638448128246e+01
8.130764818503858349e-01
2.863866219478563389e-13
1.093397026958177066e-09
7.761409382039164222e-12
3.520651308761988840e+00
1.115456303762898838e+00
1.197619603674905551e-33
0.000000000000000000e+00
3.879901213658478554e+01
2.730148317892290672e-23
7.097410221122648011e+01
4.160843928721962470e+02
3.088190311558832989e-06
9.074243796228858017e+00
1.468754192803154446e+01
3.589352934662697336e+00
0.000000000000000000e+00
1.319126188285130752e+01
4.272541247982680375e+02
1.710903691699657381e-11
6.930917315449249827e+02
3.779854914915840541e-26
1.168905586276411697e+02
1.285463156679396945e+02
4.060982579487117619e+02
5.778657062043164316e+00
5.120435179848244189e+01
9.684224398952309798e+01
3.486641662854409418e+01
1.522318882577332033e+02
3.705505595136167329e+01
6.021343989188882233e+02
9.104241749641714954e-01
4.067240857272290649e-26
0.000000000000000000e+00
6.168732086881874422e-312
1.477998491335181797e+01
0.000000000000000000e+00
1.979740527664782041e-26
0.000000000000000000e+00
6.572122741308901669e-53
0.000000000000000000e+00
0.000000000000000000e+00
2.003070660877325523e-69
0.000000000000000000e+00
1.031884391356179087e+01
4.180909362523697616e-23
2.146592362550127291e+03
6.363092779895849162e+03
0.000000000000000000e+00
0.000000000000000000e+00
0.000000000000000000e+00
0.000000000000000000e+00
0.000000000000000000e+00
0.000000000000000000e+00
2.392875334596224437e-22
0.000000000000000000e+00
0.000000000000000000e+00
0.000000000000000000e+00
0.000000000000000000e+00
0.000000000000000000e+00
0.000000000000000000e+00
0.000000000000000000e+00
0.000000000000000000e+00
0.000000000000000000e+00
0.000000000000000000e+00
4.046709094249931578e-45
9.990397119524412517e+01
0.000000000000000000e+00
0.000000000000000000e+00
0.000000000000000000e+00
0.000000000000000000e+00
0.000000000000000000e+00
0.000000000000000000e+00
0.000000000000000000e+00
0.000000000000000000e+00
0.000000000000000000e+00
0.000000000000000000e+00
0.000000000000000000e+00
0.000000000000000000e+00
0.000000000000000000e+00
0.000000000000000000e+00
0.000000000000000000e+00
0.000000000000000000e+00
0.000000000000000000e+00
0.000000000000000000e+00
0.000000000000000000e+00
0.000000000000000000e+00
0.000000000000000000e+00
0.000000000000000000e+00
0.000000000000000000e+00
0.000000000000000000e+00
0.000000000000000000e+00
0.000000000000000000e+00
2.523652957686721834e+02
0.000000000000000000e+00
4.988224569488215417e-176
0.000000000000000000e+00
1.362951834083772102e-80
9.747284997317458025e-138
0.000000000000000000e+00
0.000000000000000000e+00
1.109329313207377741e-245
2.619544397547437984e+04
2.969936474901949623e+03
1.847553052499912951e+02
6.363048732360747639e-01
2.894035747776660727e+00
8.168189178590523625e+01
7.176311417450361887e+02
8.893993235084374760e+01
1.972829756298967840e+00
4.500209858929956619e-01
1.212339758175489237e+02
7.586235276613441769e+00
4.272150396440483000e+00
2.394355449991721585e+01
4.880194348256332582e+00
3.921659710180255831e-03
3.104688849945821616e+01
8.973129939068010819e-01
7.787655166909436957e+03
1.366335461254338952e+03
5.766336875562476507e+02
