# residue i_ratio gamma_2
1.000000000000000000e+00 nan nan
2.000000000000000000e+00 7.785334186653770638e-01 2.524463588003770909e+00
3.000000000000000000e+00 9.192858168451608636e-01 7.921769963786445823e-01
4.000000000000000000e+00 9.465865040690305543e-01 5.104833976461272682e-01
5.000000000000000000e+00 nan nan
6.000000000000000000e+00 9.714725484861520544e-01 2.662783439236719452e-01
7.000000000000000000e+00 9.536538831569111307e-01 4.399526383678052932e-01
8.000000000000000000e+00 8.727476049159331728e-01 1.309051830369646785e+00
9.000000000000000000e+00 5.432923642978306766e-01 7.138212914090546590e+00
1.000000000000000000e+01 8.365003238164527843e-01 1.747479105774890407e+00
1.100000000000000000e+01 8.951262425715080795e-01 1.054430576297126665e+00
1.200000000000000000e+01 8.443045737182317545e-01 1.650218008979149387e+00
1.300000000000000000e+01 nan nan
1.400000000000000000e+01 6.920607827987088623e-01 3.897287885483546876e+00
1.500000000000000000e+01 4.878005443254810336e-01 8.777490921519662592e+00
1.600000000000000000e+01 nan nan
1.700000000000000000e+01 1.761800588715880800e-01 3.144548614004828124e+01
1.800000000000000000e+01 6.162304813674652354e-02 7.032381994560570604e+01
1.900000000000000000e+01 1.757295658398172825e-02 1.360221136073131447e+02
2.000000000000000000e+01 1.945931693787766176e-02 1.300216991870615857e+02
2.100000000000000000e+01 2.600651887819518948e-02 1.135415556682667244e+02
2.200000000000000000e+01 9.902797124704848519e-03 1.715817275181622676e+02
2.300000000000000000e+01 nan nan
2.400000000000000000e+01 nan nan
2.500000000000000000e+01 7.707967272564525234e-03 1.879879630943978839e+02
2.600000000000000000e+01 1.013458825944277969e-01 4.990466850744167004e+01
2.700000000000000000e+01 1.844750692338892328e-01 3.011287324305431312e+01
2.800000000000000000e+01 1.853497783947485600e-01 2.997760973122198180e+01
2.900000000000000000e+01 1.544011061805161678e-01 3.543980615596536410e+01
3.000000000000000000e+01 1.490258853432015751e-01 3.655614183540565421e+01
3.100000000000000000e+01 2.323213551360329976e-01 2.389503281827613890e+01
3.200000000000000000e+01 2.790028207883949452e-01 1.949380929469887391e+01
3.300000000000000000e+01 2.685857141970968698e-01 2.037034934634526451e+01
3.400000000000000000e+01 3.862930584006592505e-01 1.278113390033093921e+01
3.500000000000000000e+01 5.567832286686990040e-01 6.782538908857310034e+00
3.600000000000000000e+01 5.373694722975063121e-01 7.299232829539236356e+00
3.700000000000000000e+01 4.555352642403140973e-01 9.885855241414125416e+00
3.800000000000000000e+01 4.835438843942163611e-01 8.916479958607181899e+00
3.900000000000000000e+01 5.086793783556471382e-01 8.124697084977519523e+00
4.000000000000000000e+01 4.071646935627686315e-01 1.182171304681734014e+01
4.100000000000000000e+01 2.996486905158400882e-01 1.790224529640856233e+01
4.200000000000000000e+01 6.256895013103187519e-01 5.176143564774923433e+00
4.300000000000000000e+01 7.113517590574671701e-01 3.565362883430573504e+00
4.400000000000000000e+01 nan nan
4.500000000000000000e+01 8.775262894587743112e-01 1.253694882853740422e+00
4.600000000000000000e+01 8.608227618102689549e-01 1.449609712449158261e+00
4.700000000000000000e+01 9.599273994828930734e-01 3.781366620060169215e-01
4.800000000000000000e+01 9.788717709174894477e-01 1.958540981605254305e-01
4.900000000000000000e+01 9.758017282731104025e-01 2.249559510233888615e-01
5.000000000000000000e+01 nan nan
5.100000000000000000e+01 9.939023757411604709e-01 5.574336185130567001e-02
5.200000000000000000e+01 nan nan
5.300000000000000000e+01 nan nan
5.400000000000000000e+01 9.973202640317779810e-01 2.442099971078721954e-02
5.500000000000000000e+01 9.958963721077634945e-01 3.744604050372688647e-02
5.600000000000000000e+01 9.939463913448569610e-01 5.533874231515200498e-02
5.700000000000000000e+01 9.908679139995005825e-01 8.371715964574218127e-02
5.800000000000000000e+01 9.870959531190465208e-01 1.187084833717832050e-01
5.900000000000000000e+01 9.850466924004653846e-01 1.378213214596404612e-01
6.000000000000000000e+01 9.863738517094591263e-01 1.254350391232443018e-01
6.100000000000000000e+01 9.918796293592400115e-01 7.437309866165865702e-02
6.200000000000000000e+01 9.934015441163349669e-01 6.034963080528028823e-02
6.300000000000000000e+01 9.963195885642041061e-01 3.357112122132025617e-02
6.400000000000000000e+01 9.977249608100114964e-01 2.072523397474926657e-02
6.500000000000000000e+01 9.984924886622917883e-01 1.372354175942797419e-02
6.600000000000000000e+01 9.985628079602227869e-01 1.308255282856407575e-02
6.700000000000000000e+01 nan nan
6.800000000000000000e+01 9.975628945251617807e-01 2.220492454787045128e-02
6.900000000000000000e+01 9.966656927662750354e-01 3.040446576027269754e-02
7.000000000000000000e+01 9.966378969282976286e-01 3.065870762021775942e-02
7.100000000000000000e+01 9.960647927383237121e-01 3.590364122274523201e-02
7.200000000000000000e+01 nan nan
7.300000000000000000e+01 9.902940691334897183e-01 8.902485388999410720e-02
7.400000000000000000e+01 nan nan
7.500000000000000000e+01 9.572463912898987459e-01 4.044636859433721199e-01
7.600000000000000000e+01 9.662968494449082346e-01 3.161234323516411426e-01
7.700000000000000000e+01 9.588456730697449970e-01 3.887428947141436941e-01
7.800000000000000000e+01 9.351897633653966091e-01 6.262601132918158564e-01
7.900000000000000000e+01 nan nan
8.000000000000000000e+01 9.610505762997930690e-01 3.671470161376790831e-01
8.100000000000000000e+01 9.262586922605824391e-01 7.187961466765913077e-01
8.200000000000000000e+01 7.422731115919702916e-01 3.065418569373642654e+00
8.300000000000000000e+01 6.681534223515567250e-01 4.332097164721245619e+00
8.400000000000000000e+01 6.664989138852844830e-01 4.363206052545629099e+00
8.500000000000000000e+01 nan nan
8.600000000000000000e+01 6.643741673019544214e-01 4.403357022960203260e+00
8.700000000000000000e+01 4.355134970703581354e-01 1.064314210829720331e+01
8.800000000000000000e+01 7.271793899667977623e-01 3.304733053543261523e+00
8.900000000000000000e+01 8.867149248546247753e-01 1.148769557676200925e+00
9.000000000000000000e+01 8.315705356745611843e-01 1.809763583445131774e+00
9.100000000000000000e+01 8.196377524177167473e-01 1.963313510926161687e+00
9.200000000000000000e+01 8.330962830072290437e-01 1.790415921741492999e+00
9.300000000000000000e+01 8.185493613817729219e-01 1.977519040399092320e+00
9.400000000000000000e+01 7.863667204888835638e-01 2.413472755152959781e+00
9.500000000000000000e+01 6.572409963613748962e-01 4.539823999020010881e+00
9.600000000000000000e+01 nan nan
9.700000000000000000e+01 2.623088791180279711e-01 2.092506416236830447e+01
9.800000000000000000e+01 2.443076809067206423e-01 2.263934601492888987e+01
9.900000000000000000e+01 2.723886163680278027e-01 2.004417592664048442e+01
1.000000000000000000e+02 2.423339470726846856e-01 2.283941573436017691e+01
